-0.001519215
 0.018595664
 0.012533458
 0.000127200
 0.008255709
 0.013434490
 0.001679965
 0.004116437
 0.005348299
 0.009630217
 0.009720773
 0.012383546
 0.012653392
 0.002566708
 0.017259594
 0.001473162
 0.017003067
 0.016972576
 0.012284345
 0.007679284
 0.016979038
 0.015044020
 0.002073361
 0.019999915
-0.001630858
 0.011540970
 0.019944151
 0.001951417
 0.000531065
-0.005052826
 0.011836886
 0.011988998
-0.000859079
 0.003852092
 0.014879648
 0.011144343
 0.010339578
 0.010805924
 0.011063824
 0.014461649
 0.002460376
-0.001054548
-0.000088529
 0.010941819
 0.010361474
 0.010828485
 0.012272827
 0.012005460
 0.011019249
 0.010002864
 0.008597499
 0.009405190
 0.010050712
-0.004576092
 0.004383256
 0.011427633
 0.012832139
 0.012712969
 0.012004473
 0.009995171
 0.008725460
 0.007908424
 0.009418337
 0.010980058
 0.011616305
 0.009231343
 0.009310532
 0.006402990
 0.007065948
 0.008040993
 0.008634806
 0.010251553
 0.011445394
 0.013937445
 0.006636322
 0.009521141
 0.006295173
 0.009571095
 0.009402828
 0.009538493
 0.008130393
 0.006567840
 0.007409899
 0.006316270
 0.006190848
 0.007801777
 0.011098503
 0.010953190
 0.011440301
 0.005989319
 0.009405783
 0.007662999
 0.006023710
 0.001895541
 0.004899745
 0.004934341
 0.005268868
 0.005575378
 0.011124534
 0.005421179
 0.009686821
 0.005921393
 0.016387283
 0.015651953
-0.000262633
 0.004331178
 0.005696921
 0.006544224
 0.008944549
 0.010385181
 0.008587376
 0.000873438
 0.006938408
 0.009623601
 0.010729224
 0.016928268
 0.017432588
 0.007349759
 0.008897323
 0.001007589
 0.007769271
 0.009890013
 0.005426253
 0.009628637
 0.007088009
 0.004705602
 0.001365418
 0.011370252
 0.008280325
 0.009248259
 0.009285823
 0.001583344
-0.003527356
 0.003927005
 0.010101421
 0.004934780
 0.003906545
 0.005858372
 0.007371516
 0.008962678
 0.009067547
 0.009558062
 0.009485461
 0.004581288
 0.001556406
-0.001936243
-0.000696514
 0.007897032
 0.008811088
 0.009524578
 0.009606138
 0.005589938
 0.007570081
 0.001228037
 0.009007534
 0.007615736
 0.016336731
 0.001642604
 0.007875977
 0.006240743
-0.000361875
-0.000940513
-0.003251110
 0.004141759
 0.006874993
 0.007656600
 0.011227210
 0.006345203
 0.007971379
 0.005491683
-0.002442450
 0.000910928
 0.003688991
 0.001756218
-0.003230029
 0.003958378
 0.005024901
 0.008388301
 0.008587235
 0.009753374
 0.015157487
 0.002719222
 0.004106071
 0.008659694
 0.008689953
 0.017316514
 0.005177538
-0.000796726
 0.000403216
 0.002513731
 0.001377981
 0.003524549
 0.006038339
 0.007525331
 0.003304260
 0.005155730
 0.004685505
 0.008642980
 0.008224467
 0.008047819
-0.000048554
 0.023737482
 0.006042573
 0.002950543
 0.000536875
-0.002812099
-0.002499250
 0.005421235
 0.004984770
 0.009645226
-0.002690170
 0.003228863
 0.012994112
 0.009182683
 0.003959242
-0.002117396
-0.001560128
-0.000807665
 0.006461775
 0.005719304
 0.007114970
 0.010507180
 0.010845643
 0.017580319
 0.006992134
 0.006178200
-0.000281161
-0.000639518
 0.005836410
 0.005792393
 0.009125577
 0.005514019
 0.004023064
 0.003720957
 0.009289460
 0.008161381
 0.009376929
 0.009847796
 0.002851543
 0.010017581
 0.020359561
 0.007159364
 0.004083488
 0.002352654
 0.011226547
 0.007155705
 0.001895470
 0.005395838
 0.018388905
 0.005894476
 0.001482098
-0.000482178
-0.001299220
 0.007585000
 0.009214137
 0.010331235
 0.010862801
 0.010664918
 0.014181812
 0.016871487
 0.007301048
 0.003470675
 0.008048157
 0.011025280
-0.002679468
-0.000656541
 0.004717709
 0.006018650
 0.005536600
 0.020342068
 0.007378537
 0.007189782
 0.005616294
 0.003508044
 0.002141329
 0.001262587
 0.009030123
 0.006080816
 0.007068465
 0.015139108
 0.012221816
 0.006968542
 0.007092689
 0.005994715
 0.005090187
 0.002753546
-0.000175948
 0.012361485
 0.009853517
 0.010496485
 0.010445801
-0.001907168
 0.005505756
 0.015542924
 0.015296132
 0.003411204
-0.004625237
 0.007002440
 0.005868440
 0.004356090
 0.002719844
 0.003072095
 0.002485845
 0.000526157
 0.000632389
 0.008740436
 0.010390830
 0.011008389
 0.000436929
 0.011628446
-0.005377882
 0.004134941
 0.003732297
 0.009280366
-0.005538709
 0.004187190
 0.004884900
 0.009769211
 0.009534962
 0.010841348
 0.011342503
 0.012206116
-0.000321220
 0.008108341
 0.015723913
 0.003924809
 0.003998076
 0.009053071
 0.007914228
 0.006305030
 0.005805347
 0.002610296
 0.001579149
 0.010100267
 0.012402199
 0.004052957
-0.003892418
 0.020527803
 0.008851395
 0.006447208
 0.001459454
 0.000651615
 0.005922384
 0.008338195
 0.012261942
 0.009240554
 0.002906284
 0.003269108
 0.003933969
 0.011665328
 0.019244648
 0.007499981
 0.006865627
 0.006086745
 0.002353824
 0.002947443
 0.011762220
 0.012528532
 0.008571849
 0.008820942
 0.002911541
 0.009760930
 0.007965267
 0.005962550
 0.004779749
 0.003517538
 0.002888941
 0.002417166
 0.002513734
 0.001601803
 0.010259827
 0.010124756
 0.011317044
 0.004829437
 0.005640425
 0.005658154
 0.002089586
 0.010604200
 0.005724213
-0.003080545
 0.018584061
 0.002172633
 0.005471241
 0.005040394
 0.004078009
 0.003914618
 0.002839498
 0.001877804
 0.009241166
 0.011496927
 0.017990186
 0.006351064
 0.006120046
 0.007698801
 0.006097999
 0.007915508
 0.005557939
 0.001681464
 0.002039318
 0.002650374
 0.009961968
 0.011597132
 0.010419933
 0.012108482
 0.007259443
 0.002398038
 0.009265427
 0.003344140
 0.002736535
 0.002698306
 0.002470116
 0.010168728
 0.010391805
 0.011615712
 0.010927406
 0.019217625
 0.002947900
 0.004820244
 0.001770411
 0.008664095
 0.010386666
 0.008853188
 0.009010013
 0.007810613
-0.003350996
 0.004353633
 0.002826398
 0.004072213
 0.002839024
 0.001555588
 0.002780249
 0.002909126
 0.000433200
 0.009438402
 0.010821096
 0.008930007
 0.009018842
 0.014511572
-0.002973280
 0.014883557
 0.017395535
 0.002793743
 0.001630983
 0.001729216
 0.001020418
 0.001898624
 0.002558485
 0.017802171
 0.009346677
 0.009041654
 0.001104884
 0.008531044
 0.002712629
 0.006272677
 0.003067229
 0.001317295
 0.000117788
 0.001791443
 0.002398837
 0.003748946
 0.010303245
 0.007745576
 0.008792329
 0.008847905
 0.010569238
 0.009674228
 0.002625889
 0.000498981
 0.003466291
-0.000911630
 0.005373831
 0.007362821
-0.003322609
 0.005780948
 0.003522951
 0.002099884
 0.000696875
 0.001393941
 0.000999086
 0.002044612
 0.002074080
 0.005949268
 0.008269432
 0.008152885
 0.003917307
 0.014306548
 0.002343639
 0.000256327
-0.000925303
 0.000643718
-0.001467089
 0.002372552
 0.002250496
 0.004991525
-0.003183604
 0.003225175
-0.000446519
 0.012944411
 0.015507764
 0.003037663
 0.000255433
-0.000140165
 0.002420913
 0.002829274
 0.003315942
 0.005131642
 0.006785959
 0.016249562
-0.000117987
-0.001005482
 0.001605015
 0.001777412
 0.004515586
 0.004841433
 0.006549950
 0.005549695
 0.005757299
 0.015198819
-0.003900465
 0.005409741
 0.006967744
 0.000515319
-0.004228372
-0.001367978
-0.002850006
-0.000710614
 0.003631961
 0.004616537
 0.004521051
 0.004880825
 0.005799350
-0.004180459
-0.000893336
-0.001440454
-0.003167282
-0.001421398
-0.003067803
 0.005000747
 0.005556552
 0.005154221
-0.003715692
 0.011197584
-0.002331239
 0.001010529
 0.004796525
 0.001389291
 0.005581616
 0.008440320
 0.009704190
 0.018312836
 0.007753491
 0.017670515
-0.004125697
-0.004459161
-0.003188468
-0.000245024
 0.004659827
 0.005239904
-0.001670666
 0.013511570
 0.012564344
 0.008516214
 0.017286027
 0.013548652
 0.013922539
 0.010077405
 0.016924540
 0.013883439
 0.011967887
 0.012441034
 0.005149608
 0.017377025
 0.015367363
 0.013368257
 0.011778126
 0.011294915
 0.011376219
 0.011761292
 0.012252999
 0.010375760
 0.006476303
 0.012946804
 0.007450547
 0.016125830
 0.017263798
 0.010108030
 0.010091273
 0.008509271
 0.007402998
 0.005868031
 0.011348307
 0.005311138
 0.008284991
 0.009843860
 0.014010655
 0.008691625
 0.018008028
 0.010958333
 0.010681163
 0.010657663
 0.007759179
 0.011704980
 0.011456922
 0.017600985
 0.005172281
 0.009018934
 0.010509023
 0.003668554
 0.020177071
 0.004987135
 0.007878835
 0.016313624
 0.005913951
 0.007042480
 0.013842363
 0.016342652
 0.017924829
 0.010392349
 0.009624390
 0.008740354
 0.010914217
 0.018423229
 0.019928323
 0.006560229
 0.010811416
 0.008956732
 0.005882022
 0.011522862
 0.003130639
 0.007616258
 0.008056333
 0.009277864
 0.011760947
 0.006036430
 0.008994980
 0.007118397
 0.006426475
 0.005207463
 0.011494683
 0.010975480
 0.009129935
-0.002069194
 0.010451794
 0.006906160
 0.008888624
 0.009501320
 0.017953919
 0.009125304
 0.005918322
 0.011002430
 0.011445900
 0.010871083
 0.009752603
 0.006005251
 0.006597442
 0.009497762
 0.005348160
 0.005954640
 0.004789873
 0.004136969
-0.000044835
 0.005301136
 0.014349171
 0.008365139
 0.008112772
 0.004936659
 0.004490062
 0.003370335
 0.004933845
 0.010848046
 0.003851134
 0.017337489
-0.004514754
 0.009379596
 0.018046717
 0.004023475
 0.003680910
 0.001482346
 0.010304646
 0.008768889
 0.006218953
 0.004594761
 0.004148909
 0.007569067
 0.004501270
 0.015705185
 0.003847341
 0.003651109
 0.008568147
 0.013503337
 0.011902771
 0.009048013
 0.006832282
 0.004729564
-0.004506899
 0.012274496
 0.015899087
 0.007654180
 0.007502342
 0.005811597
 0.004679246
 0.006667804
 0.002255002
 0.002855384
 0.001574912
 0.004123341
 0.008072341
 0.008586671
 0.004739826
 0.001797803
 0.004968895
 0.005918665
 0.008789888
 0.011755412
 0.013239350
 0.018092344
 0.002755597
 0.006995009
 0.015187632
 0.009626489
 0.007528561
 0.007324392
 0.000041214
 0.016718861
 0.010405469
 0.007791537
 0.018168308
 0.016687981
 0.008108343
 0.007792427
 0.005845234
 0.003813388
 0.003278293
 0.006178849
 0.015479909
 0.010403230
 0.016042603
-0.000279469
 0.015597741
 0.004641661
 0.019546002
 0.020124454
-0.000640148
 0.008826228
-0.002187902
 0.009036612
 0.008127918
 0.003422284
 0.003773641
 0.000562494
 0.000236316
 0.006501415
 0.000073248
 0.015000660
 0.019953165
 0.018119387
 0.012855825
-0.001160210
 0.006387766
 0.003195305
 0.003080925
 0.004174627
 0.017321466
-0.001702307
 0.009775591
 0.006901289
 0.005066579
 0.002631184
 0.008367880
 0.006677293
 0.007860407
 0.019062083
 0.005222173
 0.008392040
 0.004269983
 0.001201746
-0.004117411
 0.007135357
 0.013991876
 0.003849976
 0.010152378
 0.009585478
 0.008029380
 0.006626206
 0.005471595
 0.004222175
 0.004792546
 0.001980681
 0.021659449
 0.007901293
 0.003053984
 0.003294376
 0.014700907
 0.008032452
 0.006500490
 0.018251183
 0.015628167
 0.007354650
 0.003689587
 0.002707415
 0.003177945
 0.010495212
 0.010267060
 0.010687430
 0.009536828
 0.005639823
 0.002774759
 0.006614570
 0.014195010
 0.005731824
 0.005476479
 0.008914587
 0.008622766
 0.005044879
 0.008517864
 0.006302740
 0.005452257
 0.002710814
-0.002494276
 0.010694812
 0.016737835
 0.002423482
 0.002815208
 0.009702490
 0.005529154
 0.004707460
 0.010846832
 0.006420832
 0.014801548
 0.005073323
-0.003759592
 0.012492387
 0.003186336
 0.010505844
 0.006626895
 0.010875375
 0.006572543
 0.009143870
 0.012772043
 0.007798984
 0.010861523
 0.015988420
 0.005535883
 0.014978669
 0.011984342
 0.011691579
 0.009554580
 0.007452853
 0.006155065
 0.004865608
 0.007121971
 0.005220396
-0.000936005
 0.003108142
 0.006750258
 0.017702021
 0.010802758
 0.003798093
 0.010294826
 0.004946926
 0.008427595
 0.005880812
 0.004669680
 0.001756899
 0.007698295
-0.000884800
 0.005350043
 0.016910314
 0.011455936
 0.008036830
 0.005907223
 0.006270257
 0.012614807
 0.015809315
 0.013456160
 0.013463325
 0.007378793
 0.014822640
 0.003870601
 0.015859915
-0.002060500
 0.008352204
 0.007853323
 0.006748486
 0.015415652
 0.007109932
 0.013026889
 0.007238959
 0.008823564
 0.016586671
-0.003689062
 0.012432449
 0.006573549
 0.004086426
 0.009358307
 0.007292074
 0.003355942
 0.011821207
 0.011469986
 0.010438273
-0.003026103
 0.009226874
 0.007011940
 0.018859849
 0.008967835
 0.008879053
 0.004217718
 0.007594792
 0.000866690
 0.004237337
 0.005933441
 0.003571313
 0.009336655
 0.010294919
 0.016821881
 0.004836413
 0.015668141
 0.013711507
 0.010360124
 0.005958316
 0.006660091
-0.004247243
-0.004783668
 0.011375386
 0.018827578
 0.008418834
 0.013191164
 0.006252974
-0.005364282
 0.000688542
-0.003476372
 0.010129404
 0.008670099
 0.005244045
 0.006905398
 0.002819541
 0.011013992
 0.012160019
 0.012406097
 0.012643754
 0.012190054
 0.009194504
 0.009335221
 0.012285550
 0.013408183
 0.012576655
 0.010335812
 0.011400594
 0.012200592
 0.000576689
 0.018615058
 0.000336274
 0.004493295
 0.014052096
 0.008627806
 0.008281295
 0.009887127
 0.011406765
 0.009017496
 0.010980748
 0.009702705
-0.000534264
 0.020310364
 0.014393857
 0.008024306
 0.010253984
 0.010175648
 0.010545997
 0.019199219
 0.008345349
 0.018822796
 0.009020994
 0.012634205
 0.014734959
 0.007360491
 0.008709774
 0.018570016
 0.009732069
 0.014470600
 0.010736937
 0.011520179
 0.013603878
 0.015155107
 0.014840666
 0.014439814
 0.007646799
 0.008569397
 0.009736332
 0.013598231
 0.017389095
 0.013393177
 0.014829387
 0.006192107
 0.008767542
 0.000786309
 0.019105927
 0.015035620
 0.001555779
 0.005136683
 0.000437456
 0.010666107
 0.015234979
 0.015164509
 0.008401129
 0.014475687
 0.006883456
 0.007938542
 0.003509383
-0.000929062
 0.017525703
 0.018732925
 0.004146594
 0.000010981
 0.005528373
 0.012999986
 0.005804512
 0.007449826
 0.003041671
-0.001227493
-0.000130886
 0.012950560
 0.008255393
 0.000894412
 0.009203303
 0.003686396
 0.009526796
 0.011481766
 0.014180622
 0.005690814
 0.006499809
 0.007166040
 0.004744460
 0.010233506
 0.007310612
 0.012030581
 0.004378915
 0.009468050
 0.012458444
 0.008793194
 0.005761343
 0.005416347
 0.004596204
 0.016366224
 0.012750378
 0.011240225
 0.005254204
 0.014951427
-0.000408150
 0.007914947
 0.011473551
 0.004287767
 0.004918490
 0.005361847
 0.003988683
 0.005683078
-0.000914832
 0.001135315
 0.002200516
 0.006609340
 0.009020257
 0.004958642
 0.003057354
 0.003700007
 0.004666369
 0.004418933
-0.001078551
 0.000303778
 0.005786127
 0.007285491
 0.003359135
 0.010455726
 0.008993080
 0.011406396
 0.009563853
 0.006436852
 0.009063099
 0.010041834
 0.003889993
 0.004347740
 0.003588200
 0.007518970
 0.023564131
 0.013698858
-0.000513175
 0.010924061
 0.003691904
 0.005470573
 0.004242781
 0.002697738
 0.002829686
 0.010501211
 0.007311097
 0.002104342
 0.018985364
 0.004964890
 0.008702184
 0.010764999
 0.003571237
 0.004480292
-0.000329438
 0.001269260
 0.000004158
 0.001989726
 0.001650150
 0.005560658
 0.005121844
 0.004313799
 0.007443923
-0.001933622
 0.011909340
 0.003627598
 0.000232269
 0.010913038
 0.011000745
-0.002210788
 0.018898848
 0.007395015
 0.005876878
 0.009492468
 0.002403870
 0.004793937
 0.004794205
 0.010748680
 0.000417209
 0.009645639
 0.011354051
 0.008272499
 0.005111143
 0.011057600
 0.004635765
 0.005133034
 0.010976722
 0.008267180
 0.009594372
 0.012558206
 0.009237226
 0.003839313
 0.006597223
 0.005484277
 0.005972706
 0.013073723
 0.017473880
 0.002600625
 0.007540639
 0.018584646
-0.000327100
 0.005412762
 0.007000446
 0.006325831
 0.005459495
 0.003478899
 0.008982908
 0.005820443
 0.010338359
 0.005930652
 0.002294335
 0.002058539
 0.012328858
 0.001330813
 0.001943976
-0.000039553
 0.002370676
 0.011911031
 0.000325252
 0.006274705
 0.006719739
 0.011714804
 0.010291530
 0.014310753
 0.019156031
 0.012799311
 0.014168839
-0.000069271
 0.003593600
 0.001213616
 0.005985990
 0.007029895
 0.007077039
 0.002934099
 0.003233341
 0.004637260
 0.006967885
 0.007677681
 0.008989651
 0.008688731
 0.007684124
 0.011571352
 0.009293873
 0.001645218
 0.000980457
-0.000737959
 0.001831192
 0.006619127
 0.007221279
 0.007631547
 0.005783107
 0.009450361
 0.006759456
 0.008475096
 0.002072150
 0.019507550
-0.001454189
 0.020437760
 0.019180956
-0.001271510
 0.017916189
 0.021444947
 0.023113654
-0.005921590
-0.001125795
 0.019588830
 0.024330355
 0.023070555
-0.002517545
-0.004113425
 0.005299169
 0.013738345
 0.017748909
-0.003148006
 0.010347524
 0.000904697
 0.008766531
 0.015900138
-0.002480844
 0.005513061
 0.007527904
-0.001998395
 0.006672262
-0.004999863
 0.003345343
 0.018222883
 0.006819010
 0.015450601
 0.008479254
 0.002854847
 0.009526061
 0.001269139
-0.002750131
 0.020538325
 0.022195855
 0.023632017
 0.001993676
 0.007362651
 0.003383875
 0.002731532
 0.008119439
 0.017725401
 0.011945743
 0.008398637
 0.002229517
 0.011152138
-0.003658940
 0.013959727
 0.001254393
 0.007645683
 0.019105463
 0.006529551
 0.012696685
 0.008666740
 0.008991416
 0.007052201
 0.011732068
-0.007309716
 0.017667589
 0.009990591
 0.011412474
 0.007906255
 0.003635927
 0.011992102
 0.010836811
 0.000294099
 0.017879433
 0.013928456
 0.021923427
 0.007212926
 0.024483918
 0.010073154
-0.005179440
-0.001679324
-0.001984797
 0.008392489
-0.006727839
 0.018879685
-0.002260782
 0.017498264
 0.013969031
 0.012818630
 0.010596644
 0.011970951
-0.004212512
 0.011477187
-0.006455039
 0.009378652
-0.003535231
 0.003698865
 0.020067937
 0.009802378
 0.008375620
 0.008574193
 0.013654828
 0.005414576
 0.007596523
 0.006252488
 0.007323462
 0.009824420
 0.012834801
 0.011019915
-0.005211318
 0.013663333
 0.010547997
 0.002535856
 0.003531433
 0.006076832
-0.005020617
 0.002371018
 0.018671532
 0.002404312
 0.013702262
 0.003689999
 0.006191420
 0.005491248
 0.006152775
 0.007433156
 0.002261298
-0.002653222
 0.007427284
 0.012133422
 0.011140841
 0.007486355
 0.006391006
 0.010920231
-0.003569079
-0.004530921
 0.006958999
 0.017704925
-0.003437475
-0.000308427
 0.003750176
 0.005428097
 0.006762022
 0.009216686
 0.010044788
 0.007405087
 0.015064905
 0.001747656
-0.005351941
 0.019982840
 0.019811071
 0.019623577
 0.008935070
 0.017341921
-0.001090264
 0.005825284
 0.007110029
 0.008909710
-0.003854504
 0.010440662
 0.009596948
 0.010030235
 0.005781622
 0.010459891
 0.014906939
 0.005072673
 0.005092997
 0.004746199
 0.004385188
 0.005882860
 0.008356789
 0.008273997
 0.007906553
-0.001958614
 0.008539850
 0.019794363
 0.006581909
 0.004971188
 0.007890892
 0.010496338
 0.009207287
 0.006203186
 0.002388666
-0.005012425
 0.006688545
 0.004525119
 0.002929568
 0.006962754
 0.007347222
 0.020517851
 0.003180243
 0.006955792
 0.004544307
 0.000510306
 0.007892139
 0.009944350
 0.008022951
 0.001511472
 0.018457157
 0.008572851
 0.020248055
 0.012634794
 0.004787474
 0.003185767
 0.000488900
 0.007541511
 0.003319802
-0.006383637
 0.007244430
 0.009280046
 0.023681421
 0.023351565
 0.010587329
 0.001707019
 0.007943210
 0.019483341
 0.013903077
 0.006284416
 0.004811126
-0.000695394
-0.001096412
 0.007804607
 0.004663779
 0.004470211
 0.006610730
-0.005166027
 0.001638170
 0.005330623
 0.005979408
 0.007401906
 0.007993536
 0.001587914
 0.004029328
-0.002840138
 0.003847234
 0.007288841
 0.006637085
 0.002038178
-0.004338374
 0.008213586
 0.008016677
 0.004153129
 0.008347072
 0.017730996
 0.020253794
 0.019201416
-0.000236702
-0.000968036
 0.013817701
 0.008651068
 0.001668310
 0.004455922
 0.006627818
 0.008943084
 0.009896000
 0.006342377
 0.016420248
 0.011918214
 0.012535080
 0.014040584
 0.015921336
 0.017254560
 0.014190092
 0.016172232
 0.011968707
 0.010715683
 0.012797876
 0.014568046
 0.017396539
 0.018261939
 0.018014985
 0.008581191
 0.012972152
 0.014237835
 0.015231291
 0.014930303
 0.015791081
 0.016042659
 0.007532679
 0.017311584
 0.009101888
 0.008186689
 0.007540279
 0.010658618
 0.012506426
 0.013392634
 0.014583131
 0.016427849
 0.012749789
 0.002961648
 0.006843910
 0.007088380
 0.014963131
 0.016571968
 0.014968458
 0.006492473
 0.015990995
 0.013312497
 0.014490179
 0.013934287
 0.007536243
 0.018472749
 0.016183317
 0.009333619
 0.007350966
 0.006647371
 0.011358873
 0.012665092
 0.014516213
 0.007135498
 0.013103476
 0.015330227
 0.008520204
 0.011283197
 0.003501950
 0.011275286
 0.010827159
 0.009340997
 0.007436383
 0.006956503
 0.014017726
 0.010765001
 0.011664984
 0.011171659
 0.002373218
 0.002887305
 0.017204189
 0.010983858
 0.005777452
 0.012795269
 0.018489136
 0.007886615
 0.009539779
 0.009754425
 0.008237554
 0.007785086
 0.005720377
 0.004373672
 0.003376640
 0.010569793
 0.009078284
 0.010697427
 0.009483348
 0.016791322
 0.004148914
 0.015217655
 0.002538217
 0.015975198
 0.016355691
 0.007609700
 0.013052592
 0.010477500
 0.008987117
 0.006888062
 0.005744506
 0.001218203
 0.009565481
 0.005846243
 0.007442997
 0.008661566
 0.003616014
 0.006523874
 0.006593626
 0.007538149
-0.002103886
 0.004815445
 0.003455386
 0.015587347
 0.009922909
 0.003900738
 0.017488152
 0.004231620
 0.005146564
 0.009352637
 0.002049914
 0.010900477
 0.001969331
 0.012276092
 0.005576666
 0.002294618
 0.002879067
 0.002955627
 0.004777930
 0.013014712
-0.001666485
 0.006857425
 0.006387388
 0.016245654
 0.000688025
 0.002825050
 0.004982494
-0.002759516
 0.004597046
 0.003403491
 0.003521383
 0.005131295
-0.000333787
-0.002399899
-0.003331599
-0.002812669
 0.016343052
 0.013572483
 0.005308987
 0.010048540
-0.003150128
-0.002929051
-0.002306821
-0.001050193
 0.002201211
 0.003632554
 0.001882536
 0.018313264
 0.008736775
 0.009285482
 0.020805385
 0.005076298
 0.010651087
-0.001828069
-0.001827256
 0.000103619
 0.002239675
 0.004062949
 0.006634844
 0.000430263
-0.000578799
 0.003741579
 0.018119685
-0.000236197
-0.000716669
 0.024608661
 0.014668149
 0.015116669
 0.002695806
 0.018787104
 0.003245598
 0.008369979
 0.017068353
 0.010330536
 0.002162502
 0.007254894
 0.017036823
 0.007577930
 0.006985981
 0.000460716
 0.005874645
 0.006153541
 0.002631172
 0.002760513
 0.008436740
 0.006628059
 0.002074947
 0.013557734
 0.003406729
 0.006848450
 0.000851455
 0.006452500
 0.005456498
 0.007234362
 0.007608441
 0.010304118
 0.017727054
 0.005878563
-0.003270366
 0.002042970
 0.017977357
 0.023628658
 0.008168360
 0.016068255
 0.006113460
 0.002989769
 0.014496922
 0.009040748
 0.017990579
 0.000734910
 0.007081719
 0.016376363
 0.012525867
 0.016285900
 0.003217240
 0.000242232
 0.008719548
 0.014544962
 0.008122747
 0.005443396
 0.004475972
 0.009404830
 0.013642942
 0.008897872
 0.008920446
 0.006938526
 0.008561136
 0.004478091
 0.004541470
 0.016752383
 0.006836208
 0.014392121
 0.011374541
 0.004025291
 0.004813834
 0.002663659
 0.009198379
 0.017006321
 0.002413361
 0.005322638
 0.013843982
 0.014419988
 0.010972127
 0.009034277
 0.016890396
 0.016140644
 0.024628878
 0.012800612
 0.012745989
 0.012303874
 0.011374825
 0.006697452
 0.008052088
 0.009909460
 0.011922540
 0.016507623
 0.015912752
 0.023731019
 0.024130679
 0.012920362
 0.012507880
 0.015502851
 0.009357174
 0.011589859
 0.011128641
 0.007578985
 0.012646421
 0.010134050
 0.010075031
 0.010336720
 0.011941331
 0.013679079
 0.006610605
 0.005482762
 0.013016313
 0.012079999
 0.012123504
 0.008794547
 0.006876887
 0.003933624
 0.008429406
 0.009129491
 0.013474992
 0.010920510
 0.008262917
 0.004335773
 0.004424927
 0.007739310
 0.010756695
 0.013049900
 0.017004871
 0.008612583
 0.009296538
 0.008007716
 0.009582452
 0.008428690
 0.008709886
 0.009742463
 0.008350160
 0.009496508
 0.007049840
 0.002285435
 0.007646022
 0.009055163
 0.011575185
 0.007957885
 0.007385247
 0.004644249
 0.007620588
 0.007932390
 0.006997819
 0.007230228
 0.000871107
 0.000420741
 0.002874878
 0.005991427
 0.009797639
 0.020430534
 0.008077698
 0.011776649
 0.005120727
 0.011095849
 0.004166579
 0.005667228
 0.007684623
 0.008306616
 0.012208203
 0.004495242
 0.004774270
 0.006600139
 0.004960875
 0.001616532
 0.003319284
 0.008492995
 0.009989496
 0.014663904
 0.007637539
 0.001429886
 0.003108097
 0.003132634
 0.002200303
 0.002823642
 0.007410070
 0.007305928
 0.005177334
 0.008957110
 0.003408088
 0.002615458
 0.002803139
 0.002057332
 0.011535356
 0.002112006
 0.000775059
 0.000959643
 0.002575631
 0.002470772
-0.001404272
 0.000160356
 0.007806955
 0.022572522
 0.021084405
 0.000674223
 0.005189870
 0.004219835
 0.001012025
-0.000548026
 0.011078843
 0.000615411
 0.001246140
-0.001022694
 0.003058618
 0.001956397
 0.000255611
 0.009806683
 0.019051906
 0.009372563
 0.016175390
-0.001997606
 0.003452187
 0.003425897
 0.009351706
 0.018672534
 0.012972661
 0.012090387
 0.022009041
 0.011201194
 0.017209602
-0.000416932
-0.001032135
-0.001713574
 0.010628489
 0.005816812
 0.018671962
 0.022204539
 0.022189358
 0.018500583
 0.000811221
-0.002835175
 0.014517967
 0.005651439
 0.006281736
 0.005160287
 0.007348242
 0.007777785
 0.009965440
 0.014502270
 0.007926863
 0.014359887
 0.014525702
 0.012030024
 0.000681507
-0.002786860
-0.002983202
 0.010977394
 0.014612931
 0.014080784
 0.015401235
 0.001078898
-0.003900742
 0.008135456
 0.007612670
 0.007856927
 0.008510341
 0.001896547
 0.020351290
 0.004065195
-0.001277134
-0.002256939
-0.003415376
 0.007952481
 0.008201056
 0.009363083
 0.003314954
 0.006377119
 0.015578665
 0.019374585
 0.016342734
 0.010158169
 0.000189612
-0.001934632
-0.003543506
 0.003660582
 0.006203651
-0.000008777
 0.011572740
 0.020518768
 0.014288119
 0.015905483
-0.002289706
 0.009477977
 0.009597459
 0.010270321
 0.007702532
 0.007558433
 0.020447485
 0.018628407
 0.018182897
 0.003198306
 0.000598907
-0.000076823
-0.002952117
 0.001273445
 0.003002620
 0.011072181
 0.011646456
 0.010426660
 0.008013458
 0.008695053
 0.011232277
 0.010250828
 0.012236930
 0.011257602
 0.006912414
 0.012497449
 0.007966283
 0.016943049
 0.010886984
-0.001529534
 0.010270155
 0.013009562
 0.013401501
 0.012869481
 0.010977729
 0.009360526
 0.007594312
 0.005729478
 0.011535629
 0.009784707
 0.011928601
 0.008289430
 0.009667357
 0.006044006
 0.011526855
-0.001349337
 0.011689293
 0.002946039
 0.010044288
 0.011917412
 0.007182375
 0.005027949
 0.007399201
 0.015384545
 0.007503678
 0.009953047
 0.005702818
 0.005216760
 0.002435575
 0.002247433
 0.001728754
 0.000686837
-0.000669296
 0.007413345
 0.012822767
 0.010175704
 0.006212940
 0.005703267
 0.015758812
 0.010651265
 0.004720944
 0.000843971
 0.013041371
 0.013735111
 0.013428530
 0.011225001
 0.010158229
 0.007976136
 0.012126346
 0.007202442
 0.008534590
 0.007819137
 0.008976950
 0.015535701
 0.005985578
 0.000117993
 0.018825951
 0.014184298
 0.012587949
 0.012067932
 0.011939627
 0.007504262
 0.007769755
 0.007703175
 0.001306864
 0.014090816
 0.013889073
 0.014207720
 0.012210130
 0.011166462
 0.010070161
 0.009058101
 0.007649526
 0.009186166
 0.009797821
 0.010224055
 0.014666450
 0.007514227
 0.006731709
 0.010372233
 0.006190858
 0.005739571
 0.002528016
 0.013673012
 0.013522457
 0.007973632
 0.008588692
 0.004814856
 0.003903982
 0.012021379
 0.011698690
 0.006770825
 0.006984888
 0.010873674
 0.008070126
 0.011070259
 0.015189289
 0.006265226
 0.010704675
 0.015585006
 0.008522492
 0.004328239
 0.002269665
 0.008585890
 0.013567343
 0.013550128
 0.014443650
 0.013816350
 0.013348598
 0.011983118
 0.009334878
 0.010929722
 0.010924920
 0.006475351
 0.011392617
 0.010499030
 0.005472202
 0.017803192
 0.013947537
 0.014049482
 0.010055002
 0.008078022
 0.012677547
 0.015348203
 0.008919537
 0.006868084
 0.002621444
 0.003852029
 0.013161345
 0.013197522
 0.012626606
 0.010683462
 0.007903526
 0.017715070
 0.008399557
 0.012250507
 0.007219073
 0.006587556
 0.002950370
 0.013064835
 0.013490089
 0.014114105
 0.011953382
 0.011867151
 0.009609567
 0.009288219
 0.013033467
 0.009665422
 0.013778350
 0.009476071
 0.007392386
 0.007571831
 0.007950078
 0.007755475
 0.005847332
 0.009585864
 0.009645345
 0.013215405
 0.003024642
 0.002457571
 0.010706054
 0.006954866
 0.010022807
 0.019119865
 0.009489101
 0.002418711
 0.018331351
 0.008432280
 0.007412641
 0.004778459
 0.004997435
 0.017001093
 0.016793983
 0.003410385
 0.004798562
 0.008524438
 0.010687588
 0.006651108
 0.003725176
 0.009337050
 0.002406061
 0.016546755
 0.008715715
 0.002681678
 0.006387727
 0.006980909
 0.003336569
 0.003569440
 0.017388805
 0.005012220
 0.012815667
 0.017407052
 0.003375149
 0.005174268
 0.005010141
 0.008386526
 0.008801048
 0.000467103
 0.001443904
 0.009880249
 0.009041331
 0.019085062
 0.011603962
 0.004704302
-0.000480181
 0.019777932
 0.001502487
 0.000722578
 0.000967127
 0.007283619
 0.003789420
 0.017300682
 0.003249545
 0.001121359
-0.000111569
 0.006860413
 0.000133046
 0.006978812
 0.007402136
 0.004555509
 0.010987206
-0.000341621
 0.004943394
 0.003037438
 0.006014542
 0.002593649
 0.005247663
 0.006466118
 0.003391387
 0.006745056
 0.004332181
 0.013929552
-0.000344397
 0.000210534
 0.006648800
 0.003859495
 0.001668917
 0.006175240
 0.006734834
 0.002531544
 0.008167006
 0.003191936
 0.015383507
 0.001053574
 0.008640311
 0.006752335
 0.006124007
 0.005452177
 0.009177476
 0.006148972
 0.007866317
 0.007171011
 0.001616506
 0.006495842
 0.008724037
 0.009689075
 0.006946042
 0.005116035
 0.010819480
 0.002275342
 0.001782037
 0.002561500
 0.002030740
 0.007241893
 0.000703322
 0.002729199
 0.006727291
 0.009275637
 0.008338407
 0.003363898
 0.004884559
 0.013575658
 0.007404218
 0.004930499
 0.021381523
 0.008570993
 0.005645115
 0.002988455
-0.000267484
 0.008228472
 0.014109910
 0.010569633
 0.004548027
 0.002650988
 0.009406836
 0.007775980
 0.012061331
 0.007849257
 0.002826109
-0.000330287
 0.009645405
 0.008602386
 0.008170844
 0.003252921
 0.005664053
 0.004683455
 0.009608338
 0.006357804
 0.000315412
 0.007547096
 0.006234098
 0.008127135
 0.009140718
 0.010170498
 0.002407443
 0.009130190
 0.009575925
 0.008204690
 0.004729884
 0.009701780
 0.008980488
 0.005521356
 0.006388457
 0.007366954
 0.012540720
 0.002334823
 0.000172361
-0.001283333
 0.005862382
 0.005564154
 0.002642068
 0.003552086
 0.013173637
 0.007034354
 0.007567749
 0.001997559
 0.006535975
 0.004369444
 0.007286367
 0.007072992
 0.007606946
 0.005571887
 0.002951475
 0.003777356
 0.004173089
 0.006819513
 0.006321007
 0.000210455
-0.000118516
 0.006941236
 0.009616452
 0.008667214
 0.001606007
 0.013963563
 0.003905585
 0.003374148
 0.005809430
 0.007098766
-0.000509825
 0.006217569
 0.006498240
 0.003817582
 0.002251614
 0.003707058
 0.005864018
 0.003543875
 0.008341023
 0.003128163
 0.009979553
 0.015020773
 0.007214114
 0.008819558
 0.002014092
 0.001777190
 0.007517872
 0.022063612
 0.014869090
 0.000044385
-0.000467663
 0.009630329
 0.010480330
 0.003428683
 0.008407628
 0.008903033
 0.007075704
 0.014595835
 0.001438763
 0.006086329
 0.008943976
-0.000511599
-0.000805689
 0.006995934
 0.006402764
 0.006739599
 0.007830610
 0.000785816
 0.004148090
 0.007824604
 0.005414323
 0.006477173
 0.002155579
 0.000919154
 0.007973393
 0.001663609
 0.013435719
 0.014842998
 0.012046723
 0.006782485
 0.000899525
-0.000093176
 0.002763703
 0.007206875
 0.009383046
 0.009976607
 0.010153519
 0.008149619
 0.006635759
 0.019145133
 0.003397639
 0.006677036
 0.004525424
-0.000452705
 0.000960389
 0.009394988
 0.008141427
 0.007534493
 0.009486498
 0.000461535
 0.000711740
 0.000272188
-0.000783252
-0.000086836
 0.002254941
 0.006116132
 0.009515212
 0.011946107
 0.011442343
 0.010466164
 0.009802842
 0.008859396
 0.007231676
 0.005288892
 0.010720496
 0.010973289
 0.010074661
 0.009076851
 0.007867572
 0.006063734
 0.010180748
 0.014349257
 0.007309119
 0.017770806
 0.011292016
 0.008597119
 0.007609330
 0.007642361
 0.011256386
 0.009677099
 0.015858627
 0.017455963
 0.017541956
 0.018479259
 0.009334717
 0.011293480
 0.009736363
 0.006625890
 0.009084768
 0.006223476
 0.001925510
 0.015005875
 0.017619283
 0.017746605
 0.010553810
 0.008796581
 0.009056942
 0.005135102
 0.009576670
 0.006552516
-0.000290640
 0.012516264
 0.015938155
 0.010143015
 0.007473734
 0.006142158
 0.004092876
 0.005799641
 0.005464659
 0.006859836
 0.015701137
 0.017170059
 0.009977949
 0.008391707
 0.006705622
 0.009613817
 0.007126320
 0.005996211
 0.005414866
 0.010571008
 0.012255362
 0.014322274
 0.016045471
 0.008236027
 0.016136732
 0.009307307
 0.008778957
 0.005695569
 0.005307922
 0.003551772
 0.003019354
 0.002461052
 0.005904498
 0.003523096
 0.008589484
 0.009987402
 0.012361486
 0.003155954
 0.013327321
 0.012507569
 0.009638264
 0.011528389
 0.007387163
 0.006721368
 0.006766024
 0.008828692
 0.007263762
 0.006880657
 0.006032370
 0.005693778
 0.002063622
 0.002669593
 0.003363388
 0.007886009
 0.018032810
 0.018186600
 0.016438725
 0.008245111
 0.009485786
 0.006724892
 0.013565183
 0.008491035
 0.008433396
 0.008149632
 0.008099319
 0.007280108
 0.006494907
 0.006954079
 0.006460587
 0.004394480
 0.003178223
 0.008405863
 0.006689979
 0.007626792
 0.007546276
 0.006671236
 0.005138313
 0.005934361
 0.007997252
 0.017667907
 0.011997498
 0.006585129
 0.005849301
 0.008005927
 0.007014687
 0.006576063
 0.006249279
 0.003621963
 0.002450909
 0.002379512
 0.004330036
 0.003957611
 0.003013273
 0.004088778
 0.006996435
 0.014749098
 0.013736294
 0.010097318
 0.004025117
 0.007584329
 0.007743628
 0.005179672
 0.004641201
 0.010553224
 0.001359280
 0.011589844
 0.005945720
 0.006024483
 0.007114283
 0.007085481
 0.006679939
 0.006169573
 0.005417252
 0.004647240
 0.004978658
 0.001453959
 0.002120779
 0.003518083
 0.004989995
 0.004455106
 0.009868265
 0.007206871
 0.008989378
 0.007290002
 0.006343400
 0.004735606
 0.005127898
 0.002964383
 0.002507329
-0.000147115
 0.010209889
 0.012682630
 0.006768876
 0.006219595
 0.002805951
 0.001851083
-0.001589502
 0.002201935
 0.006077044
 0.010165134
 0.004165705
 0.004221720
 0.003940895
 0.003430465
 0.002043838
 0.005189040
 0.007960204
-0.000605064
-0.000201886
 0.006104799
 0.011983897
 0.011097858
 0.008734206
 0.005140879
 0.004946323
 0.008874907
 0.005683923
 0.003693897
 0.003382241
 0.004144667
 0.001720928
-0.001735596
 0.004485735
 0.006810136
 0.004339265
 0.003122143
 0.003738783
 0.002083332
 0.002564896
 0.013728825
-0.003045323
-0.001956559
 0.002755438
 0.004233309
-0.003178712
 0.000267074
 0.005528261
 0.001294586
 0.007430234
 0.006603356
 0.003828741
 0.003631785
 0.003587117
 0.003475190
 0.001738624
 0.001252712
 0.001403490
-0.000840045
 0.001925145
 0.003079352
 0.003603055
 0.003940242
 0.008127258
 0.006154835
-0.000173369
 0.009203821
 0.006624451
 0.007502002
 0.003771410
 0.003580299
 0.003487089
 0.002208502
 0.002611050
 0.018158858
-0.003700084
-0.001503820
 0.001120704
 0.003706898
 0.003022139
 0.003121979
 0.003665856
 0.004909153
 0.005323676
 0.008850815
 0.002769672
 0.003291493
 0.004168618
 0.003595177
 0.002591126
 0.002021141
 0.002241814
 0.013441240
 0.006895191
 0.015448387
 0.007161072
 0.011924832
 0.003589796
 0.004853129
 0.005172248
 0.003419517
 0.003841215
 0.004981348
 0.005074912
 0.005414306
 0.004163564
 0.003814037
 0.004147786
 0.002224839
 0.003128457
-0.003593915
-0.002604643
-0.001743081
 0.001346574
 0.003077104
 0.003490288
 0.004820572
 0.006040534
 0.006678029
 0.000558500
 0.019109639
 0.005127971
 0.003002313
 0.004222662
 0.005893336
 0.002362438
-0.003097328
-0.000192262
 0.002704860
 0.002937486
 0.006616471
 0.010842821
 0.007226720
 0.004388470
 0.005821456
 0.007243575
 0.003872154
 0.005908189
 0.004100117
 0.004793328
 0.006654433
 0.004676582
 0.005237848
 0.007927276
 0.007583262
 0.008475214
 0.010456603
 0.006169426
 0.015163476
 0.005451125
 0.005782912
 0.005603321
 0.005630768
-0.000625997
 0.006918929
 0.007245312
 0.009544917
 0.009166539
 0.004898243
 0.015967973
 0.005738556
 0.007772894
 0.006534743
 0.006318145
 0.007436074
 0.006607421
 0.011438119
 0.001171876
 0.001645611
 0.002560705
 0.003168101
 0.004952516
 0.010305964
 0.011646294
 0.006293383
 0.008485250
 0.013416161
 0.005254149
 0.004803620
 0.005938552
 0.007502280
 0.006302285
 0.005746250
 0.005040864
 0.008538707
 0.012287637
 0.004427930
 0.010915111
 0.013326000
 0.001537945
 0.012382139
 0.014849646
 0.005864019
 0.005204079
 0.005667086
 0.007180165
 0.005390462
-0.000839180
 0.008180551
 0.009147978
 0.010846704
 0.000605324
 0.010545845
 0.015125593
 0.001619357
 0.004073559
 0.005142663
 0.007327056
 0.006352912
 0.007700640
 0.002166126
 0.002710937
 0.004405679
 0.006717898
 0.007608441
 0.010423486
 0.011108638
 0.012265634
 0.012312768
 0.003410260
 0.007113855
 0.004895432
 0.007959040
 0.007845050
 0.007121460
 0.007984187
 0.008083395
 0.008835081
 0.007765645
 0.003947507
 0.011574323
-0.000037694
 0.000215686
 0.004467735
 0.007497111
 0.009224505
 0.013443832
 0.019643414
 0.004058985
 0.004149731
 0.003891224
 0.001610207
 0.003303679
 0.008337013
 0.007855547
 0.008518801
 0.008011147
 0.008572575
 0.004143579
 0.004063692
 0.006259314
 0.004849214
 0.006520780
 0.005839607
 0.006216894
 0.007303708
 0.007535198
 0.008605476
 0.009246430
 0.008867849
 0.008164475
 0.015266215
 0.007159561
 0.001195611
 0.003316924
 0.006505326
 0.007430178
 0.008326348
 0.011414587
 0.012530164
 0.006287949
 0.000517270
 0.008483907
 0.009730031
 0.012371328
 0.013047354
 0.013446322
 0.009507302
 0.003169333
 0.013182306
 0.001676954
 0.008128244
 0.005726637
 0.006659320
 0.007342369
 0.008804540
 0.009296887
 0.008418965
 0.009174983
 0.002021022
 0.002447340
 0.002769308
 0.008630263
 0.002497436
 0.006964078
 0.000710212
 0.002891493
 0.014661246
 0.008695034
 0.009192015
 0.009913533
 0.008480704
 0.009074320
-0.000308416
 0.002702684
 0.004244394
 0.006412284
 0.007491401
 0.008107343
 0.009420191
 0.000147030
 0.001721631
 0.004997655
 0.006716607
 0.015063375
 0.009582170
 0.012910706
 0.008633227
 0.002719385
 0.003787469
 0.002668008
 0.004188681
 0.015298921
 0.012721277
 0.015517115
 0.013817780
 0.010518831
 0.009199202
 0.008106834
 0.008732215
 0.010560864
 0.012525839
 0.009299267
 0.014544212
 0.013133278
 0.009327107
 0.008073813
 0.007666900
 0.008615644
 0.009745621
 0.010826040
 0.011601614
 0.012102870
 0.013852846
 0.011611151
 0.010525930
 0.007536254
 0.007031524
 0.007777432
 0.010953174
 0.012579877
 0.014385284
 0.008998277
 0.007627655
 0.009744203
 0.010330879
 0.011285922
 0.012325675
 0.008982323
 0.008714252
 0.010611376
 0.012581593
 0.010138512
 0.007054211
 0.005817235
 0.005930241
 0.006412728
 0.007684645
 0.010313129
 0.013908706
 0.008158694
 0.005678550
 0.005622802
 0.007532348
 0.010469294
 0.014029276
 0.013361535
 0.007206689
 0.004435555
 0.004591597
 0.004650344
 0.006229167
 0.007314886
 0.009645479
 0.010674267
 0.010404480
 0.014015332
 0.012092363
 0.011509294
 0.008296345
 0.006082221
 0.005483775
 0.007415650
 0.009017448
 0.009945968
 0.010155106
 0.014317108
 0.011096503
 0.008871324
 0.003731683
 0.005667636
 0.006307682
 0.006342878
 0.007162261
 0.008500369
 0.008995533
 0.009543509
 0.009807776
 0.009453122
 0.009406293
 0.009703724
 0.011668690
 0.015071019
 0.014520983
 0.011813557
 0.008992905
 0.009340047
 0.009399716
 0.009480043
 0.015592004
 0.015304756
 0.014546695
 0.013725150
 0.011782108
 0.011301312
 0.010946674
 0.007742697
 0.008399014
 0.008319713
 0.008511683
 0.009104252
 0.008952884
 0.009716980
 0.016014686
 0.015640373
 0.013942965
 0.007962186
 0.004382062
 0.006334370
 0.008675361
 0.007634132
 0.008968490
 0.008568850
 0.012607106
 0.016021068
 0.005644120
 0.005167668
 0.004550590
 0.007929749
 0.008044233
 0.007728937
 0.007089190
 0.007287487
 0.009588762
 0.009613088
 0.013259209
 0.012354435
 0.010308384
 0.008628689
 0.004175542
 0.003554297
 0.003535072
 0.005037052
 0.005355998
 0.007130235
 0.006539728
 0.008226404
 0.009212200
 0.010768144
 0.012000036
 0.010695637
 0.009739283
 0.007416298
 0.006359041
 0.003962884
 0.007489622
 0.006832694
 0.007054080
 0.008038372
 0.009471547
 0.012813521
 0.016462454
 0.013554812
 0.011348714
 0.010256492
 0.003360243
 0.004066765
 0.006948477
 0.006581291
 0.006923580
 0.007185683
 0.007039148
 0.007374559
 0.017957988
 0.014955813
 0.011316518
 0.005790007
 0.004842639
 0.003338832
 0.007207834
 0.005643814
 0.007122179
 0.018529818
 0.015945513
 0.010839871
 0.008684939
 0.009113855
 0.006151945
 0.003764640
 0.003001984
 0.006741222
 0.005350011
 0.006304709
 0.009139475
 0.011306472
 0.009238710
 0.010471027
 0.004783210
 0.012847616
 0.009978479
 0.005256059
 0.004580568
 0.003360837
 0.004153016
 0.006292393
 0.005178126
 0.006016829
 0.005185652
 0.018041393
 0.016523036
 0.013359380
 0.010887190
 0.010667833
 0.007891695
 0.002877596
 0.002692735
 0.005456909
 0.006336488
 0.005975830
 0.005694833
 0.005679905
 0.004696650
 0.006862135
 0.005938514
 0.006739873
 0.008569233
 0.018668615
 0.010318813
 0.009157876
 0.008776109
 0.008533459
 0.009265745
 0.008175893
 0.004969330
 0.005925278
 0.005917935
 0.006289396
 0.006691172
 0.006745933
 0.006780853
 0.007534316
 0.010379183
 0.009702986
 0.009068317
 0.007296792
 0.007860486
 0.007902138
 0.002866898
 0.002598382
 0.002975330
 0.003490087
 0.006332533
 0.007037977
 0.006429154
 0.006721121
 0.010736503
 0.017633886
 0.013687456
 0.010617587
 0.010203239
 0.006715348
 0.003939114
 0.002943832
 0.002416028
 0.006952484
 0.008266906
 0.009399214
 0.009916131
 0.012175243
 0.011204229
 0.009950328
 0.006512488
 0.007103588
 0.003337239
 0.002346049
 0.003298258
 0.005232468
 0.008071822
 0.009259829
 0.008564270
 0.003288402
 0.009937192
 0.007592661
 0.005967694
 0.004025710
 0.005897711
 0.009127926
 0.008606472
 0.008024631
 0.010854085
 0.007607983
 0.004817072
 0.014544375
 0.010664137
 0.009205986
 0.009579290
 0.006292526
 0.007315998
 0.007153326
 0.004694181
 0.007888152
 0.009016438
 0.006760787
 0.010057240
 0.010890898
 0.011738195
 0.009221950
 0.004452481
 0.002773558
 0.003058285
 0.003202728
 0.011229868
 0.008348774
 0.007486737
 0.006793873
 0.002204126
 0.001670761
 0.009328274
 0.009121644
 0.009659781
 0.008827236
 0.009592552
 0.005153473
 0.004705155
 0.005693089
 0.006508179
 0.011141038
 0.010889109
 0.005398727
 0.009114449
 0.009906450
 0.002186114
 0.009869778
 0.009454097
 0.010035406
 0.008284474
 0.008174654
 0.006771026
 0.004761799
 0.007781673
 0.009726775
 0.010879178
 0.010919889
 0.004321560
 0.006312221
 0.007989834
 0.005967510
 0.010389550
 0.010540762
 0.010007280
 0.008931577
 0.008621772
 0.007016278
 0.004884280
 0.004391139
 0.005685918
 0.005017995
 0.007951698
 0.008919240
 0.012092007
 0.013840957
 0.013258833
 0.013000779
 0.008628346
 0.004728636
 0.010544681
 0.011535183
 0.011277255
 0.010738488
 0.011121366
 0.010734713
 0.010991687
 0.007386180
 0.007949594
 0.005561149
 0.012188195
 0.006061901
 0.002999557
 0.011410798
 0.006213711
 0.005378664
 0.007798994
 0.008287116
 0.008276334
 0.012472041
 0.014421504
 0.013608114
 0.007939172
 0.003363352
 0.002786515
 0.009681405
 0.002381028
 0.009779823
 0.004681153
 0.011632157
 0.012344507
 0.011529523
 0.006986946
 0.013951544
 0.013485737
 0.014587214
 0.006870924
 0.006322920
 0.003619303
 0.007278754
 0.013819846
 0.013158190
 0.011807766
 0.011724817
 0.011154126
 0.011599864
 0.009370618
 0.009002235
 0.008159303
 0.005858376
 0.007409583
 0.008449262
 0.012357371
 0.014911751
 0.014924088
 0.014779255
 0.002979896
 0.008147699
 0.011597001
 0.012483664
 0.013005090
 0.012441861
 0.012460796
 0.014347223
 0.014750633
 0.015133835
 0.015064416
 0.008317025
 0.011094822
 0.002637012
 0.004948447
 0.008256710
 0.001355501
 0.000054299
 0.014100242
 0.014837865
 0.013299581
 0.012616795
 0.009451480
 0.009058999
 0.008047412
 0.012272813
 0.012637193
 0.014966984
 0.014402044
 0.003297565
 0.002410366
 0.011553143
 0.013098356
 0.007063888
 0.005606934
 0.003642315
-0.001567692
 0.016419915
 0.015174596
 0.014556234
 0.013356346
 0.009482916
 0.008534757
 0.012477607
 0.014137160
 0.014663715
 0.014622563
 0.013971550
 0.010806043
 0.002380333
 0.009716967
 0.004569187
 0.008954368
 0.007588267
 0.005333661
 0.002161360
 0.015473142
 0.013547558
 0.013235015
 0.013860005
 0.014516797
 0.014714825
 0.003465104
 0.007530955
 0.003781309
-0.002635453
 0.015650077
 0.017304533
 0.014451473
 0.014856149
 0.014216158
 0.013710782
 0.014458617
 0.014571474
 0.014181869
 0.002683005
 0.003869314
-0.000787069
 0.014684326
 0.014890653
 0.015166432
 0.014144546
 0.008823060
 0.015322555
 0.005175098
 0.007608366
 0.012338060
 0.010688688
 0.000612304
 0.006753135
 0.004742248
 0.004141471
-0.002851946
 0.017957159
 0.017191182
 0.017269645
 0.017080530
 0.016570935
 0.015538350
 0.013044412
 0.014967174
 0.015840499
 0.014324523
 0.013552417
 0.002389212
 0.003308427
 0.007231981
 0.005833812
 0.006068742
 0.012541051
 0.009264879
 0.008927009
-0.000965615
-0.001317885
 0.018183265
 0.017807051
 0.004827812
 0.003827623
 0.015609452
 0.015635742
 0.015855287
 0.014800708
 0.013615519
-0.000112650
 0.015393425
 0.011425730
 0.011570426
 0.002954830
 0.005552180
 0.016933403
 0.016741410
 0.002917965
 0.017090501
 0.012902343
-0.000048533
 0.008431438
 0.018163258
 0.006108607
 0.004105236
 0.018007386
 0.015158709
 0.000613996
 0.009771429
 0.005285654
 0.001048435
 0.013904614
 0.009850524
 0.009303677
 0.010391260
 0.012200530
 0.002322584
 0.014565183
 0.011370345
 0.009671766
 0.005078560
 0.011982580
 0.008117655
 0.000966203
 0.004884035
 0.010709548
 0.019610469
 0.007981720
 0.003190459
-0.000308051
 0.002365492
 0.018094842
 0.004223091
 0.008734605
 0.006035149
 0.009189461
 0.010224340
-0.000115757
 0.002201561
 0.005735323
 0.004780555
 0.006234319
-0.000505871
 0.012232568
 0.005581131
 0.013974840
 0.015717544
 0.001652538
 0.000207369
 0.000729261
 0.001830002
-0.000439955
-0.000057688
 0.009878031
 0.010265999
 0.014853112
 0.004408165
 0.000705816
 0.011474861
 0.006007582
 0.007748611
 0.003798626
 0.014228474
 0.000116273
 0.007403775
 0.004368904
 0.010168143
 0.003256634
 0.012255171
 0.001736704
 0.001551556
 0.013799697
 0.012282302
 0.006850665
-0.001799882
-0.000215534
-0.000607969
 0.014497324
 0.013698965
 0.001415132
 0.001176418
 0.013782577
 0.013693917
 0.013679392
 0.001326975
 0.001555711
 0.002340568
 0.003259991
 0.002088681
 0.001626287
 0.001659791
 0.001585141
 0.001076694
 0.000058392
 0.000961429
 0.001373680
 0.000171253
-0.000071781
-0.006072280
 0.001921261
 0.000782137
 0.001232432
 0.009862879
 0.008529161
 0.011370653
 0.004074208
 0.004017289
 0.004335162
 0.011016852
 0.011334453
 0.007890554
 0.006730780
 0.006386313
 0.006112463
 0.005375698
 0.005026606
 0.005767902
 0.001669506
 0.001343903
 0.001337839
 0.001290735
 0.001820342
 0.001327654
 0.005510422
 0.003064527
 0.016133411
 0.015749807
-0.000241042
-0.001013575
-0.001021958
 0.005448979
 0.005229157
 0.004445664
 0.006422449
 0.008360530
 0.008422853
 0.008408956
 0.005357799
 0.005380395
 0.005314002
 0.002442865
-0.003499997
 0.007367091
 0.009958071
 0.008023789
 0.000790389
-0.000863092
 0.001142305
 0.008685889
 0.008699016
 0.008703330
 0.007249514
 0.006890102
 0.005632190
-0.000257391
 0.005562501
 0.005103780
 0.005076881
 0.005120483
-0.000578203
-0.000600081
-0.001184487
-0.001987712
-0.003822716
-0.003473000
 0.003665996
 0.003352479
 0.003692318
 0.002954381
 0.006370939
 0.006618298
 0.003105966
 0.000673932
 0.001703406
 0.002746585
 0.003006093
 0.003046193
 0.001771539
 0.001269870
-0.003893663
-0.003888448
-0.003577638
 0.003984018
 0.004654860
 0.007976576
 0.007742524
 0.007967066
 0.008255728
 0.008148053
 0.003891169
 0.004037191
 0.003998119
 0.004076103
 0.004866264
 0.005370790
 0.000584640
 0.001315181
-0.000525152
-0.000786186
 0.005100540
 0.002315390
 0.002515528
 0.003307163
 0.004357179
 0.004909677
-0.000400648
 0.005319196
 0.005468688
 0.002561048
-0.001410837
-0.001649302
 0.006382967
 0.017493722
 0.003333267
 0.003346080
 0.003132169
 0.003924999
 0.002741951
 0.002858934
 0.008649824
 0.010480003
 0.004002297
 0.007448797
 0.008230437
 0.007244880
 0.007709023
 0.007322873
 0.003324816
 0.005871579
 0.005758695
 0.007108495
 0.005999838
 0.005829629
 0.007060433
 0.005924304
 0.008815351
 0.007743699
 0.010036871
 0.003537653
-0.000824553
-0.000278615
-0.006037547
-0.006178507
 0.009254377
 0.001953480
 0.002373180
 0.001264786
 0.001813531
 0.001595586
-0.006078803
-0.006220165
 0.009515058
 0.009229247
 0.000342858
-0.001811730
-0.004249591
 0.003702177
 0.002576817
 0.004121660
 0.007725200
 0.007695343
 0.004043505
 0.003444807
 0.003341085
 0.002643467
 0.002618061
 0.013752140
 0.006918992
 0.006299023
 0.003200674
 0.004370990
 0.004913230
-0.003581439
-0.003113301
-0.003430313
 0.001232794
 0.000390214
-0.000707428
 0.008463798
 0.007048539
 0.008891004
 0.005171333
 0.005808828
 0.003693494
 0.009102776
 0.002092479
 0.000570064
 0.000489988
 0.001488680
 0.000930685
-0.001139542
-0.001144340
 0.002724181
 0.006708216
 0.001460627
 0.001590001
 0.002345999
 0.002216537
 0.005313479
 0.005623060
 0.002111817
 0.001178183
-0.004386591
-0.001623398
 0.002219399
 0.001885057
 0.002390525
 0.002172166
 0.002263258
 0.002247236
 0.003411092
 0.001185340
-0.000521408
-0.000519167
 0.000723090
 0.004454279
 0.006066583
 0.006176813
 0.000661424
 0.000784665
 0.005194071
 0.003293957
-0.004412730
-0.004466452
-0.003900654
-0.004301812
-0.004270080
-0.002267625
 0.004586841
 0.004506878
 0.004718290
 0.004925010
-0.003869671
-0.004207210
-0.003759594
-0.004077981
-0.003486104
-0.003137822
 0.004471831
 0.005027367
 0.005002843
-0.003376065
 0.008116386
 0.008315635
 0.008293395
 0.004991448
-0.000537311
-0.000418371
 0.004099467
 0.007790045
 0.011541444
 0.012489306
 0.011732056
 0.016428927
 0.006095357
 0.006097849
 0.006064852
 0.005992819
 0.009235700
 0.016399217
 0.016556088
 0.007948649
 0.008449424
 0.004472077
 0.004495616
 0.016381827
 0.016511438
 0.008054107
 0.007311202
 0.016658122
 0.017214228
 0.007307236
 0.005722197
 0.005668833
 0.005711498
 0.006101079
 0.008291031
 0.008508762
 0.010250483
 0.010014330
 0.009206696
 0.008832163
 0.004822950
 0.009468631
 0.010285890
 0.007281545
 0.004675078
 0.003504301
 0.003498222
 0.004003421
 0.003671749
 0.003235729
 0.004422703
 0.004174237
 0.004361969
 0.016798365
 0.016594339
 0.004441047
 0.004932398
 0.004047370
 0.002769150
 0.002612640
 0.002684223
 0.004730263
 0.005658138
 0.006081705
 0.002510221
 0.001486138
 0.007654718
 0.006343359
 0.005420892
 0.004694982
 0.002512371
 0.007293763
 0.007288088
 0.007052091
 0.004881633
 0.006156265
 0.005428857
 0.005715311
 0.005542442
 0.004655968
 0.004491810
 0.002532279
 0.002264752
 0.001887453
 0.001009986
 0.006868349
 0.006636116
 0.007358879
 0.003406476
 0.000326607
 0.004660551
 0.004545018
 0.006013058
 0.006669892
 0.017340684
-0.000574873
-0.000381451
 0.016674307
 0.016777249
 0.007637020
 0.016595541
 0.002993094
 0.002892876
 0.002729363
 0.002396863
 0.002836775
 0.006037268
 0.006393692
 0.005903700
 0.005146861
 0.006174154
 0.018031560
 0.017709110
 0.018099865
 0.012363215
 0.012599918
 0.012672923
 0.000284290
-0.000949985
-0.001293876
 0.002583539
 0.002784120
 0.002641264
 0.005000853
 0.004305228
 0.006853348
 0.005325113
 0.005486415
 0.014495264
 0.002341023
 0.002718886
 0.006847147
 0.006664784
 0.001867232
 0.004118677
 0.005771418
 0.005915078
-0.003744749
-0.003772498
-0.003780694
 0.005794603
 0.006473120
 0.011290383
 0.010396645
 0.004916184
 0.014577863
 0.007004918
 0.006861999
 0.003798633
 0.004310634
 0.004821986
-0.001719372
 0.003288310
 0.006743397
 0.006758655
 0.006760923
 0.016900703
 0.003686946
 0.003630542
 0.005648562
 0.016777644
 0.006833762
-0.003597144
 0.006219921
 0.013660497
 0.000398085
 0.001304641
 0.018587877
 0.018881143
 0.018570881
-0.000135740
-0.000060313
-0.000946793
-0.000981254
 0.006219688
 0.006543782
 0.010569252
 0.010125741
 0.014105456
 0.010597953
 0.009198547
 0.008186868
 0.015648015
 0.005832642
 0.006501066
 0.006033985
 0.005862140
-0.000746535
-0.001376790
-0.000768749
 0.000413847
 0.018954024
-0.001177654
-0.000222160
 0.009532471
 0.013797900
 0.006745372
 0.006705839
 0.018942010
 0.018018902
 0.006462211
-0.001346282
-0.001191926
 0.001488339
 0.002266780
 0.008517627
 0.003197597
 0.002991692
 0.003014961
 0.002836597
 0.008513007
 0.007303445
 0.005893572
 0.004641273
 0.006588466
 0.005184422
 0.002580239
 0.004224687
 0.005469219
 0.005682930
 0.007002058
 0.004494919
 0.004598310
 0.010367154
 0.010358879
 0.009790917
 0.010284179
 0.003771662
 0.003974173
-0.001109430
-0.001086415
 0.000655046
 0.000485444
 0.000955152
 0.001740204
 0.002230180
 0.002564122
 0.001663118
 0.002014630
 0.002104896
 0.008923023
 0.009002748
 0.002758084
 0.002867585
 0.002691076
 0.003519892
 0.003397308
 0.003391485
 0.003372363
 0.003495477
 0.002608330
 0.002740902
 0.002717439
 0.000163939
-0.000657348
 0.005742143
 0.005755640
 0.003278394
 0.003140230
 0.002448495
 0.003629497
 0.002736140
 0.005985043
 0.016177316
 0.013831047
 0.012492263
 0.003634566
 0.003605448
 0.003145815
 0.006273058
 0.002173282
 0.002093420
 0.018953494
 0.007502947
 0.005520391
 0.004273641
 0.004448560
 0.005835554
 0.000229402
 0.000353579
 0.003681879
 0.004733633
-0.004542553
-0.001910303
-0.002746223
-0.004505243
 0.006460381
 0.001103904
 0.003438067
 0.001266500
 0.002499862
 0.003499624
 0.003359554
 0.009868055
 0.009451262
 0.006038546
 0.008960173
 0.008281240
 0.009400711
 0.002523120
 0.004198118
-0.000972853
 0.003113484
 0.003680235
 0.000289335
 0.007819001
 0.008597436
-0.000032553
-0.000221166
-0.000724301
 0.014162844
 0.003548332
 0.003198052
 0.003327277
 0.002356142
 0.006756280
 0.005860010
 0.005945372
 0.006042323
 0.008537475
 0.008628286
 0.007983921
 0.019245713
 0.019189844
 0.019142171
 0.018107444
-0.006081371
-0.005015784
 0.002717541
 0.017403694
 0.018262601
 0.007817158
 0.000398588
-0.004553168
 0.002949199
 0.002812601
 0.017258820
 0.006484830
 0.000378527
 0.002466801
 0.002617307
 0.002130142
 0.005708107
 0.005087166
-0.007296426
-0.007394166
 0.016739382
 0.004420935
 0.011341609
 0.017904317
 0.017864012
 0.017800765
 0.017545519
 0.006613820
 0.010089202
-0.006370921
-0.007304436
 0.003693859
 0.003692717
 0.003191212
 0.006606715
 0.007337265
 0.007242239
 0.004144456
 0.005496800
 0.006185284
-0.005200215
 0.002141682
 0.000796972
 0.004443202
 0.001082437
 0.001108031
 0.000616456
 0.010544778
 0.002594006
 0.003707172
 0.005413219
 0.005548900
 0.004294698
 0.002068309
 0.007509849
 0.007081885
 0.006478694
-0.004565424
 0.005530276
 0.002516093
 0.004736021
 0.007286689
 0.001823824
-0.005839629
 0.010164820
 0.005382471
-0.004645721
 0.004876514
 0.005694528
 0.004449831
 0.010866051
 0.012782474
 0.001930532
 0.003190004
 0.003172008
 0.001797980
-0.006849089
 0.003115447
 0.006964779
 0.001864885
 0.000586386
 0.000792430
 0.013484132
 0.002995292
 0.003831605
 0.003699071
 0.005920139
 0.001173173
-0.001268719
-0.001587955
 0.005366173
 0.004975787
 0.008050260
 0.007871532
 0.002393437
 0.004540459
 0.005378048
 0.017238717
 0.017128121
 0.009761754
 0.017788172
 0.007310165
 0.006718873
 0.008970010
 0.008184311
 0.008945015
 0.008611078
 0.009000272
 0.008874501
 0.009062594
 0.006515253
 0.007597366
 0.009957924
 0.006496983
 0.010064998
 0.009918207
 0.011205125
 0.015010505
 0.014477136
 0.013783517
 0.006484952
 0.007583955
 0.007553834
 0.007525423
 0.002176844
 0.007538001
 0.007562629
 0.007609968
 0.003261281
 0.005116733
 0.003017533
 0.007874503
 0.012866373
 0.007120885
 0.007191140
 0.007775277
 0.007238758
 0.007691194
 0.007899067
-0.002601508
 0.006346062
-0.003183682
-0.002846398
-0.003550546
-0.003611498
-0.003554170
-0.003648398
 0.003750672
-0.003501304
-0.003374562
 0.007496796
 0.006584440
 0.002990160
-0.003255683
-0.002662157
-0.000739763
-0.001071349
 0.002181755
 0.002169514
 0.002149646
 0.006605278
 0.006243135
 0.001297924
 0.001959787
-0.000587018
-0.000610149
-0.000663390
 0.004021061
 0.008794452
 0.010070306
 0.010309532
 0.005483984
 0.009502934
 0.009458656
 0.009492390
 0.010847546
 0.012999549
 0.012465474
 0.013940239
 0.013583409
 0.012357457
 0.011731867
 0.013951874
 0.010956269
 0.010216660
 0.007361383
 0.005363974
 0.011242018
 0.012779054
 0.009298597
 0.008793900
 0.008794462
 0.003748734
 0.003021262
 0.008200822
 0.007754612
 0.007904898
 0.007497688
 0.007853547
 0.007557015
 0.007991753
 0.011874512
 0.008681353
 0.008168174
 0.008427443
 0.002151425
 0.006860764
 0.006828560
 0.000942570
 0.000198668
-0.000330096
 0.004440080
 0.010594637
 0.011312492
 0.007687936
 0.007335107
 0.007316912
 0.003460780
 0.003052610
 0.000818564
 0.002329861
 0.007302710
 0.000445251
-0.000422665
 0.015002146
 0.008152732
 0.009377600
-0.000515595
-0.001745792
 0.005609682
 0.007529054
 0.005463559
 0.004865016
 0.014307396
 0.013733807
 0.007920637
 0.014645191
 0.014726644
 0.011286756
 0.010629862
 0.011188258
-0.000713393
 0.000335144
-0.002081284
-0.002685307
-0.002275430
-0.003085360
-0.003376833
-0.004126341
-0.004274252
 0.007208009
 0.006994789
 0.006144533
 0.006379001
 0.005872146
 0.008127553
 0.007918628
 0.007519784
 0.007510887
 0.008551326
 0.006595369
 0.007735426
 0.002389989
-0.001450069
-0.002134721
-0.003538173
-0.003900726
-0.003752368
 0.006654103
 0.006801632
 0.007257090
 0.007429166
 0.003385868
-0.002141936
-0.000183400
 0.015908646
 0.015512443
 0.016151315
 0.015243534
-0.001227095
 0.000404400
-0.000892169
-0.000143761
 0.003126171
 0.003144797
 0.003302512
 0.002815127
 0.003156039
 0.002903295
 0.005680443
 0.008727006
 0.006192376
 0.006317826
 0.007425188
 0.005889693
 0.006870465
 0.005683172
 0.006030053
 0.005668156
 0.009490919
 0.009870169
 0.009006778
 0.005785718
 0.011344751
 0.006745703
 0.005680037
 0.005674847
 0.001713808
 0.001010738
 0.001739620
 0.006892711
 0.006976686
 0.006712361
 0.011086695
 0.006213112
 0.017715010
 0.018324234
 0.007206627
 0.007388411
 0.006953065
 0.009871522
 0.007422904
 0.006523874
 0.005653809
 0.002080194
 0.007009292
 0.007657963
 0.003248345
 0.010912277
 0.006510161
 0.006839289
 0.006663319
 0.010394309
 0.002821453
 0.002947592
 0.003041273
 0.003070733
 0.015317826
 0.005949453
 0.003129977
 0.002778720
 0.003279233
 0.002111018
 0.016437349
 0.004030172
 0.005575982
 0.009587919
 0.006623584
 0.006214181
 0.003005402
 0.017151560
 0.016483907
 0.009362612
 0.007026736
 0.007065554
 0.006907892
 0.002530822
 0.003038066
 0.004587627
 0.004154266
 0.004142271
 0.017091974
 0.004732517
 0.004728833
 0.012954608
 0.014200785
 0.013339356
 0.003854948
 0.005266251
 0.004754665
 0.006549074
-0.000169646
 0.003495182
 0.010427988
 0.002859714
 0.004704294
 0.002469113
 0.002250362
 0.001279795
 0.001349743
 0.001603452
-0.000352652
-0.000493734
 0.006997316
 0.003444460
 0.015807451
 0.003147442
 0.006859405
 0.006849803
 0.006810201
 0.006899158
-0.000539465
 0.002169252
 0.004077572
 0.003982350
 0.006867366
 0.006972348
 0.006805307
 0.005128478
 0.004831877
 0.005522156
 0.006441007
 0.000440590
 0.001302308
 0.000318159
 0.007503279
 0.007019648
 0.006988667
 0.005815861
 0.006288793
 0.007045504
 0.007011329
 0.006983292
 0.010002726
 0.008741368
 0.006946813
 0.010901933
 0.002094148
 0.002048546
 0.006985596
 0.006467255
 0.002858423
 0.003628453
 0.002088539
 0.003573816
 0.004845603
 0.003153107
 0.007895051
 0.008424209
 0.002737565
 0.002602761
 0.003334230
 0.003367340
 0.005422422
 0.005702778
 0.005343621
 0.003421804
 0.008737919
 0.008045659
 0.007803113
 0.004449349
 0.003587558
 0.002011648
 0.002892672
 0.004160301
 0.013963319
 0.006905711
 0.006827947
 0.005721408
 0.001754794
 0.001809667
 0.003209604
 0.007856756
 0.006446608
 0.006416290
 0.006409377
 0.006978846
 0.001998864
 0.005994303
 0.006259117
 0.006206360
 0.014473648
 0.014263788
 0.006461305
 0.019013457
 0.002062332
 0.008178984
 0.007213901
 0.010192965
 0.009368727
 0.006644305
 0.006610210
 0.008692931
 0.009926873
 0.015189887
 0.015911224
 0.009196540
 0.004106699
 0.004303871
 0.002410523
 0.002878200
-0.000386808
-0.000325572
 0.003959916
 0.003324804
 0.004254285
 0.003663619
 0.008491401
 0.006477318
 0.005748673
 0.006225732
 0.005411037
 0.005203012
 0.005015367
 0.007404449
 0.008888810
 0.005440871
 0.005825736
 0.002789841
 0.002187804
 0.002285673
 0.002390323
 0.002068536
 0.004308734
 0.003163206
 0.005087746
 0.002415044
 0.006857681
 0.007038592
 0.006453116
 0.006405566
 0.006496647
 0.002020138
 0.002016322
 0.005870271
 0.016653168
 0.017605698
 0.007200058
 0.007275244
 0.006874216
 0.015844014
 0.016276392
 0.006581595
 0.006851569
 0.002004565
 0.014651252
 0.014646516
 0.007090114
 0.007023148
 0.010344847
 0.010477454
 0.010037953
 0.010221030
 0.010318174
 0.007055093
 0.006884734
 0.006642346
 0.001837996
 0.001571068
 0.003757846
 0.003269178
 0.001509572
 0.001189277
 0.001394975
 0.005610555
 0.005258608
 0.007524248
 0.007943889
 0.002718254
 0.003075342
 0.003395823
 0.003215401
 0.001196265
 0.001206573
 0.003232789
 0.002781634
 0.002636176
 0.001596033
 0.001738615
 0.001565952
 0.001157041
 0.000590793
 0.001050333
 0.000771246
 0.000203946
-0.000586067
 0.002713981
 0.003256023
 0.003235275
 0.003121614
 0.003021245
 0.003316194
 0.003287329
 0.003437779
 0.002400745
 0.001069914
 0.000470619
 0.001437888
 0.000809983
 0.000897277
 0.001375851
 0.001338645
 0.001996021
 0.001564868
 0.001776737
 0.001897062
 0.002175009
 0.003411301
 0.003409231
 0.001879818
-0.004013929
-0.003786846
-0.001785571
-0.001504551
 0.003007280
 0.002315169
 0.002980478
 0.003210247
 0.003405449
 0.003930997
 0.004600228
 0.005238667
 0.005560395
 0.005530883
 0.007160922
 0.003724720
 0.002023389
 0.006716698
 0.015698032
 0.014826413
 0.006149295
 0.003012296
 0.003583629
 0.003649793
 0.003820259
 0.004710828
 0.003884910
 0.004303215
 0.006179825
 0.006040974
 0.007031720
 0.006438233
 0.006773777
 0.007031001
 0.004615617
 0.003582999
 0.004681708
 0.007268906
 0.004949656
 0.005093403
 0.007625042
 0.008275719
 0.005299368
 0.004712057
 0.011866461
 0.010380280
 0.008623661
 0.004788422
 0.004895116
 0.008705690
 0.005191014
 0.005139425
 0.005358575
 0.005776926
 0.009151476
 0.009151558
 0.006451964
 0.004616496
 0.003667595
 0.007341179
 0.008314257
 0.009239084
 0.009214888
 0.001838418
 0.001725983
 0.005831947
 0.006143186
 0.000497482
 0.002589122
 0.000443685
 0.012431682
 0.006746185
 0.008358818
 0.008391190
 0.008862078
 0.014651559
 0.001671465
 0.002640112
 0.001688806
 0.002327167
 0.010855407
 0.011278068
 0.013981867
 0.012100322
 0.011706814
 0.007577855
 0.007458511
 0.013028142
 0.012684153
 0.012757013
 0.007347021
 0.007002370
 0.006856238
 0.006400100
 0.004829546
 0.004216638
 0.004122873
 0.003701848
 0.003676007
 0.003626858
 0.009302147
 0.009255334
 0.009204895
 0.008956061
 0.008945485
 0.015976489
 0.015958103
 0.005549691
 0.005725094
 0.005692949
 0.015833769
 0.008083638
 0.008883313
 0.003378744
 0.003335137
 0.003020201
 0.007820928
 0.007114089
 0.006524762
 0.015088991
 0.014883311
 0.006543143
 0.005814378
 0.004980747
 0.006263921
 0.012352350
 0.002936661
 0.002839894
 0.005621444
 0.005723026
 0.005619116
 0.007913058
 0.006723201
 0.008156020
 0.008586782
 0.008799872
 0.008901061
 0.009982482
 0.009631781
 0.005872026
 0.005160188
 0.005492971
 0.005045499
 0.005455524
 0.005061635
 0.005362811
 0.002682252
 0.002150130
 0.002174992
 0.005879521
 0.005653388
 0.005805731
 0.005523389
 0.005582396
 0.005554047
 0.004738005
 0.004766157
 0.009117627
 0.007512034
 0.007527949
 0.002492085
 0.004701748
 0.005551862
 0.004981078
 0.007148500
 0.002522733
 0.002152254
 0.002390888
 0.002241390
 0.002398448
 0.006196981
 0.006284146
 0.012157235
 0.006908192
 0.002373502
 0.002467689
 0.010961898
 0.010635622
 0.006968610
 0.003738922
 0.002606772
 0.003183810
 0.002207733
 0.002330902
 0.002106939
 0.006445009
 0.007266724
 0.006102758
 0.004758504
 0.003924833
 0.006571994
 0.010602614
 0.010580467
 0.008946631
 0.009034517
 0.009171713
 0.009000499
 0.006281821
 0.006280442
 0.006312856
 0.007292998
 0.007259434
 0.006642055
 0.009936786
 0.002768157
 0.003762904
 0.006629227
 0.001624715
 0.002528270
 0.009244252
 0.009238640
 0.009269143
 0.009258031
 0.007402618
 0.006511777
 0.003300572
 0.008185821
 0.004880198
 0.009239024
 0.010186386
 0.004952675
 0.009320923
 0.004666099
 0.004759676
 0.004330122
 0.010878906
 0.011316868
 0.011861217
 0.006030864
 0.005591546
 0.003419686
 0.005633673
 0.006229932
 0.007793663
 0.003295719
 0.002540363
 0.013386965
 0.014500656
 0.007497471
 0.007689596
 0.010814675
 0.009924133
 0.004547005
 0.002908280
 0.007443345
 0.001638085
 0.001297432
 0.001460073
 0.000437176
-0.000787697
-0.003022461
 0.008299731
 0.012060398
 0.007175180
-0.003024106
 0.017040359
 0.009307263
 0.012325682
 0.012421260
 0.012780375
 0.006541671
 0.006065161
 0.004771351
-0.003094062
 0.017167213
 0.013537227
 0.014096409
-0.000830555
-0.002881749
-0.001738698
 0.014145783
 0.004647213
-0.001288804
 0.017240807
 0.017627727
 0.017793072
-0.001154420
 0.013191001
 0.013357981
 0.015553407
 0.010328119
 0.015135383
 0.015043200
 0.002156831
 0.003501609
 0.017725969
 0.000274752
 0.000211609
 0.000027967
-0.000122064
 0.017810154
 0.001085163
 0.000298162
-0.000100830
 0.005438960
 0.005537393
 0.010015676
 0.008565359
 0.009416685
 0.001496030
 0.014751598
 0.011846002
 0.011193861
 0.008041440
 0.007763395
 0.005805632
 0.000253792
 0.004354536
 0.005734440
 0.005555401
-0.000400754
-0.000181254
 0.004956917
 0.005485278
-0.000682262
 0.014138135
 0.014968922
 0.000234701
-0.000511699
-0.000066749
 0.000152887
 0.014189777
 0.000070872
 0.002075435
-0.002519715
 0.005481707
-0.002519715
 0.002021268
 0.000483079
 0.002037851
-0.001927533
-0.002519715
 0.005863327
 0.005481707
 0.002105572
-0.001927533
 0.005863327
 0.000724903
 0.002037851
 0.003221737
-0.002519715
 0.002021268
 0.005863327
 0.002995084
 0.005481707
 0.000483079
 0.002021268
 0.002995084
 0.000483079
 0.002995084
 0.005481707
 0.002105572
 0.004865668
 0.005099001
 0.002503391
 0.004865668
 0.002503391
 0.003063541
 0.002021268
 0.002995084
 0.005099001
 0.000458957
 0.002503391
 0.006161818
 0.000107356
 0.005738864
-0.001458908
 0.003913385
 0.000107356
 0.003913385
 0.005738864
 0.002582154
-0.001458908
 0.003913385
 0.002582154
 0.003221737
 0.000979381
 0.000107356
 0.005738864
 0.000724903
-0.001392577
 0.003221737
-0.001458908
-0.001049399
 0.000979381
 0.000107356
 0.003063541
-0.001049399
 0.005738864
 0.002582154
-0.001458908
-0.001049399
 0.002582154
-0.001392577
 0.001239180
 0.003063541
 0.006161818
 0.000458957
 0.001239180
 0.006161818
 0.002037851
-0.001927533
 0.002105572
-0.001927533
 0.002210742
 0.000724903
 0.002037851
 0.002210742
-0.004315752
 0.002446727
 0.002210742
 0.002446727
 0.002105572
 0.004865668
 0.001938101
 0.005099001
 0.004865668
 0.001388767
 0.001938101
 0.002446727
 0.003430798
 0.001938101
 0.005099001
 0.000458957
-0.004315752
 0.000979381
 0.000724903
-0.001392577
 0.001388767
-0.004315752
 0.000979381
-0.001392577
 0.001388767
 0.003430798
 0.001239180
 0.003430798
 0.000458957
 0.001239180
