1.49665e-17
1.6662e-17
4.03373e-17
4.73391e-17
1.82854e-17
1.59394e-17
4.78709e-17
5.19081e-17
0.0356806
0.0109665
0.01455
0.0053312
0.0101737
0.00123131
0.00220224
-0.0010217
0.0460088
0.0120803
0.0196296
0.0066608
0.0108434
0.000752245
0.00411742
-0.000327016
0.0120803
0.0134875
0.0066608
0.0036026
0.000752245
0.00070228
-0.000327016
-0.00234772
0.0196296
0.0066608
0.0171668
0.0060354
0.00411742
-0.000327016
0.00427502
-0.000187734
0.0066608
0.0036026
0.0060354
0.00527605
-0.000327016
-0.00234772
-0.000187734
-5.63091e-06
0.0108434
0.000752245
0.00411742
-0.000327016
0.0117324
0.0010116
0.00360103
-0.0012675
0.000752245
0.00070228
-0.000327016
-0.00234772
0.0010116
0.00393725
-0.0012675
-0.00245771
0.00411742
-0.000327016
0.00427502
-0.000187734
0.00360103
-0.0012675
0.00230665
-0.00219322
-0.000327016
-0.00234772
-0.000187734
-5.63091e-06
-0.0012675
-0.00245771
-0.00219322
-0.000807355
0.0109665
0.0347969
0.0053312
0.0181404
0.00123131
0.00824564
-0.0010217
0.00462305
0.0134875
0.0148084
0.0036026
0.00435149
0.00070228
0.00130659
-0.00234772
-0.00153996
0.0148084
0.045709
0.00435149
0.0176299
0.00130659
0.0115115
-0.00153996
0.0018386
0.0036026
0.00435149
0.00527605
0.00570818
-0.00234772
-0.00153996
-5.63091e-06
-0.000473987
0.00435149
0.0176299
0.00570818
0.0187873
-0.00153996
0.0018386
-0.000473987
0.00419182
0.00070228
0.00130659
-0.00234772
-0.00153996
0.00393725
0.00177115
-0.00245771
-0.00284163
0.00130659
0.0115115
-0.00153996
0.0018386
0.00177115
0.0105631
-0.00284163
-0.000335198
-0.00234772
-0.00153996
-5.63091e-06
-0.000473987
-0.00245771
-0.00284163
-0.000807355
-0.00135752
-0.00153996
0.0018386
-0.000473987
0.00419182
-0.00284163
-0.000335198
-0.00135752
0.00429146
0.01455
0.0053312
0.0203989
0.0110599
0.00220224
-0.0010217
0.0127953
0.00588354
0.0171668
0.0060354
0.00987783
-0.0018745
0.00427502
-0.000187734
0.00280202
-0.00248647
0.0060354
0.00527605
-0.0018745
0.00645674
-0.000187734
-5.63091e-06
-0.00248647
-0.00041433
0.00987783
-0.0018745
0.0277086
0.0034737
0.00280202
-0.00248647
0.011966
0.00275973
-0.0018745
0.00645674
0.0034737
0.0142915
-0.00248647
-0.00041433
0.00275973
-0.00116495
0.00427502
-0.000187734
0.00280202
-0.00248647
0.00230665
-0.00219322
0.000908582
-0.00134943
-0.000187734
-5.63091e-06
-0.00248647
-0.00041433
-0.00219322
-0.000807355
-0.00134943
0.00180428
0.00280202
-0.00248647
0.011966
0.00275973
0.000908582
-0.00134943
0.0154811
0.0049357
-0.00248647
-0.00041433
0.00275973
-0.00116495
-0.00134943
0.00180428
0.0049357
0.00343745
0.0053312
0.0181404
0.0110599
0.0458958
-0.0010217
0.00462305
0.00588354
0.0236928
0.00527605
0.00570818
0.00645674
0.0077121
-5.63091e-06
-0.000473987
-0.00041433
0.00185547
0.00570818
0.0187873
0.0077121
0.0254686
-0.000473987
0.00419182
0.00185547
0.00741114
0.00645674
0.0077121
0.0142915
0.0154436
-0.00041433
0.00185547
-0.00116495
0.00296925
0.0077121
0.0254686
0.0154436
0.0546825
0.00185547
0.00741114
0.00296925
0.0217822
-5.63091e-06
-0.000473987
-0.00041433
0.00185547
-0.000807355
-0.00135752
0.00180428
0.00147342
-0.000473987
0.00419182
0.00185547
0.00741114
-0.00135752
0.00429146
0.00147342
0.00678396
-0.00041433
0.00185547
-0.00116495
0.00296925
0.00180428
0.00147342
0.00343745
0.00696177
0.00185547
0.00741114
0.00296925
0.0217822
0.00147342
0.00678396
0.00696177
0.0241348
0.0101737
0.00123131
0.00220224
-0.0010217
0.0392151
0.015128
0.0172058
0.00867153
0.0117324
0.0010116
0.00360103
-0.0012675
0.0127332
0.000965562
0.00554429
0.00077082
0.0010116
0.00393725
-0.0012675
-0.00245771
0.000965562
0.00131089
0.00077082
-0.000389744
0.00360103
-0.0012675
0.00230665
-0.00219322
0.00554429
0.00077082
0.00209948
-0.00013615
-0.0012675
-0.00245771
-0.00219322
-0.000807355
0.00077082
-0.000389744
-0.00013615
0.000905581
0.0127332
0.000965562
0.00554429
0.00077082
0.0469609
0.0172637
0.0236582
0.00896278
0.000965562
0.00131089
0.00077082
-0.000389744
0.0172637
0.0159718
0.00896278
0.0059394
0.00554429
0.00077082
0.00209948
-0.00013615
0.0236582
0.00896278
0.0172448
0.00647697
0.00077082
-0.000389744
-0.00013615
0.000905581
0.00896278
0.0059394
0.00647697
0.00632086
0.00123131
0.00824564
-0.0010217
0.00462305
0.015128
0.0411719
0.00867153
0.0213907
0.00393725
0.00177115
-0.00245771
-0.00284163
0.00131089
0.00238103
-0.000389744
-0.000327184
0.00177115
0.0105631
-0.00284163
-0.000335198
0.00238103
0.0139675
-0.000327184
0.00357029
-0.00245771
-0.00284163
-0.000807355
-0.00135752
-0.000389744
-0.000327184
0.000905581
0.000359607
-0.00284163
-0.000335198
-0.00135752
0.00429146
-0.000327184
0.00357029
0.000359607
0.00551119
0.00131089
0.00238103
-0.000389744
-0.000327184
0.0159718
0.0186924
0.0059394
0.00605262
0.00238103
0.0139675
-0.000327184
0.00357029
0.0186924
0.0519996
0.00605262
0.0209635
-0.000389744
-0.000327184
0.000905581
0.000359607
0.0059394
0.00605262
0.00632086
0.00665187
-0.000327184
0.00357029
0.000359607
0.00551119
0.00605262
0.0209635
0.00665187
0.0215539
0.00220224
-0.0010217
0.0127953
0.00588354
0.0172058
0.00867153
0.0431222
0.0264864
0.00230665
-0.00219322
0.000908582
-0.00134943
0.00209948
-0.00013615
0.00258103
-2.98283e-05
-0.00219322
-0.000807355
-0.00134943
0.00180428
-0.00013615
0.000905581
-2.98283e-05
0.00274954
0.000908582
-0.00134943
0.0154811
0.0049357
0.00258103
-2.98283e-05
0.0173808
0.006071
-0.00134943
0.00180428
0.0049357
0.00343745
-2.98283e-05
0.00274954
0.006071
0.00905233
0.00209948
-0.00013615
0.00258103
-2.98283e-05
0.0172448
0.00647697
0.0168494
0.00635407
-0.00013615
0.000905581
-2.98283e-05
0.00274954
0.00647697
0.00632086
0.00635407
0.0101704
0.00258103
-2.98283e-05
0.0173808
0.006071
0.0168494
0.00635407
0.0536509
0.0216225
-2.98283e-05
0.00274954
0.006071
0.00905233
0.00635407
0.0101704
0.0216225
0.0254511
-0.0010217
0.00462305
0.00588354
0.0236928
0.00867153
0.0213907
0.0264864
0.0594928
-0.000807355
-0.00135752
0.00180428
0.00147342
0.000905581
0.000359607
0.00274954
0.00211042
-0.00135752
0.00429146
0.00147342
0.00678396
0.000359607
0.00551119
0.00211042
0.00774467
0.00180428
0.00147342
0.00343745
0.00696177
0.00274954
0.00211042
0.00905233
0.0105075
0.00147342
0.00678396
0.00696177
0.0241348
0.00211042
0.00774467
0.0105075
0.0259543
0.000905581
0.000359607
0.00274954
0.00211042
0.00632086
0.00665187
0.0101704
0.0100253
0.000359607
0.00551119
0.00211042
0.00774467
0.00665187
0.0215539
0.0100253
0.0257687
0.00274954
0.00211042
0.00905233
0.0105075
0.0101704
0.0100253
0.0254511
0.029346
0.00211042
0.00774467
0.0105075
0.0259543
0.0100253
0.0257687
0.029346
0.0694389
