1
0.0816894
0.0529675
0.0716494
0.0536528
0.0497009
0.0237306
0.0399539
0.0141272
2
0.0529675
0.048908
0.0536528
0.0360393
0.0237306
0.0162383
0.0141272
-0.00877936
3
0.0716494
0.0536528
0.0634336
0.049354
0.0399539
0.0141272
0.0360545
0.0112632
4
0.0536528
0.0360393
0.049354
0.042429
0.0141272
-0.00877936
0.0112632
0.00653055
5
0.0497009
0.0237306
0.0399539
0.0141272
0.0438122
0.0166827
0.0289823
-0.00366298
6
0.0237306
0.0162383
0.0141272
-0.00877936
0.0166827
0.0206743
-0.00366298
-0.0212858
7
0.0399539
0.0141272
0.0360545
0.0112632
0.0289823
-0.00366298
0.0180355
-0.0172281
8
0.0141272
-0.00877936
0.0112632
0.00653055
-0.00366298
-0.0212858
-0.0172281
-0.0146325
9
0.048908
0.0579818
0.0360393
0.0459898
0.0162383
0.024763
-0.00877936
0.00593914
10
0.0579818
0.0805059
0.0459898
0.0707988
0.024763
0.0486672
0.00593914
0.0338697
11
0.0360393
0.0459898
0.042429
0.0516355
-0.00877936
0.00593914
0.00653055
0.0131891
12
0.0459898
0.0707988
0.0516355
0.0738553
0.00593914
0.0338697
0.0131891
0.0441538
13
0.0162383
0.024763
-0.00877936
0.00593914
0.0206743
0.0177928
-0.0212858
-0.0147992
14
0.024763
0.0486672
0.00593914
0.0338697
0.0177928
0.0376174
-0.0147992
0.0161509
15
-0.00877936
0.00593914
0.00653055
0.0131891
-0.0212858
-0.0147992
-0.0146325
-0.00570084
16
0.00593914
0.0338697
0.0131891
0.0441538
-0.0147992
0.0161509
-0.00570084
0.0356581
17
0.0634336
0.049354
0.0445051
0.0157379
0.0360545
0.0112632
0.0321827
-0.00205386
18
0.049354
0.042429
0.0157379
0.0475492
0.0112632
0.00653055
-0.00205386
0.0113866
19
0.0445051
0.0157379
0.0481075
0.0282067
0.0321827
-0.00205386
0.0469268
0.0339497
20
0.0157379
0.0475492
0.0282067
0.0507027
-0.00205386
0.0113866
0.0339497
0.0181671
21
0.0360545
0.0112632
0.0321827
-0.00205386
0.0180355
-0.0172281
0.0208341
0.00164456
22
0.0112632
0.00653055
-0.00205386
0.0113866
-0.0172281
-0.0146325
0.00164456
0.0221145
23
0.0321827
-0.00205386
0.0469268
0.0339497
0.0208341
0.00164456
0.0565528
0.0443051
24
-0.00205386
0.0113866
0.0339497
0.0181671
0.00164456
0.0221145
0.0443051
0.0372839
25
0.042429
0.0516355
0.0475492
0.0622536
0.00653055
0.0131891
0.0113866
0.0407012
26
0.0516355
0.0738553
0.0622536
0.0920255
0.0131891
0.0441538
0.0407012
0.0666582
27
0.0475492
0.0622536
0.0507027
0.0648949
0.0113866
0.0407012
0.0181671
0.0466108
28
0.0622536
0.0920255
0.0648949
0.100578
0.0407012
0.0666582
0.0466108
0.0902051
29
0.00653055
0.0131891
0.0113866
0.0407012
-0.0146325
-0.00570084
0.0221145
0.0320969
30
0.0131891
0.0441538
0.0407012
0.0666582
-0.00570084
0.0356581
0.0320969
0.0600748
31
0.0113866
0.0407012
0.0181671
0.0466108
0.0221145
0.0320969
0.0372839
0.063307
32
0.0407012
0.0666582
0.0466108
0.0902051
0.0320969
0.0600748
0.063307
0.0956552
33
0.0438122
0.0166827
0.0289823
-0.00366298
0.0552477
0.0275482
0.0478729
0.0267262
34
0.0166827
0.0206743
-0.00366298
-0.0212858
0.0275482
0.0228342
0.0267262
0.0123055
35
0.0289823
-0.00366298
0.0180355
-0.0172281
0.0478729
0.0267262
0.0300082
0.0163441
36
-0.00366298
-0.0212858
-0.0172281
-0.0146325
0.0267262
0.0123055
0.0163441
0.0205009
37
0.0552477
0.0275482
0.0478729
0.0267262
0.0861761
0.0692629
0.0841297
0.0704933
38
0.0275482
0.0228342
0.0267262
0.0123055
0.0692629
0.0621996
0.0704933
0.0562286
39
0.0478729
0.0267262
0.0300082
0.0163441
0.0841297
0.0704933
0.0689011
0.0604567
40
0.0267262
0.0123055
0.0163441
0.0205009
0.0704933
0.0562286
0.0604567
0.0599696
41
0.0206743
0.0177928
-0.0212858
-0.0147992
0.0228342
0.0327352
0.0123055
0.0199614
42
0.0177928
0.0376174
-0.0147992
0.0161509
0.0327352
0.0567667
0.0199614
0.0440154
43
-0.0212858
-0.0147992
-0.0146325
-0.00570084
0.0123055
0.0199614
0.0205009
0.0248234
44
-0.0147992
0.0161509
-0.00570084
0.0356581
0.0199614
0.0440154
0.0248234
0.0526816
45
0.0228342
0.0327352
0.0123055
0.0199614
0.0621996
0.0730988
0.0562286
0.0614344
46
0.0327352
0.0567667
0.0199614
0.0440154
0.0730988
0.0931715
0.0614344
0.0839036
47
0.0123055
0.0199614
0.0205009
0.0248234
0.0562286
0.0614344
0.0599696
0.0653413
48
0.0199614
0.0440154
0.0248234
0.0526816
0.0614344
0.0839036
0.0653413
0.0858892
49
0.0180355
-0.0172281
0.0208341
0.00164456
0.0300082
0.0163441
0.0383074
0.0266304
50
-0.0172281
-0.0146325
0.00164456
0.0221145
0.0163441
0.0205009
0.0266304
0.0477511
51
0.0208341
0.00164456
0.0565528
0.0443051
0.0383074
0.0266304
0.0691179
0.0605889
52
0.00164456
0.0221145
0.0443051
0.0372839
0.0266304
0.0477511
0.0605889
0.0744628
53
0.0300082
0.0163441
0.0383074
0.0266304
0.0689011
0.0604567
0.0724657
0.0667144
54
0.0163441
0.0205009
0.0266304
0.0477511
0.0604567
0.0599696
0.0667144
0.0845109
55
0.0383074
0.0266304
0.0691179
0.0605889
0.0724657
0.0667144
0.0967731
0.0912924
56
0.0266304
0.0477511
0.0605889
0.0744628
0.0667144
0.0845109
0.0912924
0.103875
57
-0.0146325
-0.00570084
0.0221145
0.0320969
0.0205009
0.0248234
0.0477511
0.0507798
58
-0.00570084
0.0356581
0.0320969
0.0600748
0.0248234
0.0526816
0.0507798
0.0730167
59
0.0221145
0.0320969
0.0372839
0.063307
0.0477511
0.0507798
0.0744628
0.0878765
60
0.0320969
0.0600748
0.063307
0.0956552
0.0507798
0.0730167
0.0878765
0.105348
61
0.0205009
0.0248234
0.0477511
0.0507798
0.0599696
0.0653413
0.0845109
0.0875843
62
0.0248234
0.0526816
0.0507798
0.0730167
0.0653413
0.0858892
0.0875843
0.102674
63
0.0477511
0.0507798
0.0744628
0.0878765
0.0845109
0.0875843
0.103875
0.114925
64
0.0507798
0.0730167
0.0878765
0.105348
0.0875843
0.102674
0.114925
0.128932
