 0.003747698
 0.005206590
 0.005268878
 0.003928464
 0.002028229
 0.004077071
 0.005550708
 0.005592709
 0.004198960
 0.002218076
 0.004167686
 0.005534057
 0.005471768
 0.003986920
 0.001936526
 0.003844184
 0.005199438
 0.005157437
 0.003722295
 0.001746679
 0.004490784
 0.006032435
 0.006152835
 0.004840147
 0.002430142
 0.005132710
 0.006706195
 0.006787329
 0.005368129
 0.002796776
 0.005302051
 0.006664868
 0.006544530
 0.004952765
 0.002252686
 0.004682537
 0.006027349
 0.005946246
 0.004447166
 0.001886090
 0.002704778
 0.006189306
 0.006359700
 0.003199295
 0.001785790
 0.003620684
 0.007154651
 0.007269305
 0.003953479
 0.002303927
 0.003852413
 0.007083677
 0.006913260
 0.003357881
 0.001533672
 0.002982877
 0.006193475
 0.006078806
 0.002650106
 0.001015370
 0.006563303
 0.006215196
 0.006424434
 0.007170558
 0.003787070
 0.007695867
 0.007413191
 0.007553707
 0.008103695
 0.004422339
 0.007970962
 0.007311691
 0.007102431
 0.007363705
 0.003476505
 0.006911938
 0.006232575
 0.006092050
 0.006504115
 0.002841306
 0.008669781
 0.005767230
 0.006001951
 0.009350942
 0.003436439
 0.009947648
 0.007122930
 0.007280129
 0.010403830
 0.004146974
 0.010246277
 0.006994422
 0.006759713
 0.009565099
 0.003086025
 0.009066965
 0.005798188
 0.005641001
 0.008610766
 0.002375490
 0.006986152
 0.006521923
 0.006767662
 0.007699346
 0.003652814
 0.008330204
 0.007951027
 0.008114995
 0.008806095
 0.004393940
 0.008633298
 0.007802975
 0.007557186
 0.007920083
 0.003283089
 0.007406344
 0.006563390
 0.006399395
 0.006930509
 0.002541965
 0.005201249
 0.007234397
 0.007476916
 0.005905059
 0.001446784
 0.006531564
 0.008650586
 0.008811635
 0.006998440
 0.002174332
 0.006821625
 0.008493131
 0.008250609
 0.006117776
 0.001078105
 0.005617144
 0.007280424
 0.007119467
 0.005150004
 0.000350560
 0.001818062
 0.006823694
 0.007050019
 0.002474876
 0.002082477
 0.003060941
 0.008147316
 0.008296449
 0.003493764
 0.002756488
 0.003324243
 0.007991513
 0.007765203
 0.002667443
 0.001733500
 0.002204726
 0.006867529
 0.006718425
 0.001771986
 0.001059488
 0.002287759
 0.006043422
 0.006242880
 0.002866610
 0.001600853
 0.003382043
 0.007207616
 0.007337721
 0.003759296
 0.002188703
 0.003607180
 0.007064032
 0.006864586
 0.003028324
 0.001287119
 0.002623238
 0.006078373
 0.005948336
 0.002245812
 0.000699269
 0.002244421
 0.005036461
 0.005201478
 0.002723320
 0.000490127
 0.003146396
 0.005993540
 0.006099467
 0.003453812
 0.000968937
 0.003326650
 0.005870266
 0.005705249
 0.002847751
 0.000223035
 0.002513920
 0.005057589
 0.004951664
 0.002206513
-0.000255763
 0.002245672
 0.005954869
 0.006081383
 0.002612827
 0.001246519
 0.002932043
 0.006679511
 0.006758745
 0.003161703
 0.001604477
 0.003063710
 0.006581433
 0.006454907
 0.002696562
 0.001032623
 0.002441122
 0.005959993
 0.005880787
 0.002211303
 0.000674665
 0.001714902
 0.006631634
 0.006719191
 0.001969008
 0.001386188
 0.002183527
 0.007121825
 0.007174213
 0.002335585
 0.001622919
 0.002267383
 0.007049905
 0.006962333
 0.002013264
 0.001227117
 0.001836843
 0.006621363
 0.006568985
 0.001684859
 0.000990393
 0.005001595
 0.006911260
 0.006962803
 0.005151191
 0.000432645
 0.005269971
 0.007186342
 0.007214240
 0.005350445
 0.000558329
 0.005309323
 0.007138330
 0.007086788
 0.005159769
 0.000325348
 0.005056844
 0.006888812
 0.006861008
 0.004976181
 0.000199665
 0.006643216
 0.006031972
 0.006053236
 0.006704896
 0.002355369
 0.006744805
 0.006129264
 0.006136735
 0.006766447
 0.002388960
 0.006747280
 0.006100212
 0.006078999
 0.006685621
 0.002292916
 0.006645421
 0.006002547
 0.005995151
 0.006623861
 0.002259325
 0.008131986
 0.005072468
 0.005071116
 0.008128089
 0.001898891
 0.008111220
 0.005040375
 0.005032978
 0.008089777
 0.001865480
 0.008085979
 0.005024452
 0.005025793
 0.008089894
 0.001871563
 0.008097434
 0.005041481
 0.005048867
 0.008118895
 0.001904975
 0.005781856
 0.005281759
 0.005266511
 0.005737567
 0.002059116
 0.005687990
 0.005173890
 0.005157898
 0.005641554
 0.001986850
 0.005646423
 0.005165460
 0.005180730
 0.005690701
 0.002055824
 0.005728535
 0.005254243
 0.005270244
 0.005774978
 0.002128160
 0.001641238
 0.004993924
 0.004973362
 0.001581510
-0.000078769
 0.001522145
 0.004861793
 0.004843317
 0.001468512
-0.000162495
 0.001476239
 0.004856630
 0.004877214
 0.001535940
-0.000069504
 0.001585669
 0.004973257
 0.004991748
 0.001639321
 0.000014059
 0.003123873
 0.004567726
 0.004549311
 0.003070473
 0.000484468
 0.003020329
 0.004454639
 0.004438970
 0.002974912
 0.000413820
 0.002981455
 0.004450611
 0.004468964
 0.003034765
 0.000496917
 0.003079661
 0.004555076
 0.004570714
 0.003125044
 0.000567601
 0.002078227
 0.003484598
 0.003473939
 0.002047293
 0.000056304
 0.002019278
 0.003420865
 0.003412005
 0.001993567
 0.000016259
 0.001996833
 0.003418003
 0.003428662
 0.002027767
 0.000064440
 0.002054279
 0.003479304
 0.003488164
 0.002079990
 0.000104485
 0.001046703
-0.000899260
 0.003326005
 0.001746679
 0.003630733
 0.003601959
 0.001133795
 0.001886090
 0.001046703
 0.003112360
 0.002925031
 0.002826978
 0.001046703
 0.000930046
 0.001083304
 0.002927184
 0.002998552
 0.001046703
 0.002028229
 0.003522851
 0.003150332
 0.003795935
 0.003812951
 0.001046703
 0.003647768
 0.002028229
 0.001565981
 0.001355766
 0.001046703
 0.001666207
 0.003933030
 0.002430142
 0.003962774
 0.001046703
 0.003498988
 0.003385178
 0.003332224
 0.001046703
 0.001557164
 0.001383443
 0.003452720
 0.003381791
 0.001046703
 0.003780499
 0.002218076
 0.003698965
 0.004070856
 0.004085640
 0.001046703
 0.002218076
 0.003754195
 0.002218076
 0.001922382
 0.001537860
 0.001046703
 0.001537860
 0.001046703
 0.002796776
 0.002017463
 0.004025772
 0.004054091
 0.001046703
 0.003508933
 0.003311507
 0.003353465
 0.001046703
 0.001292988
 0.001471416
 0.003253304
 0.003237986
 0.001046703
 0.003557349
 0.001936526
 0.003464320
 0.003858502
 0.003871874
 0.001046703
 0.001936526
 0.003437406
 0.001936526
 0.001393476
 0.001046703
 0.001267810
 0.001046703
 0.001267810
 0.003700575
 0.002252686
 0.001485686
 0.003728017
 0.001046703
 0.003133588
 0.002917600
 0.002820188
 0.001046703
 0.000857412
 0.001016862
 0.002868032
 0.002752668
 0.001046703
 0.003304675
 0.001746679
 0.003589695
 0.002942867
 0.003605151
 0.001046703
 0.001746679
 0.001037094
 0.001046703
 0.001085716
 0.001046703
 0.001085716
 0.003516020
 0.003081829
 0.001886090
 0.003829012
 0.002532736
 0.003722982
 0.000480558
 0.000606250
 0.001015370
 0.001342953
 0.001264008
 0.001647732
 0.003095429
 0.005100059
 0.003720526
 0.001741556
 0.004150779
 0.005263237
 0.003237679
 0.002430142
 0.003509815
 0.004867541
 0.003392125
 0.003006273
 0.004185063
 0.003684380
 0.002430142
 0.002763517
 0.001003932
 0.001332766
 0.001003932
 0.001332766
 0.004178442
 0.001233087
 0.001373590
 0.004370245
 0.001785790
 0.003408742
 0.004483450
 0.002125395
 0.002529034
 0.002085918
 0.006022793
 0.003895506
 0.004316252
 0.005068138
 0.002589820
 0.003991314
 0.006132619
 0.003972776
 0.002796776
 0.001634453
 0.003952652
 0.005721331
 0.004723363
 0.003727505
 0.002796776
 0.003933241
 0.003460815
 0.002796776
 0.001847081
 0.001500340
 0.001847081
 0.001500340
 0.004214129
 0.004553162
 0.002303927
 0.001883380
 0.001700090
 0.004655776
 0.003631797
 0.002121205
 0.002720832
 0.003842244
 0.005956616
 0.004009729
 0.002458329
 0.004972400
 0.003700088
 0.005793447
 0.003505295
 0.002252686
 0.001239437
 0.003542748
 0.005357258
 0.004299810
 0.003158267
 0.002252686
 0.003344323
 0.002873453
 0.002252686
 0.000762771
 0.001082802
 0.000762771
 0.001082802
 0.003583587
 0.003927888
 0.000952371
 0.001533672
 0.001116873
 0.004024636
 0.002798090
 0.001418499
 0.001885216
 0.003093481
 0.005102442
 0.003445830
 0.001670904
 0.004124254
 0.002997720
 0.004992617
 0.003055963
 0.001886090
 0.003008393
 0.004569782
 0.003784775
 0.002479376
 0.001886090
 0.002214172
 0.000266364
 0.000568502
 0.000266364
 0.000568502
 0.002007298
 0.000969582
 0.001015370
 0.000673268
 0.000715160
 0.000719916
 0.002841306
 0.003141896
 0.003083997
 0.000251405
 0.003074691
 0.002709797
 0.002476975
 0.002969322
 0.003488132
 0.002897173
 0.003275218
 0.001785790
 0.001690419
 0.001934269
 0.000623837
 0.001216216
 0.001237502
 0.001184851
 0.001766293
 0.001785790
 0.003059216
 0.002927238
 0.001640527
 0.003787070
 0.001684211
 0.001621758
 0.004031798
 0.004070753
 0.001293245
 0.004220079
 0.003776261
 0.003243284
 0.004652994
 0.003927422
 0.004354804
 0.003902232
 0.002251156
 0.002303927
 0.002265700
 0.001538997
 0.002707054
 0.002035537
 0.001965919
 0.002303927
 0.002232833
 0.003922526
 0.002303927
 0.003135505
 0.004422339
 0.001920963
 0.001860338
 0.001927053
 0.003865876
 0.003807948
 0.001374749
 0.004126037
 0.003692783
 0.002665842
 0.004521597
 0.003613352
 0.003925455
 0.003505337
 0.001512090
 0.001533672
 0.002118732
 0.001784116
 0.001005914
 0.001404686
 0.001348718
 0.001533672
 0.001444909
 0.003178229
 0.001533672
 0.002264642
 0.003476505
 0.001042594
 0.000961775
 0.001010306
 0.002994874
 0.002955902
 0.000410493
 0.002719003
 0.003088582
 0.001948603
 0.002738157
 0.003470915
 0.002592992
 0.002953827
 0.000959923
 0.001015370
 0.001395694
 0.000166716
 0.000836978
 0.000617608
 0.000658970
 0.001015370
 0.002374253
 0.002771839
 0.003385193
 0.002841306
 0.004572194
 0.005087693
 0.001643193
 0.000619190
 0.000222796
 0.002375490
 0.004233933
 0.004106855
 0.000612267
 0.001153864
 0.001600105
 0.004406249
 0.003091580
 0.000564844
 0.000367448
 0.000544479
 0.004630954
 0.003787070
 0.004051413
 0.000574490
 0.000955488
 0.005739787
 0.005208072
 0.004485506
 0.003787070
 0.001086553
 0.001567123
 0.003787070
 0.002241600
 0.001030955
 0.002577371
 0.001030955
 0.002577371
 0.003952661
 0.001316073
 0.002764615
 0.001733770
 0.003436439
 0.006308032
 0.005760663
 0.005377662
 0.005292324
 0.001843508
 0.002402989
 0.002853218
 0.005699329
 0.004167388
 0.001811396
 0.001797168
 0.001607819
 0.005850003
 0.004932937
 0.004422339
 0.002095500
 0.001689401
 0.006745281
 0.006187301
 0.004422339
 0.004823049
 0.001970381
 0.002495018
 0.002940442
 0.004422339
 0.001711986
 0.003221153
 0.001711986
 0.003221153
 0.003954723
 0.001849269
 0.004146974
 0.002134202
 0.003119012
 0.006597936
 0.006045380
 0.005121192
 0.004994089
 0.003009356
 0.002538213
 0.001890041
 0.005582211
 0.003634964
 0.001309650
 0.001551193
 0.001487603
 0.005357523
 0.004156823
 0.003476505
 0.001486025
 0.001063927
 0.005409512
 0.005945843
 0.003476505
 0.003784034
 0.002011295
 0.001624822
 0.001088979
 0.003476505
 0.002262342
 0.000696325
 0.002262342
 0.000696325
 0.002882158
 0.002060293
 0.001075510
 0.003086025
 0.000790150
 0.004939322
 0.005465473
 0.003971180
 0.004056532
 0.001400200
 0.000774239
 0.001866081
 0.004431318
 0.002667429
 0.000394733
 0.000210202
 0.000429899
 0.004280661
 0.002841306
 0.003336604
 0.000067258
 0.000470526
 0.004512693
 0.005028225
 0.002841306
 0.001326020
 0.000260994
 0.000763518
 0.001618601
 0.000015294
 0.001618601
 0.000015294
 0.003121529
 0.003046244
 0.002931498
 0.002375490
 0.005348333
 0.005667977
 0.000841809
-0.000218093
 0.001265052
 0.002541965
 0.002676332
 0.002544764
 0.002468920
 0.000041155
 0.003025950
 0.003136730
 0.001981548
 0.004835826
 0.003542866
 0.003480451
 0.001617601
 0.000564423
 0.003248343
 0.005080700
 0.002220649
 0.003436439
 0.003731709
 0.001818637
 0.002700924
 0.002737496
 0.006056438
 0.006378654
 0.004141901
 0.003436439
 0.000682718
 0.001880814
 0.005202792
 0.000983708
 0.002444385
 0.000983708
 0.002444385
 0.004357898
 0.004456912
 0.002067990
 0.000965675
 0.002393240
 0.003652814
 0.006681621
 0.007006687
 0.003884837
 0.003972951
 0.001392785
 0.004372947
 0.004483620
 0.003825382
 0.006258909
 0.003365798
 0.004690502
 0.004697293
 0.004664844
 0.001964579
 0.002921400
 0.003525734
 0.006422363
 0.004677806
 0.004146974
 0.002973026
 0.004021532
 0.004058909
 0.007154427
 0.007481041
 0.004146974
 0.004569128
 0.002872266
 0.001640147
 0.006272479
 0.004146974
 0.001709322
 0.003183208
 0.001709322
 0.003183208
 0.004478333
 0.004445887
 0.001524099
 0.002512838
 0.003092313
 0.004393940
 0.006984432
 0.007309659
 0.003668809
 0.003537240
 0.001571812
 0.003761511
 0.004746844
 0.004634556
 0.003230433
 0.006112758
 0.004086998
 0.003981756
 0.001735761
 0.002457463
 0.004480875
 0.002991336
 0.005867836
 0.003768857
 0.003086025
 0.002227373
 0.003474860
 0.003436675
 0.006276286
 0.006598949
 0.003086025
 0.003427472
 0.000687337
 0.001934562
 0.005369762
 0.003086025
 0.000624207
 0.002076273
 0.000624207
 0.002076273
 0.003293635
 0.003255693
 0.001356535
 0.000385357
 0.003283089
 0.001975064
 0.005764673
 0.006086234
 0.002491016
 0.002402902
 0.000353800
 0.002560805
 0.003410583
 0.003522755
 0.002016116
 0.004876226
 0.003015345
 0.002961077
 0.001319888
 0.000521575
 0.003252516
 0.001856184
 0.004712742
 0.002375490
 0.002891507
 0.001203219
 0.002297450
 0.002335076
 0.005291826
 0.005611866
 0.002375490
-0.000199343
 0.001024169
 0.004405426
-0.000101407
 0.001337449
-0.000101407
 0.001337449
 0.003411189
 0.000752356
 0.001936972
 0.002051383
 0.002541965
 0.001045996
 0.000350560
 0.002066088
 0.001970023
 0.002641214
-0.000085349
 0.001072295
 0.002571170
 0.001361928
 0.003709834
 0.000347601
 0.000106265
 0.003652814
 0.002923615
 0.000938597
 0.000507077
 0.000488722
 0.003302878
 0.003652814
 0.001766709
 0.004831439
 0.002116615
 0.003296498
 0.002289628
 0.001446784
 0.003440387
 0.003376296
 0.004059573
 0.001298903
 0.002416449
 0.005030714
 0.003719652
 0.002523338
 0.001731841
 0.001496948
 0.003884885
 0.004393940
 0.001715698
 0.001770882
 0.002093665
 0.004393940
 0.003780445
 0.002711667
 0.004393940
 0.003522220
 0.002318314
 0.004733682
 0.002174332
 0.002773568
 0.003101357
 0.003005292
 0.002656896
 0.001377534
 0.003971698
 0.004434962
 0.001708728
 0.002888002
 0.001150127
 0.001348501
 0.002908214
 0.003283089
 0.001127060
 0.000965338
 0.001270569
 0.003283089
 0.002600655
 0.001730396
 0.003283089
 0.002294239
 0.001089921
 0.003496318
 0.001078105
 0.001601227
 0.001824656
 0.001888747
 0.002736729
 0.001448119
 0.000155521
 0.001871105
 0.000683221
 0.003297005
 0.000165295
-0.000038152
 0.002541965
 0.002018744
-0.000086578
 0.000251575
 0.000029303
 0.002541965
 0.000856362
 0.001093094
 0.000090942
 0.001409674
 0.001089158
 0.000350560
 0.004740983
 0.001642288
 0.004429007
-0.000344994
-0.000461386
 0.001059488
 0.001078264
 0.001023439
 0.005953759
 0.002006106
-0.000146798
 0.000336948
 0.000422349
 0.006821783
 0.005923978
 0.002067661
 0.000470373
 0.001441899
 0.006389240
 0.000520322
 0.000560470
 0.003625615
 0.007063911
 0.006157264
 0.001446784
 0.001971654
 0.004283494
 0.001533631
 0.000630880
 0.005443658
 0.002303248
 0.002313716
 0.001446784
 0.001023582
 0.000441123
 0.000944500
 0.000984615
 0.000647756
 0.000984615
 0.000647756
 0.001483488
 0.002491018
 0.002749247
 0.005750468
 0.000841645
 0.000709154
 0.002082477
 0.006069207
 0.002892927
 0.002410560
 0.002446945
 0.001216043
 0.007365477
 0.003396175
 0.001584663
 0.001669702
 0.008235787
 0.007287721
 0.002722487
 0.001735294
 0.003185812
 0.001892975
 0.004952432
 0.007724561
 0.001858578
 0.007441956
 0.008396551
 0.002899362
 0.002174332
 0.001829919
 0.005382430
 0.002644250
 0.003328740
 0.006535282
 0.002174332
 0.002802180
 0.001878691
 0.001760662
 0.001331520
 0.002174332
 0.001368109
 0.001710862
 0.001368109
 0.001710862
 0.002994204
 0.001457060
 0.002435120
 0.002756488
 0.001207780
 0.006052578
 0.001320120
 0.003158508
 0.006358621
 0.002094391
 0.002039568
 0.001923880
 0.001838086
 0.001204229
 0.003312047
 0.007220906
 0.007130823
 0.008078334
 0.002086310
 0.001077630
 0.002336128
 0.004767518
 0.001642091
 0.001431764
 0.007175728
 0.007836204
 0.006897542
 0.001919768
 0.001078105
 0.001171445
 0.001796296
 0.004512167
 0.005655905
 0.002497562
 0.001078105
 0.001647781
 0.000378198
 0.000672417
 0.000966817
 0.001078105
 0.000616402
 0.000281667
 0.000616402
 0.000281667
 0.001789665
 0.000248564
 0.001225812
 0.000201255
 0.004853429
 0.001733500
 0.000098407
 0.005156214
 0.002031566
 0.000915733
 0.000879348
 0.006010859
 0.000716144
 0.000022078
 0.002114577
 0.000802123
 0.006867807
 0.005969027
 0.001352892
 0.000994313
-0.000003255
 0.006044572
 0.003642296
 0.000514597
 0.000301064
 0.006707139
 0.005814844
 0.000350560
 0.001062153
 0.003541628
 0.000819894
 0.000149677
 0.004689907
 0.001595810
 0.000350560
-0.000060766
-0.000444521
 0.000119004
-0.000109843
-0.000438686
-0.000109843
-0.000438686
 0.001086441
 0.000399246
 0.000475199
 0.000362339
 0.001059488
 0.000927662
 0.000999992
 0.000722480
-0.000261420
 0.000699269
 0.003268277
 0.001017532
 0.000879379
 0.003083741
 0.004822947
 0.000160003
-0.000097268
 0.005952913
 0.001122100
 0.001041698
 0.001489822
 0.003618495
 0.001783755
 0.000029701
 0.001697643
 0.006177726
 0.002082477
 0.001198380
 0.000850319
 0.000397248
 0.000187432
 0.000570764
 0.001580082
 0.001615692
 0.001498351
 0.002082477
 0.001107542
 0.001845302
 0.001216691
 0.001720124
 0.002378889
 0.001645087
 0.001943814
 0.000808073
 0.001600853
 0.002164617
 0.002162187
 0.002189584
 0.004401096
 0.004522687
 0.002280607
 0.006133167
 0.001385708
 0.001050447
 0.007267560
 0.002068443
 0.002644715
 0.002146413
 0.002872877
 0.004861668
 0.003024398
 0.001266190
 0.007415616
 0.002049237
 0.002756488
 0.001421375
 0.001213516
 0.001643276
 0.001871842
 0.002591798
 0.002568105
 0.002756488
 0.001961928
 0.002735276
 0.001797806
 0.001328812
 0.002756488
 0.001885842
 0.001973587
 0.001894135
 0.002393438
 0.002229721
 0.002188703
 0.002423234
 0.002407648
 0.004209767
 0.001959030
 0.001820877
 0.004025235
 0.001197568
 0.006002979
 0.001407380
 0.007112402
 0.001990125
 0.001251703
 0.001326703
 0.002693746
 0.000807700
 0.004355900
 0.002537284
 0.006887605
 0.001125833
 0.001733500
 0.001018099
 0.000410010
 0.000611583
 0.001053773
 0.001791950
 0.001770827
 0.001733500
 0.000890465
 0.001999728
 0.000455447
 0.000793430
 0.001733500
 0.000869697
 0.001273302
 0.000854153
 0.000774736
 0.001287119
 0.001123911
 0.001311382
 0.001359730
 0.002972191
 0.003093770
 0.000851695
 0.000760672
 0.000344709
 0.004887570
 0.000181939
 0.005996255
 0.001007581
 0.000351463
 0.000427947
 0.001496240
 0.003312407
 0.001701109
-0.000229505
 0.005848226
 0.001059488
 0.000339594
-0.000285577
 0.000157459
-0.000487783
 0.000106235
 0.000881764
 0.000956171
 0.001059488
 0.000110994
 0.001218459
 0.000200545
 0.000434765
 0.000161788
 0.001274543
 0.000298809
 0.000699269
 0.001652321
 0.002244421
 0.000997932
 0.000552574
-0.000441623
-0.000255763
 0.002316012
 0.002152069
 0.004612807
-0.000368223
-0.000498921
 0.002244421
 0.005373786
 0.005036461
 0.000634220
 0.000814120
 0.003696695
 0.001745638
 0.002518610
 0.005036461
 0.005571844
 0.005201478
 0.001600853
 0.001858907
 0.001747668
-0.000060626
-0.000026557
 0.005201478
 0.002227113
 0.002723320
 0.002365584
 0.001295807
 0.001600853
 0.001019860
 0.002723320
 0.000926690
 0.000490127
 0.001567665
 0.001277181
 0.002085704
 0.001631208
 0.000467033
 0.000490127
 0.002738801
 0.003146396
 0.003310829
 0.003417737
 0.005766008
 0.000668403
 0.000489728
 0.003146396
 0.006529577
 0.005993540
 0.001585184
 0.001814979
 0.003484820
 0.004786770
 0.002830518
 0.005993540
 0.006658704
 0.006099467
 0.002746456
 0.001780159
 0.002188703
 0.002642459
 0.000843369
 0.000880198
 0.006099467
 0.003113281
 0.003453812
 0.002188703
 0.002596893
 0.001747943
 0.001475103
 0.000916679
 0.003453812
 0.002188703
 0.001510111
 0.000968937
 0.001397451
 0.001597064
 0.000968937
 0.002316321
 0.000968937
 0.002962173
 0.003326650
 0.003137128
 0.002973189
 0.000575454
 0.005638217
 0.000696375
 0.003326650
 0.006386810
 0.005870266
 0.001217739
 0.000925028
 0.003344256
 0.002391240
 0.004330082
 0.005870266
 0.006188764
 0.005705249
 0.002012523
 0.000961715
 0.001287119
 0.000331933
 0.001926914
 0.000222567
 0.005705249
 0.002387376
 0.002847751
 0.001287119
 0.001614405
 0.001134064
 0.000165586
 0.000586778
 0.001287119
 0.002847751
 0.000614849
 0.000223035
 0.000614072
 0.000414527
 0.000223035
 0.001336735
 0.000223035
 0.001985190
 0.002513920
 0.002158393
 0.002051505
-0.000204529
 0.004659955
-0.000293989
 0.002513920
 0.005408185
 0.005057589
 0.000366753
 0.000106506
 0.003417939
 0.002525284
 0.001483499
 0.005057589
 0.005279129
 0.004951664
 0.000699269
 0.001233383
-0.000440259
-0.000554942
 0.001144909
 0.004951664
 0.001610607
 0.002206513
 0.000699269
 0.000493430
 0.002206513
 0.000031429
-0.000255763
-0.000474754
-0.000496044
-0.000474754
-0.000496044
 0.000528346
-0.000510934
 0.000528346
-0.000510934
-0.000255763
 0.002244421
 0.001612099
 0.002244421
 0.000529146
-0.000454047
-0.000027123
 0.000674665
 0.002729817
 0.002583021
 0.002729817
 0.002583021
 0.005036461
-0.000407362
-0.000538346
 0.001146540
 0.005036461
 0.005288989
-0.000129971
-0.000154596
-0.000129971
-0.000154596
 0.005201478
 0.002657577
 0.001496529
 0.003427489
 0.005201478
 0.005417070
 0.000490127
 0.001015036
 0.000490127
 0.001015036
 0.002723320
-0.000172651
-0.000123244
 0.004668147
 0.002723320
 0.001983799
 0.001425832
 0.000311301
 0.000490127
 0.001425832
 0.000311301
 0.000490127
 0.001329527
 0.000490127
 0.000586905
 0.000490127
 0.000456592
 0.000427123
 0.000456592
 0.000427123
 0.003146396
 0.001420352
 0.000267984
 0.000556711
 0.001246519
 0.003146396
 0.002307233
 0.003537226
 0.003631455
 0.003537226
 0.003631455
 0.001843469
 0.005993540
 0.000414236
 0.000226752
 0.005993540
 0.006023074
 0.000662110
 0.000662107
 0.000662110
 0.000662107
 0.002237000
 0.004159800
 0.006099467
 0.003546383
 0.006099467
 0.006103396
 0.001738249
 0.000706918
 0.001738249
 0.000706918
 0.000968937
 0.003453812
 0.005349266
 0.000549148
 0.000589818
 0.003453812
 0.002540118
 0.000968937
 0.001614732
 0.000968937
 0.001614732
 0.001441720
 0.001878211
 0.000968937
 0.000615087
 0.000968937
 0.000949777
 0.000968937
 0.000496886
 0.000481838
 0.000496886
 0.000481838
 0.001604477
 0.003326650
 0.001607689
 0.003326650
 0.002440945
 0.003398604
 0.003251808
 0.003398604
 0.003251808
 0.001967292
 0.000295191
 0.005870266
 0.000431411
 0.005870266
 0.005923985
 0.000161680
 0.000130813
 0.000161680
 0.000130813
 0.004051803
 0.002118166
 0.003172332
 0.005705249
 0.005795892
 0.001128042
 0.000028323
 0.000223035
 0.001128042
 0.000028323
 0.000223035
 0.000151828
 0.005034789
 0.002847751
 0.000054502
 0.002847751
 0.002069252
 0.000223035
 0.000804018
 0.000223035
 0.000804018
 0.000223035
 0.000015057
 0.000223035
 0.001408811
 0.000966290
 0.000223035
 0.000370846
 0.000223035
-0.000329363
-0.000314441
-0.000329363
-0.000314441
 0.001032623
 0.000802544
 0.002513920
 0.001810618
 0.002589577
 0.002495348
 0.002589577
 0.002495348
-0.000286497
 0.005057589
-0.000383098
 0.001337185
 0.005057589
 0.005294758
-0.000534874
-0.000549425
-0.000534874
-0.000549425
 0.004951664
 0.003424781
 0.001485193
 0.002426281
 0.004951664
 0.005214464
-0.000255763
 0.000491609
-0.000255763
 0.000491609
-0.000458390
 0.004457274
-0.000567544
 0.002206513
 0.001577645
-0.000255763
 0.000923155
-0.000255763
 0.000007974
-0.000255763
 0.000368644
 0.000106976
 0.001232765
 0.000265738
 0.000674665
 0.000932230
 0.000828661
 0.001217069
-0.000316951
 0.000045800
 0.000990393
 0.002161169
 0.002057176
 0.000075298
-0.000542939
-0.000341287
 0.000101043
 0.005767441
 0.000406646
 0.000609246
 0.001689453
-0.000309287
 0.001413273
 0.003227673
 0.005857224
 0.001246519
 0.001603416
 0.000126005
 0.000236958
 0.004743172
 0.001246378
 0.001089233
 0.001917209
 0.000894283
 0.001246519
 0.000895036
 0.000540510
 0.001076212
 0.000804949
 0.001897744
 0.000210716
 0.000456331
 0.001386188
 0.001516386
 0.001309719
 0.002778036
 0.002843135
 0.000574683
 0.000678287
-0.000060351
 0.000137425
 0.006270982
 0.000992476
 0.001226769
 0.000213650
 0.001923199
 0.003729205
 0.002348151
 0.006324900
 0.002149083
 0.001189240
 0.001604477
 0.000658804
 0.000739889
 0.005205406
 0.001709630
 0.001466137
 0.001604477
 0.002052735
 0.000450617
 0.001263891
 0.001604477
 0.000784174
 0.000871390
 0.001086011
 0.000690270
 0.001622919
 0.002032255
 0.001396253
 0.001625711
 0.002661176
 0.002557178
 0.000678987
 0.000655988
 0.000216097
 0.000016281
 0.006197595
 0.000845380
 0.000571709
 0.001832810
 0.003646825
 0.000110368
 0.002073461
 0.006107795
 0.001682093
 0.000669421
 0.001032623
 0.000430735
 0.004981207
 0.000260562
 0.001311562
 0.001135668
 0.001032623
 0.001431040
 0.000014657
 0.000928746
 0.001032623
 0.000378300
 0.000465097
 0.000249990
 0.001413905
 0.001227117
 0.000282269
 0.001093075
 0.000954704
 0.002044378
 0.001979276
 0.000147052
-0.000424997
 0.000221584
-0.000222205
 0.005757980
 0.000314463
 0.000062394
 0.001389168
 0.003209597
-0.000343211
 0.001514335
 0.005704068
 0.000674665
 0.001199035
-0.000005162
-0.000205541
 0.004581694
 0.000798268
 0.000899760
 0.000674665
 0.000597145
 0.000134642
 0.000931674
 0.000293217
 0.000370059
 0.000276073
 0.000990393
 0.004544391
 0.001532623
-0.000546676
-0.000208987
 0.000031369
 0.000199665
 0.002950562
 0.000714294
 0.000660842
 0.002879162
 0.000033578
 0.000674892
 0.003394242
 0.005682611
 0.006502598
 0.000620325
 0.000541758
 0.001087672
 0.003485703
 0.000341936
 0.000101097
 0.005836696
 0.005755283
 0.006555078
 0.001386188
 0.000599610
 0.000562784
 0.000476516
-0.000283882
 0.001801001
 0.005693681
 0.001778040
 0.004696704
 0.000709288
 0.001386188
-0.000326377
-0.000229604
 0.004388677
-0.000319141
-0.000020851
-0.000319141
-0.000020851
 0.000839238
 0.001413614
 0.000762644
 0.000411513
-0.000204419
 0.000029303
 0.000432645
 0.001984554
 0.004817956
 0.001144696
 0.003366375
 0.003409086
 0.001176665
 0.000432758
 0.000960568
 0.003668053
 0.006083615
 0.006783262
 0.000911371
 0.001506993
 0.000988998
 0.000431718
 0.006116700
 0.003926448
 0.000751210
 0.006125870
 0.006811799
 0.000902839
 0.001622919
 0.002073651
 0.005948885
 0.000009325
 0.000927096
 0.000840634
 0.002130656
 0.004900315
 0.001622919
 0.000867778
 0.004590078
-0.000097796
-0.000003050
 0.001622919
-0.000177654
 0.000107715
-0.000177654
 0.000107715
 0.000919445
 0.000841213
 0.001405146
 0.000155304
 0.000558329
 0.000521548
-0.000086359
 0.002064751
 0.004858504
 0.003281261
 0.001044997
 0.000991545
 0.003209858
 0.003705952
 0.000994970
 0.000417346
 0.006021808
 0.006734657
 0.001249079
 0.000592653
 0.000669163
 0.006065672
 0.000344675
 0.000591204
 0.003731496
 0.006682177
 0.005949130
 0.000544296
 0.001227117
 0.005817341
 0.001921579
-0.000170383
 0.000524681
 0.000610661
 0.004706233
 0.001819318
 0.001227117
 0.000454491
-0.000278300
 0.004394719
-0.000383707
 0.001227117
-0.000129499
-0.000433836
-0.000129499
-0.000433836
 0.000976404
 0.000489010
 0.000410824
-0.000414281
 0.000325348
-0.000082481
 0.000162218
 0.004601380
 0.001648962
 0.002813526
 0.002856234
 0.000623808
 0.000591839
 0.003448946
 0.000728132
 0.000059397
 0.006480460
 0.005667053
 0.000883056
 0.000262164
 0.000339320
 0.003349678
 0.005812218
 0.000050783
 0.000234651
 0.005624839
 0.006452017
 0.000990393
 0.000261024
 0.000284570
 0.000198782
 0.001678190
-0.000431172
 0.005588467
 0.004518867
 0.001502908
-0.000491327
 0.004209089
-0.000599538
 0.000990393
-0.000258064
-0.000575321
-0.000258064
-0.000575321
 0.000799067
-0.000194771
 0.001198072
 0.000912106
 0.000199665
 0.000649584
 0.002259325
 0.000639139
 0.000627487
-0.000203025
-0.000345614
-0.000023344
 0.001337949
-0.000114127
 0.000873201
-0.000389435
-0.000190258
 0.000432645
 0.001099605
 0.000970799
-0.000346343
 0.002226166
 0.001164457
 0.000432645
 0.000906419
 0.000078603
 0.001072805
 0.001467196
 0.000829286
 0.002355369
 0.000893704
 0.000899990
 0.000020175
-0.000181060
 0.000105923
 0.001112771
 0.000122094
 0.001542545
-0.000215812
-0.000030570
 0.001265527
 0.000558329
-0.000202357
 0.002325784
 0.001157269
 0.000558329
 0.001243075
 0.001001094
 0.000558329
 0.001497838
 0.000056300
 0.001044693
 0.002388960
 0.000876857
 0.000814581
 0.000802929
 0.000106727
-0.000186661
-0.000004332
 0.000970562
-0.000024346
 0.001358052
-0.000088506
-0.000282348
 0.001055492
 0.000325348
 0.002256059
-0.000314877
 0.000987682
 0.000325348
 0.000999573
 0.000867845
 0.000325348
 0.001245748
-0.000193874
 0.000794682
 0.002292916
 0.000701688
 0.000574562
 0.000568276
-0.000211285
-0.000020021
-0.000344177
 0.001170369
 0.000754692
-0.000237381
-0.000444023
-0.000238621
 0.000199665
 0.000898366
-0.000449612
 0.000815785
 0.002158765
 0.000199665
 0.000776554
 0.002938269
 0.000377521
 0.001569753
 0.001732903
 0.002259325
 0.004969655
 0.005306989
 0.000683221
 0.004100876
-0.000556079
 0.001904975
 0.001421055
 0.001412749
 0.001956223
 0.001918248
 0.000758776
 0.001359985
 0.004326472
 0.001624594
 0.000430229
 0.002964116
 0.002734188
-0.000006135
 0.000756768
 0.004345159
 0.001365650
 0.002355369
 0.001808354
 0.002815226
 0.002702825
-0.000363927
 0.001832417
 0.005361194
 0.005016865
 0.001832270
 0.002355369
 0.001041449
-0.000559885
 0.000410020
 0.001122000
-0.000453741
 0.001122000
-0.000453741
 0.003036038
 0.000478143
 0.001670604
 0.004188130
 0.000743542
-0.000506172
 0.001898891
 0.005394531
 0.005044076
 0.001508729
 0.001505824
 0.002039460
 0.002001063
 0.000769852
 0.004408831
 0.001367683
 0.003045128
 0.001689827
 0.000496618
 0.002804778
 0.000048930
 0.000739838
 0.004414593
 0.001364864
 0.001858703
 0.002388960
 0.002867341
 0.002754559
-0.000331537
 0.001808878
 0.005411191
 0.005056112
 0.002388960
 0.001847243
 0.001069527
-0.000552512
 0.000398469
 0.002388960
 0.001147899
-0.000461158
 0.001147899
-0.000461158
 0.001667727
 0.000473607
 0.003010552
 0.001865480
 0.004189850
 0.000741668
-0.000510403
 0.005393829
 0.005040425
 0.001468037
 0.001459731
 0.002014308
 0.001976018
 0.000751956
 0.004381353
 0.001347865
 0.002984780
 0.000420914
 0.001612906
 0.000723059
 0.002755121
 0.000008033
 0.004362715
 0.001342196
 0.001771792
 0.002292916
 0.002797182
 0.001796046
-0.000381965
 0.002684813
 0.005339655
 0.004993256
 0.002292916
 0.001747709
 0.000375514
 0.000986299
-0.000598973
 0.002292916
 0.001063502
-0.000494896
 0.001063502
-0.000494896
 0.001566574
 0.000372674
 0.002912410
 0.001871563
-0.000563235
 0.004101267
 0.000678671
 0.005304832
 0.004963475
 0.001371671
 0.001374575
 0.001928861
 0.000732134
 0.001890940
 0.004296674
 0.001329085
 0.001547410
 0.000354253
 0.002903431
 0.000726313
-0.000051659
 0.002682201
 0.001331900
 0.004290978
 0.002259325
 0.001721298
 0.002743567
 0.002631527
 0.001806740
-0.000418640
 0.004951481
 0.005288217
 0.002259325
-0.000608343
 0.000958083
 0.000382350
-0.000487479
 0.001037603
-0.000487479
 0.001037603
 0.002471175
 0.002444463
 0.002415072
 0.001904975
 0.003883383
 0.004452254
 0.000215227
 0.000648942
-0.000311932
 0.002128160
 0.001798142
 0.001798896
-0.000161983
-0.000576491
 0.003614973
 0.002441592
 0.002469100
-0.000335390
-0.000564955
-0.000383292
 0.003607062
 0.001898891
 0.002410513
 0.000910863
 0.000443241
-0.000188346
 0.004429322
 0.003851752
 0.002398858
 0.001898891
-0.000400749
-0.000109884
 0.000878309
-0.000587690
 0.000868547
-0.000587690
 0.000868547
 0.002418862
 0.002442107
 0.000173122
-0.000360026
 0.000583351
 0.002059116
 0.004396788
 0.003812197
 0.001765342
 0.001761199
-0.000225586
-0.000644758
 0.003546729
 0.002403200
 0.002430788
-0.000406092
-0.000643947
-0.000464682
 0.003535216
 0.002373686
 0.001865480
 0.000846280
 0.000374917
-0.000272206
 0.004363402
 0.003773438
 0.001865480
 0.002371106
-0.000458057
-0.000186598
 0.000794605
 0.001865480
-0.000639690
 0.000799404
-0.000639690
 0.000799404
 0.002397625
 0.002423718
-0.000400109
 0.000137524
 0.000520332
 0.001986850
 0.004363799
 0.003775694
 0.001751472
 0.001752227
-0.000245500
-0.000666380
 0.003534438
 0.002425760
 0.002400450
-0.000464816
-0.000406074
-0.000643915
 0.003542330
 0.002375725
 0.001871563
-0.000250200
 0.000392311
 0.000862113
 0.004386730
 0.003807309
 0.001871563
 0.002380826
 0.000840369
-0.000426941
-0.000143654
 0.001871563
-0.000603974
 0.000863132
-0.000603974
 0.000863132
 0.002411233
 0.002439071
 0.002055824
 0.000171884
-0.000358915
 0.000583838
 0.004408407
 0.003835510
 0.001769697
 0.001773840
-0.000613299
-0.000197282
 0.003585113
 0.002450357
 0.002426849
-0.000583436
-0.000353365
-0.000402066
 0.003596608
 0.001904975
 0.002406058
 0.000446908
-0.000182281
 0.000913514
 0.003874266
 0.004441792
 0.000914721
 0.001904975
-0.000074934
-0.000373853
 0.000932316
-0.000551974
 0.000932316
-0.000551974
 0.001881173
 0.002615802
 0.002128160
-0.000347733
-0.000279011
 0.001605980
 0.000014059
 0.003120647
 0.003129902
-0.000757448
-0.000015882
 0.000396536
 0.002081904
 0.001628106
 0.001857864
 0.002489902
 0.001671656
 0.001609177
 0.002064953
 0.002059116
 0.002567211
-0.000793699
-0.000336434
-0.000406146
 0.002526220
 0.002059116
-0.000363053
 0.001777036
 0.001509300
-0.000078769
-0.000394705
-0.000464935
 0.003012025
 0.003021732
-0.000129339
-0.000876208
 0.000277190
 0.001965585
 0.001502526
 0.001752590
 0.002377069
 0.001541580
 0.001948698
 0.001484681
 0.002475279
 0.001986850
-0.000910402
-0.000447590
-0.000518174
 0.001986850
 0.002479345
-0.000471013
 0.001986850
 0.001759561
-0.000162495
 0.001461834
-0.000510682
-0.000440266
 0.003019594
 0.003028875
-0.000902417
 0.000233793
-0.000143161
 0.001958132
 0.001496251
 0.001782888
 0.001543717
 0.002398760
 0.001975139
 0.001515251
 0.002527922
 0.002055824
-0.000864237
-0.000382822
-0.000452251
 0.002055824
 0.002559141
-0.000401073
 0.002055824
 0.001846321
-0.000069504
 0.001548685
-0.000403595
-0.000334930
 0.003118087
 0.003108367
 0.000342955
-0.000798063
-0.000047362
 0.001604412
 0.002055896
 0.001870769
 0.001657218
 0.002492564
 0.001622297
 0.002072813
 0.002128160
 0.002610099
-0.000761916
-0.000350332
-0.000282029
-0.000301763
 0.002128160
 0.000933783
-0.000042800
 0.000014059
 0.002476099
 0.001425454
 0.001161001
 0.000567601
 0.001819114
 0.001826091
 0.003450431
 0.001705698
-0.000620010
 0.001747899
 0.003865573
 0.000877074
 0.002880713
 0.000393922
 0.003845062
 0.001728032
-0.000078769
-0.000129702
 0.000471638
-0.000039518
 0.001365893
 0.002422162
-0.000140405
-0.000078769
-0.000496028
-0.000661766
 0.002315350
-0.000534100
-0.000873132
-0.000534100
-0.000873132
 0.000813663
 0.001045518
 0.000484468
 0.001307298
 0.002371411
 0.001694471
 0.001688203
 0.003321001
-0.000735315
 0.001598840
 0.003734853
 0.001623940
 0.000762703
 0.002751943
 0.000267730
 0.003716605
 0.001606690
-0.000218701
-0.000162495
 0.000358221
-0.000055786
-0.000151869
 0.001254368
 0.002325448
-0.000162495
-0.000217279
-0.000579938
-0.000747395
 0.002220157
-0.000162495
-0.000617466
-0.000955590
-0.000617466
-0.000955590
 0.000770909
 0.000996328
 0.000413820
 0.001262038
 0.002332083
 0.001702378
 0.001709385
 0.003311777
 0.001563351
 0.003729888
 0.001619467
 0.000827604
 0.002781651
 0.000290584
 0.003750390
 0.001639239
-0.000130264
-0.000069504
-0.000108705
 0.000005430
 0.000421869
 0.001321532
 0.002385923
-0.000069504
-0.000121388
-0.000487401
-0.000657414
 0.002281844
-0.000069504
-0.000524498
-0.000862898
-0.000524498
-0.000862898
 0.000880878
 0.000496917
 0.001103642
 0.001371162
 0.002431233
 0.001818091
 0.001824376
 0.003427236
 0.001664035
 0.003846140
 0.001731872
 0.000931833
 0.000403496
 0.002895797
 0.001749076
 0.003864385
-0.000043196
 0.000014059
-0.000005648
 0.000525618
 0.002477157
 0.001424105
-0.000403659
 0.000014059
 0.002371870
-0.000572787
-0.000441117
-0.000780440
-0.000441117
-0.000780440
 0.002087462
 0.001734557
 0.000567601
 0.001963872
 0.000104485
 0.001948936
 0.001502912
 0.001252603
 0.001272586
 0.002056183
-0.000571839
-0.000742710
 0.001256603
 0.001240274
 0.000484468
 0.001669158
 0.001424026
 0.001932717
 0.001639229
 0.000484468
-0.000284364
 0.001903870
-0.000381345
 0.001977798
 0.000056304
 0.001904494
 0.001401473
 0.001889256
 0.001175424
 0.001178505
 0.001951184
-0.000656853
-0.000824933
 0.001161945
 0.001168217
 0.001583616
 0.000413820
 0.001356804
 0.001878595
 0.000413820
 0.001587551
-0.000354243
 0.001849990
 0.000413820
-0.000450431
 0.001961055
 0.000016259
 0.001881888
 0.001867050
 0.001393346
 0.001175318
 0.001171664
 0.001992227
-0.000644723
-0.000814770
 0.001187602
 0.001187648
 0.001652888
 0.000496917
 0.001380300
 0.001913043
 0.000496917
 0.001679624
 0.001884625
-0.000273459
 0.000496917
-0.000369066
 0.002063134
 0.000064440
 0.001939740
 0.001925166
 0.001488193
 0.001246059
 0.001262735
 0.002089696
-0.000736995
-0.000564504
 0.001256347
 0.001276192
 0.001735222
 0.000567601
 0.001444661
 0.001965638
 0.001937002
-0.000203718
 0.000567601
-0.000299962
 0.001660899
 0.000104485
-0.000899260
 0.000056304
 0.001627213
-0.000899260
 0.001603662
 0.000056304
-0.000615115
-0.000899260
 0.001575665
 0.000016259
-0.000899260
 0.000016259
 0.001578414
-0.000653570
-0.000899260
-0.000653570
-0.000899260
 0.001612100
 0.000064440
-0.000899260
 0.000064440
 0.001634377
-0.000899260
-0.000607290
-0.000899260
-0.000607290
-0.000899260
 0.001662375
 0.000104485
-0.000899260
-0.000568836
-0.000899260
-0.000568836
 0.002066543
 0.002268982
 0.000983455
 0.004532584
 0.000983455
 0.001970624
 0.001652147
 0.003212308
 0.001652147
 0.001483193
 0.003212308
 0.002066543
 0.000983455
 0.004532584
 0.001133066
 0.001483193
 0.000983455
 0.001314869
 0.001589725
 0.000759272
 0.000717998
 0.001589725
 0.000963906
 0.000717998
 0.000609682
 0.000759272
 0.000963906
 0.000607831
 0.001691775
 0.000607831
 0.000609682
 0.000963906
 0.001691775
 0.000609682
 0.000634943
 0.001691775
 0.000634943
 0.001141307
 0.002329079
 0.001745599
 0.001141307
 0.001099504
 0.002329079
 0.001099504
 0.003173569
 0.001099504
 0.002351132
 0.001589725
 0.000759272
 0.001505912
 0.003839506
 0.002268982
 0.001141307
 0.001314869
 0.002329079
 0.002030100
 0.003839506
 0.001133066
 0.001745599
 0.001141307
 0.002329079
 0.002030100
 0.003173569
 0.001263485
 0.001970624
 0.004532584
 0.001745599
 0.002351132
 0.001970624
 0.001883979
 0.000717998
 0.002351132
 0.001589725
 0.001883979
 0.000717998
 0.004532584
 0.001133066
 0.001745599
 0.001505912
 0.003173569
 0.001041604
 0.002686334
 0.000759272
 0.001505912
 0.000607831
 0.000890792
 0.002686334
 0.000607831
 0.000890792
 0.003173569
 0.001041604
 0.001263485
 0.002373332
 0.001533090
 0.001984081
 0.002128175
 0.002548722
 0.001551580
 0.002373332
 0.003573574
 0.001984081
 0.001533090
 0.004980886
 0.001551580
 0.001984081
 0.002128175
 0.002548722
 0.001551580
 0.001984081
 0.001551580
 0.001667435
 0.001406369
 0.001321183
 0.001406369
 0.001663062
 0.001321183
 0.002292276
 0.001503150
 0.001546754
 0.001370186
 0.001546754
 0.001484966
 0.001503150
 0.001484966
 0.001406547
 0.002268982
 0.001551446
 0.002347190
 0.002066543
 0.001293613
 0.001484966
 0.001406547
 0.001535339
 0.001503150
 0.001546754
 0.001579022
 0.001667435
 0.001663062
 0.001370186
 0.001535339
 0.001546754
 0.001503150
 0.001579022
 0.002373332
 0.001551446
 0.001202354
 0.001370186
 0.001652147
 0.003212308
 0.001293613
 0.001202354
 0.001652147
 0.003212308
 0.002066543
 0.001293613
 0.002292276
 0.001663062
 0.001202354
 0.001370186
 0.002292276
 0.001202354
 0.001667435
 0.001406369
 0.001497726
 0.002582521
 0.001497726
 0.002582521
 0.001219653
 0.001321183
 0.001406369
 0.001497726
 0.001219653
 0.001321183
 0.001219653
 0.001497726
 0.001219653
 0.001535339
 0.001541993
 0.001579022
 0.003573574
 0.002128175
 0.001667435
 0.002582521
 0.001535339
 0.001541993
 0.001579022
 0.002373332
 0.003573574
 0.001541993
 0.002128175
 0.002582521
 0.001541993
 0.002016387
 0.001387755
 0.001389083
 0.001351902
 0.002347190
 0.004030047
 0.001314869
 0.001389083
 0.002068231
 0.002556808
 0.001351902
 0.002556808
 0.001770851
 0.002068231
 0.002556808
 0.001355769
 0.003291884
 0.002154908
 0.001389083
 0.001351902
 0.002787623
 0.004030047
 0.001533090
 0.002154908
 0.001389083
 0.001351902
 0.002787623
 0.002016387
 0.001770851
 0.001175231
 0.001387755
 0.001175231
 0.002069949
 0.000912743
 0.002069949
 0.003291884
 0.001140732
 0.001770851
 0.002792800
 0.001136475
 0.001355769
 0.003291884
 0.001140732
 0.002792800
 0.001136475
 0.001770851
 0.001175231
 0.001136475
 0.000912743
 0.001136475
 0.000912743
 0.002016387
 0.001286273
 0.001387755
 0.001156851
 0.001286273
 0.001156851
 0.004980886
 0.002548722
 0.002154908
 0.002787623
 0.002468857
 0.001533090
 0.004980886
 0.002154908
 0.002787623
 0.002016387
 0.002468857
 0.001286273
 0.002548722
 0.002468857
 0.001286273
 0.001387755
 0.001156851
 0.002069949
 0.001115748
 0.002069949
 0.001115748
 0.001156851
 0.001115748
 0.002268982
 0.002347190
 0.001314869
 0.000593467
 0.003857883
 0.000593467
 0.001588172
 0.001225181
 0.002510312
 0.001225181
 0.001062850
 0.000593467
 0.002510312
 0.001240531
 0.001062850
 0.003857883
 0.000593467
 0.001240531
 0.000982449
 0.000372107
 0.000398598
 0.000989942
 0.000398598
 0.000312459
 0.000989942
 0.000152131
 0.000371230
 0.000152131
 0.000371230
-0.000031926
 0.001189032
-0.000031926
 0.001189032
 0.001588172
 0.003857883
 0.001588172
 0.000995740
 0.001543057
 0.000398598
 0.001671826
 0.000989942
 0.001543057
 0.000398598
 0.003857883
 0.000372107
 0.000995740
 0.000118042
 0.001671826
 0.000118042
 0.001275633
 0.000089770
 0.001671826
 0.000089770
 0.000989942
 0.000152131
 0.001275633
 0.000089770
 0.002045373
 0.000624788
 0.002708622
 0.000372107
 0.000995740
 0.000118042
 0.000982449
 0.002708622
-0.000071756
 0.000118042
 0.001275633
 0.000702141
 0.001275633
 0.002045373
 0.000624788
 0.000152131
-0.000031926
 0.002045373
-0.000056030
 0.000624788
 0.000143103
-0.000031926
 0.000143103
 0.001699208
 0.000143103
 0.002045373
 0.000101869
-0.000056030
-0.000071756
 0.000514669
 0.000765063
 0.000514669
 0.000771560
 0.000754457
 0.001225181
 0.000498877
 0.000754457
 0.002510312
 0.001225181
 0.002510312
 0.001240531
 0.000458918
 0.001840796
 0.000754457
 0.000771560
 0.001840796
 0.000498877
 0.000754457
 0.000498877
 0.000304969
 0.000458918
 0.000222631
 0.000304969
 0.000249750
 0.001240531
 0.000458918
 0.000234865
 0.000222631
 0.000249750
 0.000018164
 0.000982449
 0.000234865
 0.000765063
 0.000771560
 0.000253146
 0.000498877
 0.000304969
 0.000253146
 0.000033263
 0.000222631
 0.000304969
 0.000033263
 0.000782761
 0.000222631
 0.000018164
 0.000762349
 0.000864780
 0.000762349
 0.000602694
 0.000514669
 0.000864780
 0.000762349
 0.000602694
 0.001409542
 0.000765063
 0.000514669
 0.000602694
 0.001409542
 0.000765063
 0.000249568
 0.000253146
 0.000249568
 0.000253146
 0.000033263
 0.000515812
 0.001971531
 0.000033263
 0.000782761
 0.001409542
 0.000249568
 0.000515812
 0.000782761
-0.000227225
 0.000865275
 0.001971531
 0.000315847
 0.000515812
 0.001971531
 0.000782761
 0.000315847
-0.000227225
-0.000256866
 0.003186213
 0.000722100
-0.000256866
 0.000315847
 0.000515812
 0.000315847
-0.000256866
 0.000722100
-0.000256866
 0.000982449
 0.000865275
-0.000071756
 0.002423171
 0.000865275
-0.000255035
-0.000071756
 0.000644675
-0.000255035
-0.000290598
 0.000932439
 0.000644675
-0.000038271
-0.000290598
 0.000932439
 0.000222497
 0.001865711
 0.002423171
-0.000227225
 0.000382117
-0.000255035
 0.000382117
-0.000255035
-0.000290598
 0.001013868
-0.000290598
 0.001013868
 0.000342595
 0.000222497
 0.000342595
-0.000272424
-0.000479520
-0.000038271
-0.000207084
 0.001865711
 0.000222497
-0.000207084
 0.001865711
-0.000233917
 0.001535858
-0.000233917
 0.001535858
 0.000222497
-0.000479520
-0.000233917
-0.000499817
-0.000272424
-0.000479520
-0.000499817
 0.000608608
-0.000499817
 0.000608608
 0.003186213
-0.000227225
 0.000382117
 0.003186213
 0.000722100
 0.000382117
 0.001013868
 0.000661600
 0.001013868
 0.000342595
 0.000661600
-0.000460655
 0.000722100
 0.000661600
-0.000460655
 0.000342595
-0.000460655
-0.000272424
-0.000518458
-0.000460655
-0.000518458
-0.000272424
-0.000518458
-0.000354951
 0.000608608
-0.000354951
 0.000608608
-0.000518458
-0.000354951
-0.000365127
 0.000154695
 0.001261807
 0.000154695
-0.000100342
 0.001261807
 0.000249900
 0.001261807
 0.000249900
 0.000108418
 0.000249900
-0.000156545
-0.000100342
 0.000108418
 0.000700352
-0.000156545
 0.000108418
-0.000235805
 0.000700352
-0.000156545
-0.000235805
 0.002175404
 0.000154695
 0.000419527
 0.002175404
 0.000211600
 0.002167221
 0.000154695
 0.000419527
-0.000100342
 0.000568451
 0.000211600
 0.002167221
 0.000248652
 0.000568451
 0.002167221
 0.000920103
-0.000100342
 0.000568451
 0.000700352
-0.000293385
 0.000920103
-0.000293385
-0.000300126
-0.000293385
 0.001080031
-0.000300126
 0.000130566
 0.002167221
 0.000248652
 0.000920103
 0.000526079
 0.000920103
 0.000526079
-0.000300126
-0.000365127
 0.000376836
-0.000300126
 0.000130566
 0.002009845
-0.000235805
 0.000700352
 0.001080031
-0.000235805
 0.000744539
 0.001080031
 0.000130566
 0.002900203
 0.000744539
 0.000471745
 0.000130566
 0.002900203
-0.000536674
 0.000376836
 0.000071123
-0.000582325
 0.000471745
 0.002900203
-0.000582325
 0.000471745
-0.000582325
 0.002900203
-0.000536674
 0.001236421
 0.000071123
-0.000582325
-0.000351914
-0.000242854
-0.000351914
 0.001236421
-0.000242854
-0.000351914
 0.001496991
 0.000344342
 0.001496991
 0.000262752
 0.002241622
 0.000572317
 0.002241622
 0.000572317
 0.000256111
 0.000664939
 0.000282256
 0.000256111
 0.002210308
 0.000572317
 0.000344342
 0.000572317
 0.000344342
 0.000664939
 0.000051134
 0.000262752
 0.000051134
 0.000848408
 0.002210308
 0.000664939
-0.000248704
 0.000282256
 0.002210308
 0.000532829
 0.000960411
-0.000248704
 0.000960411
-0.000260557
 0.000532829
 0.000960411
-0.000365127
-0.000260557
 0.002016573
 0.000664939
 0.000051134
 0.000848408
-0.000248704
 0.001157251
-0.000248704
 0.001157251
-0.000260557
 0.000152264
-0.000260557
 0.000152264
 0.002016573
-0.000522651
 0.001496991
 0.000548963
 0.001496991
 0.000548963
 0.000262752
 0.000042697
 0.000548963
 0.000042697
 0.000262752
 0.000042697
 0.000848408
-0.000085856
 0.000042697
-0.000085856
 0.000848408
 0.001157251
-0.000085856
 0.000848002
 0.001157251
 0.000848002
 0.000152264
 0.000492022
 0.000152264
-0.000522651
 0.002915933
-0.000085856
 0.000848002
 0.000492022
-0.000365127
 0.000376836
 0.000379578
 0.000379578
-0.000522651
 0.000051613
 0.002915933
 0.000492022
-0.000575892
-0.000522651
 0.002915933
-0.000575892
 0.000051613
-0.000390160
 0.001208843
-0.000390160
-0.000287952
 0.000492022
-0.000575892
-0.000390160
-0.000287952
 0.000376836
-0.000574337
 0.000379578
-0.000575596
-0.000741342
-0.000574337
 0.000071123
-0.000739954
-0.000741342
-0.000704112
-0.000739954
-0.000746344
-0.000704112
-0.000739954
-0.000861467
-0.000575596
-0.000741342
-0.000768121
 0.000051613
-0.000741342
-0.000704112
-0.000768121
-0.000882981
-0.000704112
-0.000861467
-0.000882981
-0.000687624
 0.001236421
 0.000071123
-0.000746344
-0.000242854
 0.001236421
-0.000746344
-0.000888204
-0.000861467
-0.000242854
-0.000888204
-0.000861467
-0.000686899
-0.000888204
 0.000165195
-0.000687624
-0.000945163
-0.000686899
 0.000165195
-0.000861723
-0.000945163
-0.000686899
 0.000165195
-0.000861723
-0.000768121
 0.000051613
 0.001208843
-0.000768121
 0.001208843
-0.000287952
-0.000882981
-0.000940563
-0.000882981
-0.000940563
-0.000687624
 0.000116989
-0.000287952
-0.000940563
 0.000116989
-0.000687624
-0.000945163
 0.000116989
-0.000894627
 0.000116989
-0.000894627
-0.000861723
-0.000945163
-0.000894627
-0.000992467
-0.000861723
-0.000992467
-0.000894627
-0.000992467
-0.000249812
 0.000944034
-0.000249812
 0.000944034
-0.000330299
-0.000116062
-0.000269070
-0.000324812
-0.000116062
-0.000269070
 0.000483333
-0.000324812
-0.000330299
-0.000116062
 0.000483333
-0.000249812
-0.000053371
-0.000249812
-0.000053371
-0.000330299
 0.001550717
-0.000053371
 0.001738749
-0.000297056
 0.000234263
 0.001738749
-0.000297056
-0.000324812
 0.000483333
-0.000324812
 0.000678473
 0.000948323
 0.000678473
 0.000077293
 0.002864332
 0.000451493
 0.000077293
 0.002864332
-0.000330299
 0.000234263
 0.000483333
 0.000948323
 0.001738749
 0.000234263
 0.000715174
-0.000489767
 0.000948323
-0.000489767
-0.000481600
 0.000077293
 0.000715174
-0.000489767
-0.000481600
 0.001738749
-0.000192671
 0.000715174
-0.000481600
 0.000077293
-0.000577255
 0.000266701
 0.000715174
-0.000557462
-0.000481600
 0.000306818
 0.001948838
-0.000557462
-0.000593910
 0.000451493
 0.002864332
-0.000593910
 0.000451493
-0.000593910
-0.000577255
 0.002864332
-0.000593910
 0.000107655
 0.001276477
-0.000327820
-0.000210628
-0.000327820
 0.001276477
-0.000210628
-0.000327820
 0.000306818
-0.000577255
 0.000107655
-0.000557462
 0.000306818
-0.000297145
 0.001445075
-0.000369773
-0.000248647
-0.000297145
 0.001445075
 0.000073595
-0.000369773
 0.001666986
-0.000297145
-0.000552379
 0.000073595
-0.000552379
 0.000568688
-0.000552379
 0.000568688
-0.000373153
-0.000582614
-0.000248647
 0.001666986
 0.000254246
 0.000073595
 0.001666986
-0.000572208
 0.000640793
 0.000254246
-0.000556064
-0.000557462
 0.001927048
 0.000297884
-0.000572208
 0.000640793
-0.000556064
-0.000582614
 0.000073595
 0.000235598
-0.000572208
 0.000805685
-0.000556064
 0.000019604
-0.000622951
 0.001927048
-0.000572208
 0.000805685
-0.000556064
 0.000019604
-0.000373153
-0.000582614
 0.000235598
 0.000568688
-0.000386527
 0.000568688
-0.000386527
-0.000373153
-0.000600960
-0.000386527
-0.000600960
 0.000235598
 0.000805685
-0.000584411
 0.000487468
 0.000019604
-0.000622951
 0.000805685
 0.000487468
 0.000019604
 0.002813106
 0.000385445
-0.000584411
 0.000487468
 0.000385445
-0.000373153
-0.000600960
 0.000235598
-0.000584411
-0.000600960
-0.000584411
 0.000107655
 0.001276477
-0.000210628
-0.000828215
-0.000698879
 0.001276477
-0.000210628
-0.000765973
-0.000828215
-0.000765973
-0.000828215
 0.000230919
-0.000586875
 0.000107655
-0.000698879
 0.000306818
-0.000593944
 0.000297884
-0.000586875
-0.000669904
-0.000670857
-0.000626050
-0.000670857
-0.000698879
-0.000765973
-0.000669904
-0.000626050
-0.000670857
-0.000593944
-0.000683926
 0.000117884
-0.000669904
-0.000626050
-0.000744013
-0.000765973
-0.000557078
-0.000557893
-0.000683926
-0.000669904
-0.000626050
-0.000744013
-0.000815613
-0.000557893
-0.000557078
-0.000815613
-0.000557893
-0.000683926
 0.000117884
-0.000770867
-0.000744013
 0.000285108
-0.000557078
-0.000683926
 0.001295417
-0.000172560
-0.000770867
-0.000744013
-0.000770867
 0.000285108
-0.000172560
-0.000770867
-0.000786395
-0.000909405
-0.000748080
-0.000815613
-0.000786395
-0.000909405
-0.000748080
-0.000909405
 0.000285108
-0.000748080
-0.000557078
-0.000815613
 0.000285108
-0.000748080
-0.000622951
 0.000297884
 0.000117884
-0.000622951
 0.002813106
-0.000638659
 0.000117884
 0.001295417
-0.000301550
 0.002813106
 0.000385445
-0.000638659
 0.001295417
-0.000301550
-0.000172560
-0.000638659
-0.000301550
 0.000385445
-0.000638659
-0.000301550
-0.000172560
 0.001874762
 0.002018532
 0.002443805
 0.001445530
 0.001874762
 0.001445530
 0.001874762
 0.002018532
 0.002443805
 0.001445530
 0.001874762
 0.003393154
 0.002160866
 0.001445530
 0.004797331
 0.001327231
 0.002160866
 0.001327231
 0.001464945
 0.001204183
 0.001123299
 0.001394386
 0.001123299
 0.001394386
 0.001204183
 0.001132311
 0.001123299
 0.001132311
 0.001433734
 0.002018532
 0.002475565
 0.001433734
 0.001324349
 0.002018532
 0.003393154
 0.001366414
 0.002475565
 0.001464945
 0.001433734
 0.001324349
 0.003393154
 0.001366414
 0.002160866
 0.001464945
 0.001204183
 0.001458445
 0.001132311
 0.002044292
 0.001324349
 0.001366414
 0.001201016
 0.001245232
 0.001464945
 0.001458445
 0.001324349
 0.001078717
 0.001245232
 0.001366414
 0.002160866
 0.001201016
 0.001249155
 0.001201016
 0.001245232
 0.001078717
 0.001245232
 0.001173897
 0.001201016
 0.001173897
 0.001249155
 0.001897291
 0.001032453
 0.002014466
 0.001173897
 0.001703112
 0.000940727
 0.001032453
 0.001458445
 0.002044292
 0.001078717
 0.000928845
 0.002044292
 0.000928845
 0.001078717
 0.000928845
 0.002854359
 0.000940727
 0.001309183
 0.000928845
 0.001309183
 0.002854359
 0.001703112
 0.000940727
 0.001194244
 0.001070224
 0.001194244
 0.001843157
 0.001070224
 0.001216268
 0.002443805
 0.002371934
 0.001194244
 0.002443805
 0.004797331
 0.001950677
 0.002371934
 0.002596523
 0.004797331
 0.001327231
 0.001950677
 0.002371934
 0.001194244
 0.002596523
 0.001843157
 0.001216268
 0.001843157
 0.001216268
 0.001950677
 0.001108944
 0.002596523
 0.001074385
 0.001327231
 0.003731885
 0.001950677
 0.001108944
 0.002596523
 0.001074385
 0.001843157
 0.001521505
 0.000999752
 0.001108944
 0.001074385
 0.003731885
 0.002014466
 0.001108944
 0.000954569
 0.002268206
 0.001716479
 0.001074385
 0.002268206
 0.001521505
 0.002268206
 0.001716479
 0.001036545
 0.002980043
 0.001216268
 0.000999752
 0.001921439
 0.000725863
 0.001521505
 0.000999752
 0.000920119
 0.000725863
 0.000920119
 0.000725863
 0.001521505
 0.000836126
 0.002980043
 0.000920119
 0.002514138
 0.001036545
 0.000836126
 0.002980043
 0.000920119
 0.002514138
 0.001897291
 0.002014466
 0.000954569
 0.001703112
 0.001897291
 0.002854359
 0.001309183
 0.001127763
 0.002854359
 0.001703112
 0.001127763
 0.004125631
 0.000727898
 0.000595297
 0.001127763
 0.000595297
 0.004125631
 0.000595297
 0.001577748
 0.000954569
 0.001897291
 0.003446362
 0.000954569
 0.000735935
 0.001659015
 0.001925003
 0.003446362
 0.000727898
 0.001337095
 0.000735935
 0.001659015
 0.001925003
 0.002800384
 0.000896405
 0.000735935
 0.001925003
 0.001337095
 0.000735935
 0.000694017
 0.001925003
 0.000694017
 0.002800384
 0.000694017
 0.001938469
 0.001195821
 0.001119242
 0.000368090
 0.004125631
 0.000727898
 0.001337095
 0.004125631
 0.001577748
 0.001337095
 0.001938469
 0.001577748
 0.001490552
 0.001938469
 0.001195821
 0.001490552
 0.000334937
 0.001490552
 0.000334937
 0.002800384
 0.000896405
 0.000685072
 0.002800384
 0.000685072
 0.001119242
 0.002350792
 0.001119242
 0.000368090
 0.000257971
 0.000543118
 0.002350792
 0.000543118
 0.000257971
 0.000543118
 0.001195821
 0.000368090
 0.001195821
 0.000334937
 0.000572614
 0.000334937
 0.000239306
 0.000368090
 0.000572614
 0.000257971
 0.001341018
 0.000572614
 0.000239306
 0.001341018
 0.000239306
 0.000302971
 0.001341018
 0.000302971
 0.000684198
 0.000534948
 0.000684198
 0.000711486
 0.000684198
 0.000711486
 0.000381908
 0.000534948
 0.000632825
 0.000381908
 0.001349172
 0.000192576
 0.000469887
 0.000632825
 0.001349172
 0.000141785
 0.000192576
 0.000141785
 0.000192576
-0.000059779
 0.000469887
-0.000059779
 0.000693265
 0.001895678
 0.000381908
 0.000632825
 0.000381908
 0.000637199
 0.001639426
 0.000532214
 0.001639426
 0.000637199
 0.000532214
 0.000306880
 0.000532214
 0.000945896
 0.000532214
 0.000306880
 0.000945896
 0.002256959
 0.001000038
 0.000225662
 0.000632825
 0.000637199
 0.000306880
 0.000141785
 0.000144897
 0.000141785
 0.000066289
 0.000144897
-0.000059779
 0.000066289
-0.000059779
 0.000693265
-0.000110361
 0.000306880
 0.000225662
 0.000144897
 0.000066289
 0.000144897
 0.000084473
 0.001000038
 0.000225662
 0.000084473
 0.000034537
 0.000066289
 0.000084473
 0.000034537
 0.000801020
-0.000110361
 0.000272341
 0.000469887
 0.000272341
-0.000291920
 0.000688730
-0.000291920
 0.001895678
 0.000272341
 0.000469887
 0.000693265
 0.001895678
 0.000272341
-0.000297939
-0.000291920
 0.003125074
 0.000688730
-0.000291920
 0.000693265
 0.000722812
-0.000297939
 0.000801020
 0.000722812
-0.000228177
 0.000688730
 0.000634737
-0.000485272
-0.000297939
 0.003125074
 0.000313901
 0.003125074
 0.000688730
 0.000313901
 0.000957385
 0.000634737
 0.000957385
 0.000295161
 0.000634737
-0.000485272
-0.000541039
 0.000295161
-0.000485272
-0.000319360
-0.000541039
-0.000319360
 0.002306524
-0.000297939
 0.000313901
-0.000350866
 0.000313901
-0.000350866
 0.000957385
-0.000384323
 0.000957385
-0.000384323
 0.000295161
 0.000144257
 0.000722812
 0.002306524
-0.000228177
-0.000350866
 0.000501357
-0.000350866
-0.000384323
 0.000833172
 0.000501357
 0.000833172
-0.000155869
-0.000384323
 0.000833172
 0.001754219
 0.000144257
 0.000295161
-0.000319360
-0.000527884
 0.000144257
-0.000527884
-0.000301570
-0.000555001
-0.000155869
 0.001754219
-0.000317881
 0.001754219
-0.000317881
 0.000144257
 0.001435841
-0.000301570
 0.001435841
-0.000301570
-0.000319360
-0.000527884
-0.000555001
 0.000567697
-0.000555001
 0.000567697
 0.000945896
 0.000773226
 0.002256959
 0.000773226
 0.000276105
 0.000773226
 0.002256959
 0.001000038
 0.000276105
 0.003573404
 0.000276105
 0.001266770
 0.003573404
 0.001000038
 0.000102085
 0.000801020
 0.003573404
 0.000102085
 0.000723125
 0.001266770
 0.003573404
 0.000723125
 0.001219577
 0.000082859
 0.001219577
 0.000082859
 0.001394070
 0.000721741
 0.000102085
 0.002497113
 0.000723125
-0.000103190
 0.002497113
 0.000801020
-0.000103190
-0.000228177
 0.001060913
 0.000539488
 0.001872525
 0.000723125
-0.000103190
 0.001394070
-0.000103190
 0.001060913
-0.000131925
 0.001394070
-0.000131925
 0.000721741
-0.000111926
 0.001060913
-0.000131925
 0.000409147
 0.001872525
 0.001872525
-0.000218752
-0.000063585
-0.000111926
 0.000409147
-0.000250087
 0.000409147
 0.001872525
-0.000218752
-0.000055887
-0.000250087
-0.000055887
 0.001542286
 0.000082859
 0.000721741
 0.000006131
 0.000721741
-0.000111926
 0.000104494
-0.000111926
 0.000104494
 0.000945941
-0.000250087
 0.000945941
-0.000250087
-0.000228177
 0.000191640
 0.000006857
-0.000114956
 0.000006857
 0.000191640
-0.000114956
 0.000779387
-0.000114956
 0.000825216
 0.000481515
-0.000114956
 0.000825216
 0.000779387
 0.001111869
 0.000825216
 0.001111869
 0.000127907
 0.000481515
 0.000127907
-0.000543774
 0.002897248
 0.001399543
 0.000221512
 0.000191640
 0.000429923
 0.000221512
 0.000429923
 0.000221512
-0.000021656
 0.000560833
 0.000429923
 0.002057587
 0.000429923
 0.002057587
 0.000560833
 0.000103543
 0.000147683
 0.002079100
 0.000191640
-0.000021656
 0.000779387
-0.000021656
 0.000560833
 0.000779387
 0.001111869
-0.000315466
 0.001111869
-0.000315466
-0.000323299
 0.000127907
-0.000323299
 0.000127907
-0.000543774
 0.001984706
 0.000560833
 0.002079100
-0.000315466
 0.000147683
 0.002079100
 0.000890828
 0.000446197
-0.000315466
 0.000890828
-0.000323299
 0.000890828
 0.000446197
-0.000323299
-0.000434671
 0.001984706
-0.000434671
 0.000334085
 0.000343019
 0.000481515
-0.000584136
-0.000389812
-0.000285771
 0.000481515
-0.000584136
 0.002897248
-0.000584136
-0.000543774
 0.002897248
-0.000389812
 0.000049157
-0.000389812
-0.000285771
 0.001209062
-0.000543774
 0.000343019
 0.000049157
-0.000285771
-0.000932934
 0.000125469
-0.000768185
 0.000049157
 0.001209062
-0.000285771
-0.000768185
 0.001209062
-0.000932934
-0.000873248
-0.000932934
-0.000873248
 0.000125469
-0.000673074
-0.000930569
-0.000885082
-0.000983075
-0.000885082
-0.000930569
-0.000846779
-0.000983075
-0.000846779
-0.000983075
-0.000595688
-0.000768185
 0.000049157
-0.000743491
-0.000768185
-0.000743491
-0.000704475
-0.000873248
-0.000704475
-0.000873248
-0.000851386
-0.000673074
 0.000334085
-0.000595688
 0.000343019
-0.000602758
-0.000743491
-0.000602758
-0.000742537
 0.000059370
-0.000743491
-0.000704475
-0.000742537
-0.000704475
-0.000742537
-0.000753200
-0.000851386
-0.000851386
-0.000875585
-0.000672255
-0.000875585
 0.000179676
 0.000059370
-0.000753200
 0.001228015
-0.000753200
 0.001228015
-0.000247733
-0.000851386
-0.000875585
-0.000247733
-0.000875585
-0.000673074
-0.000930569
-0.000672255
-0.000930569
-0.000672255
 0.000179676
-0.000846779
 0.000179676
-0.000846779
-0.000434671
 0.002007334
 0.000030826
 0.000091707
 0.001951942
-0.000081056
 0.000186131
 0.001951942
 0.000186131
 0.002007334
 0.000030826
-0.000081056
 0.000186131
-0.000273960
 0.000400136
 0.002007334
 0.000091707
 0.000433742
 0.000816454
 0.000433742
 0.000816454
-0.000434671
-0.000397830
 0.000334085
-0.000397830
 0.000070178
 0.001962990
 0.002007334
 0.000400136
 0.000816454
-0.000273960
 0.000400136
 0.000531640
-0.000397906
 0.000816454
-0.000397906
-0.000397830
-0.000397906
 0.000969328
-0.000397830
 0.000070178
 0.000070178
-0.000589469
 0.002846051
 0.000531640
 0.000969328
-0.000374500
 0.000634138
 0.000969328
 0.000634138
 0.000070178
 0.002846051
 0.000634138
 0.000415452
-0.000081056
 0.001024196
-0.000273960
 0.001024196
 0.000022698
 0.001024196
 0.000022698
-0.000065451
 0.000022698
-0.000325033
-0.000273960
-0.000065451
 0.000531640
-0.000065451
-0.000325033
 0.000531640
-0.000374500
-0.000325033
-0.000374500
 0.000334085
-0.000589469
 0.000059370
-0.000589469
 0.002846051
-0.000628984
 0.000059370
 0.001228015
-0.000628984
-0.000363545
 0.001228015
-0.000247733
-0.000363545
-0.000247733
-0.000363545
 0.002846051
-0.000628984
 0.000415452
-0.000628984
 0.000415452
-0.000612245
 0.000261692
-0.000404155
-0.000598904
 0.000473704
 0.000374020
 0.000204912
 0.000777905
-0.000598904
 0.000473704
-0.000004042
-0.000645779
 0.000777905
 0.000473704
-0.000004042
 0.002792905
 0.000374020
-0.000616173
-0.000598904
-0.000404155
-0.000616173
 0.000204912
-0.000598904
-0.000351546
-0.000597263
 0.000024585
 0.001366758
-0.000351546
-0.000318274
-0.000442851
 0.001366758
-0.000351546
-0.000442851
 0.001600301
 0.000024585
-0.000597263
 0.000534881
-0.000597263
 0.000534881
-0.000404155
-0.000614454
 0.000024585
-0.000614454
 0.000204912
 0.000777905
-0.000614990
-0.000598051
-0.000004042
-0.000645779
 0.001893014
 0.000777905
-0.000614990
-0.000598051
-0.000004042
-0.000318274
 0.001600301
 0.000194738
 0.001600301
 0.000024585
-0.000614990
 0.000595874
 0.000194738
 0.000595874
-0.000612245
-0.000598051
 0.000258950
 0.001893014
-0.000614990
 0.000595874
-0.000598051
-0.000404155
-0.000614454
 0.000204912
-0.000773507
 0.000283757
-0.000179425
-0.000773507
-0.000698736
 0.000101778
-0.000751959
-0.000773507
-0.000557425
 0.000283757
-0.000698736
 0.001282727
-0.000179425
-0.000751959
-0.000773507
-0.000904552
-0.000746794
-0.000904552
-0.000779692
-0.000904552
-0.000779692
-0.000815784
-0.000746794
-0.000904552
-0.000557425
-0.000815784
-0.000825867
-0.000773414
 0.000235542
 0.001255135
 0.000082284
-0.000224515
-0.000825867
-0.000224515
 0.001255135
-0.000720545
-0.000825867
-0.000773414
-0.000623823
-0.000690066
-0.000698736
 0.000101778
-0.000644878
-0.000773414
-0.000751959
-0.000557425
-0.000558151
-0.000690066
-0.000644878
-0.000698736
-0.000751959
-0.000625082
 0.000082284
-0.000720545
 0.000261692
-0.000625082
 0.000258950
-0.000623823
-0.000690066
-0.000691454
-0.000720545
-0.000644878
-0.000691454
-0.000773414
-0.000690066
-0.000644878
-0.000691454
-0.000815784
-0.000558151
-0.000557425
-0.000815784
-0.000558151
-0.000649573
-0.000309335
 0.000374020
-0.000649573
-0.000309335
-0.000179425
-0.000645779
 0.002792905
-0.000649573
 0.000101778
 0.001282727
-0.000309335
 0.002792905
 0.000374020
-0.000649573
 0.001282727
-0.000309335
-0.000179425
 0.000258950
-0.000645779
 0.000101778
-0.000398340
 0.001643386
-0.000407615
-0.000198738
-0.000407615
-0.000198738
-0.000462988
-0.000198738
 0.001432980
 0.000121061
-0.000398340
 0.001643386
 0.000017653
 0.002808606
-0.000448838
 0.000577281
 0.000352890
 0.000577281
 0.000855126
 0.000017653
 0.000394313
 0.002808606
 0.001643386
-0.000284670
 0.000636178
-0.000558449
 0.000017653
-0.000631757
 0.000636178
 0.000201489
-0.000558449
-0.000612245
 0.001899644
 0.000261692
-0.000462988
 0.000121061
 0.000352890
 0.000855126
 0.000121061
 0.001643386
 0.000636178
-0.000570309
 0.000855126
-0.000570309
-0.000558449
 0.000017653
 0.000636178
-0.000570309
-0.000558449
 0.000770149
-0.000407615
 0.000770149
-0.000407615
-0.000462988
-0.000249816
-0.000416930
-0.000448838
-0.000416930
-0.000249816
-0.000448838
 0.000352890
-0.000462988
-0.000249816
 0.000352890
-0.000612245
-0.000643041
 0.002808606
-0.000631757
-0.000347579
 0.001255135
 0.000082284
-0.000224515
-0.000347579
-0.000224515
-0.000347579
 0.001255135
-0.000643041
 0.000394313
-0.000643041
 0.000394313
 0.002808606
-0.000631757
 0.000261692
 0.000082284
