0.202715640
0.206340915
0.206340915
0.202715640
0.195971637
0.187015507
0.176969737
0.166969549
0.157994077
0.150769767
0.145757586
0.143202608
0.143202608
0.145757586
0.150769767
0.157994077
0.166969549
0.176969737
0.187015507
0.195971637
0.229104522
0.237159878
0.237159878
0.229104522
0.214365596
0.195329666
0.174803783
0.155380610
0.138961266
0.126569848
0.118475435
0.114526617
0.114526617
0.118475435
0.126569848
0.138961266
0.155380610
0.174803783
0.195329666
0.214365596
0.251675998
0.264555437
0.264555437
0.251675998
0.228400860
0.198988971
0.168299775
0.140560901
0.118487607
0.103017055
0.093682859
0.089419323
0.089419323
0.093682859
0.103017055
0.118487828
0.140560901
0.168299775
0.198988797
0.228400663
0.268704527
0.286305571
0.286305571
0.268704527
0.237196387
0.198054445
0.158299529
0.123793894
0.097915473
0.081226187
0.072170703
0.068446153
0.068446153
0.072170703
0.081226187
0.097915473
0.123793894
0.158299529
0.198054445
0.237196387
0.278776570
0.300484950
0.300484950
0.278776570
0.240192338
0.192890490
0.145882817
0.106478301
0.078534126
0.062077838
0.054339165
0.051694284
0.051694284
0.054339165
0.062077838
0.078534126
0.106478301
0.145882817
0.192890490
0.240192338
0.280963460
0.305720009
0.305720009
0.280963460
0.237196387
0.184079508
0.132188382
0.089925518
0.061427607
0.046161737
0.040245673
0.038882338
0.038882338
0.040245673
0.046161737
0.061427607
0.089925518
0.132188382
0.184079508
0.237196387
0.274950079
0.301383082
0.301383082
0.274950079
0.228400663
0.172324520
0.118243788
0.075180961
0.047351886
0.033751283
0.029677718
0.029496311
0.029496311
0.029677718
0.033751283
0.047351886
0.075180961
0.118243788
0.172324400
0.228400663
0.261091084
0.287693879
0.287693879
0.261091084
0.214365596
0.158362425
0.104835161
0.062899092
0.036659474
0.024808631
0.022235471
0.022920322
0.022920322
0.022235471
0.024808631
0.036659474
0.062899092
0.104835161
0.158362425
0.214365596
0.240384216
0.265708538
0.265708538
0.240384216
0.195971637
0.142898531
0.092439789
0.053292094
0.029287809
0.019018712
0.017410398
0.018540277
0.018540277
0.017410398
0.019018712
0.029287809
0.053292094
0.092439789
0.142898435
0.195971637
0.214365596
0.237196387
0.237196387
0.214365596
0.174346363
0.126569848
0.081226187
0.046161737
0.024808631
0.015849669
0.014647988
0.015807753
0.015807753
0.014647988
0.015849669
0.024808631
0.046161737
0.081226187
0.126569848
0.174346363
0.184938355
0.204421492
0.204421492
0.184938355
0.150769767
0.109938247
0.071118074
0.040999997
0.022532425
0.014631948
0.013394600
0.014263866
0.014263866
0.013394600
0.014631948
0.022532425
0.040999997
0.071118074
0.109938173
0.150769767
0.154158408
0.169865741
0.169865741
0.154158408
0.126569848
0.093503382
0.061898787
0.037138089
0.021645190
0.014647988
0.013128693
0.013533056
0.013533056
0.013128693
0.014647988
0.021645190
0.037138089
0.061898787
0.093503382
0.126569848
0.124012545
0.135934796
0.135934796
0.124012545
0.103017055
0.077724663
0.053332274
0.033909364
0.021357433
0.015223063
0.013385737
0.013303915
0.013303915
0.013385737
0.015223063
0.021357433
0.033909364
0.053332274
0.077724609
0.103017055
0.096213904
0.104691606
0.104691606
0.096213904
0.081226187
0.063036696
0.045266955
0.030794343
0.021035440
0.015807753
0.013781840
0.013314975
0.013314975
0.013781840
0.015807753
0.021035440
0.030794343
0.045266955
0.063036696
0.081226187
0.072049953
0.077660495
0.077660495
0.072049953
0.062077838
0.049852650
0.037703492
0.027519374
0.020297187
0.016044050
0.014043986
0.013360415
0.013360415
0.014043986
0.016044050
0.020297187
0.027519374
0.037703492
0.049852650
0.062077838
0.052293662
0.055719072
0.055719072
0.052293662
0.046161737
0.038544167
0.030807304
0.024092025
0.019055722
0.015807753
0.014045429
0.013320580
0.013320580
0.014045429
0.015807753
0.019055722
0.024092025
0.030807304
0.038544167
0.046161737
0.037190732
0.039093956
0.039093956
0.037190732
0.033751312
0.029405051
0.024870039
0.020771002
0.017509182
0.015223063
0.013843728
0.013213696
0.013213696
0.013843728
0.015223063
0.017509214
0.020771002
0.024870039
0.029405025
0.033751283
0.026514374
0.027446625
0.027446625
0.026514374
0.024808631
0.022605594
0.020230124
0.017982271
0.016082053
0.014647988
0.013711218
0.013254219
0.013254219
0.013711218
0.014647988
0.016082053
0.017982271
0.020230124
0.022605594
0.024808631
0.019673206
0.020025032
0.020025032
0.019673206
0.019018712
0.018149535
0.017174610
0.016204109
0.015333055
0.014631948
0.014145524
0.013897568
0.013897568
0.014145524
0.014631948
0.015333055
0.016204109
0.017174610
0.018149535
0.019018712
0.174346363
0.015849669
