-0.000665101
 0.005502228
 0.004971698
 0.000346831
 0.003213152
 0.000966075
-0.000023657
 0.003516480
 0.003182215
 0.004679259
 0.008301327
 0.008767548
 0.008493633
 0.001176101
 0.006413812
 0.000241770
 0.005444983
 0.005308548
 0.004530494
 0.001712228
 0.003717922
 0.003124146
 0.002682668
 0.007121654
-0.000700444
-0.000681674
 0.007822525
 0.002249705
 0.001686918
-0.000261942
 0.000527586
-0.000476584
-0.000290147
 0.000222657
 0.002623890
 0.000063818
-0.001171869
-0.001206514
-0.001149106
 0.004351828
 0.002171231
 0.001029102
-0.003786850
 0.000341732
-0.000259344
 0.003900552
 0.004247735
 0.004837983
 0.003949123
 0.001495511
-0.000600904
-0.000676904
-0.000747020
-0.001862338
 0.001266185
 0.005030996
 0.001882930
 0.001589338
 0.001129949
 0.003187322
 0.001736659
 0.000216519
 0.000794097
 0.000614361
 0.000634438
 0.000436668
 0.002373116
-0.000667089
-0.000508634
-0.000280437
 0.000943963
 0.000853488
 0.001350231
 0.008730460
 0.003629710
 0.003047079
 0.002264982
 0.000753071
 0.000388767
 0.000195152
-0.000355683
-0.001548802
 0.000437548
-0.000724116
-0.000741753
 0.001197194
 0.003393351
 0.002059016
 0.002676334
 0.000327922
 0.003325142
-0.000033669
-0.000840970
 0.001137750
-0.002476935
-0.002354245
-0.001506949
-0.000903917
 0.001916998
 0.000364141
 0.003827151
 0.003120923
 0.006458549
 0.004827763
 0.001343124
-0.002199260
 0.000951763
 0.000633947
 0.002114248
 0.002463403
 0.006293626
-0.004448363
 0.001862229
 0.003029152
 0.003680804
 0.006925897
 0.007757109
 0.002129485
 0.004251323
-0.004516683
 0.001686737
 0.001148662
 0.001036808
 0.004028671
-0.000204114
-0.001902260
-0.003445099
 0.002835961
 0.002566378
 0.001872710
 0.000729333
 0.001632076
-0.000523356
-0.000285482
 0.003988476
 0.000230337
-0.000574840
 0.002733594
 0.003509294
 0.002186543
 0.001174408
 0.003160733
 0.003998185
 0.000162572
-0.002337529
-0.005426418
-0.004784545
 0.003227272
 0.002891923
 0.002423153
 0.001905785
 0.001070149
 0.002738837
 0.001246552
 0.002207069
 0.004485445
 0.006603695
-0.001975505
 0.002754357
 0.001642638
 0.000561763
-0.003490876
-0.005501156
 0.002238122
 0.003338821
 0.002773370
 0.004111171
 0.003410733
 0.002991688
 0.001145018
-0.000506158
-0.001621844
 0.000629279
-0.000812227
-0.005579943
 0.002007761
 0.002776894
 0.002998657
 0.001019959
 0.005664038
 0.006487168
-0.001614245
 0.001686406
 0.000847084
 0.000345212
 0.004663264
 0.002014078
-0.000037600
 0.002836547
 0.000284960
-0.000909957
 0.002172993
 0.002162529
 0.002466164
-0.000868151
 0.000639100
 0.001648920
 0.002384315
 0.001179596
 0.001867842
-0.003559813
 0.009187323
 0.006543644
 0.000544707
-0.001953348
-0.005283649
-0.005174414
 0.002430781
 0.002465097
 0.002072349
 0.000776569
 0.000069991
 0.007089437
 0.002362229
 0.001165959
-0.004415888
-0.004928250
-0.004354614
 0.002394275
 0.001832443
 0.002558110
 0.003912678
 0.001771812
 0.007482797
 0.003158991
 0.001882032
 0.000860750
-0.003828187
 0.001580350
 0.001831984
 0.001684672
 0.001849595
 0.000772752
 0.001015217
 0.002789344
 0.002973506
 0.003867047
 0.001307294
 0.001667063
 0.003368725
 0.006263951
 0.002438254
 0.000869455
-0.000132336
 0.003045718
 0.002911045
 0.001302934
 0.002959157
 0.005248029
 0.001756385
-0.001276080
-0.004478580
-0.004819806
 0.002525705
 0.003007806
 0.002696069
 0.003889006
 0.001347157
 0.006121151
 0.002819034
 0.001664233
 0.001006499
 0.003696684
 0.001600921
-0.000169721
 0.000306862
 0.002881935
 0.000350052
 0.003783648
 0.007918069
 0.002709181
 0.002351896
 0.002194168
 0.000265873
-0.000762836
-0.001922327
 0.003333021
 0.002665307
 0.001557846
 0.005222829
 0.005478403
 0.001149428
 0.002416418
 0.001902450
 0.001425410
 0.000243862
-0.004464940
 0.003974699
 0.003321393
 0.003100316
 0.000638879
-0.000505110
 0.002622046
 0.007592466
 0.004433608
 0.004652709
-0.001555697
 0.002648223
 0.001714776
 0.000965321
-0.000407991
 0.000590089
-0.000638501
-0.003594139
-0.004188454
 0.002394863
 0.001639644
 0.002250708
 0.000803665
 0.005525581
-0.002279589
 0.002329175
 0.001821059
 0.002839439
-0.000007484
-0.002153529
 0.001525729
 0.002859657
 0.001326153
 0.001723869
 0.001971328
 0.001873378
 0.000846132
 0.003655920
 0.004936435
 0.005660475
 0.005336905
 0.007480501
 0.001612581
 0.000438016
 0.002017241
-0.000308962
-0.002473903
 0.002068618
 0.001329731
 0.002571942
-0.000389145
 0.007757354
 0.001926583
 0.001835841
-0.002891517
-0.004112416
 0.002637811
 0.002154832
 0.001015710
 0.001255118
-0.001219304
-0.000524092
 0.002231253
 0.008611946
 0.005873440
 0.000801831
 0.000929655
 0.000335094
-0.000421484
-0.000075153
 0.001467095
 0.004784992
-0.000101708
 0.002535079
 0.002116128
 0.004032573
 0.006271117
 0.000825364
 0.001310287
 0.000380929
 0.000243702
-0.000168747
 0.000149628
-0.003607265
 0.002107547
 0.001347112
 0.002688849
 0.002334634
 0.000839668
 0.001660565
-0.001277709
 0.003123402
 0.001628803
 0.000568510
 0.010546184
 0.002071202
 0.001787159
 0.001091392
 0.000972829
 0.001198563
-0.000264382
-0.003151915
 0.002687164
 0.003240087
 0.005955189
 0.003025575
 0.005090259
 0.000798223
 0.000437978
 0.001150588
 0.001243339
 0.000564714
-0.002287110
-0.001506481
 0.002906878
 0.000865799
 0.000949668
 0.008774040
 0.004664838
 0.001584126
 0.003593517
 0.001158030
 0.001117411
-0.000015264
 0.002121239
 0.003249767
 0.003214747
 0.002548378
 0.001743081
 0.005864615
 0.000328390
 0.001766698
-0.002334470
 0.002333560
 0.001349337
 0.000971458
 0.002308570
 0.000767457
 0.001298702
 0.002606916
 0.000656054
 0.002563075
 0.001501946
 0.001124337
 0.000824119
-0.000015760
 0.001571820
 0.002343049
 0.002871785
 0.000260730
 0.001110787
 0.008361857
-0.000412639
 0.005712010
 0.007865356
 0.000205224
 0.001110508
 0.001648901
 0.001098145
 0.000964225
-0.001529106
 0.010547231
 0.000723710
 0.001709632
 0.001763844
 0.007930090
 0.000581111
 0.001970520
-0.000042997
 0.001202163
 0.000354012
-0.000334688
-0.000149965
-0.001989538
 0.005144435
-0.000872161
 0.001909117
 0.002533091
 0.004756180
 0.004402312
 0.002267884
 0.001136688
-0.002242912
 0.000798455
-0.002231749
-0.000363733
 0.000775474
 0.002506668
-0.000449553
 0.000453749
 0.000686669
 0.001959327
 0.000053797
-0.001139384
-0.001950895
-0.001715423
 0.002443483
 0.001969877
 0.001940874
 0.005915476
 0.001659171
 0.000807226
 0.000365707
 0.002078972
-0.000126641
 0.001014588
-0.001655731
-0.001735597
 0.001207875
 0.002191732
 0.001863317
 0.005505205
 0.004528313
-0.000674010
 0.000942543
 0.001208801
-0.000370807
-0.000270407
-0.001557358
 0.000347759
 0.001684887
 0.006439503
 0.002018546
-0.000064899
-0.000030920
-0.000393518
 0.000471062
-0.001749372
 0.000543896
 0.000994249
 0.001107727
 0.007876409
-0.001738640
 0.001596112
 0.002779283
-0.000878728
-0.001694066
 0.000537599
-0.000124406
-0.000359556
 0.001270849
-0.001844203
-0.001126709
-0.000921958
 0.001270922
-0.001777855
-0.001423940
 0.000431232
-0.000390478
 0.001029059
 0.000428922
 0.000202642
 0.000831688
 0.001200443
-0.000664748
 0.004230013
-0.000461825
 0.000484060
 0.001698787
 0.001507638
 0.000575434
 0.006064067
 0.001305956
 0.005830044
 0.003728705
 0.005190762
-0.002131874
-0.001993276
-0.000567553
-0.000352802
 0.000077727
 0.002844902
-0.000323620
 0.001832709
 0.003337275
 0.004742302
 0.006481288
 0.003491531
 0.003898403
 0.001923764
 0.005770905
 0.005650582
 0.000191347
 0.001486591
 0.002759092
 0.005146856
 0.004046137
 0.001245576
 0.003570287
 0.002211397
 0.001132575
 0.001851421
 0.002440211
 0.002480970
 0.001863530
 0.001290849
 0.003138034
 0.006236464
 0.006116885
-0.000461674
 0.000195490
 0.001773684
 0.001372008
 0.000142230
 0.002734582
 0.001323956
 0.004066573
 0.006914000
 0.001955469
 0.002577921
 0.004689378
 0.000332815
-0.000648288
 0.001482648
 0.000744195
 0.004169606
 0.003434419
 0.007484034
 0.004145001
 0.005773558
 0.002388097
 0.002301851
 0.006898503
 0.001841641
 0.000315918
 0.006503703
 0.002517478
 0.003246626
 0.000442556
 0.003802679
 0.008620058
 0.000935028
-0.000108467
-0.000201373
 0.000387194
 0.005961647
 0.007522467
 0.003591235
 0.002564364
 0.000030753
 0.001012873
 0.004729467
 0.002444558
 0.002667533
 0.002092803
 0.002737057
 0.000452751
 0.000922832
 0.002034130
 0.000602491
 0.000274348
 0.000369594
 0.003963752
 0.000967626
 0.001381121
-0.001351232
 0.001775750
 0.001841062
 0.002510262
 0.002303526
 0.006923559
 0.001199370
 0.000593450
 0.004762106
 0.004403604
 0.001636794
 0.001039273
 0.002974402
 0.002543782
 0.002492500
 0.003793837
 0.000802560
 0.000137477
 0.002325121
 0.001255274
 0.002041474
 0.000854836
 0.001415183
 0.002479632
 0.001347951
 0.000362604
-0.000616264
-0.001540545
 0.004005294
-0.002131917
 0.007407286
-0.001176827
 0.003585494
 0.009057792
-0.000499836
-0.000021611
 0.002305159
 0.002641453
 0.002668828
 0.001071283
 0.000919792
 0.001288763
 0.002933281
 0.004023156
 0.004210188
 0.000128587
 0.000528634
-0.001536806
 0.000374915
 0.004968808
 0.001311763
 0.001258798
 0.001194011
-0.002062136
 0.002501464
 0.008835455
 0.000507485
 0.000525302
 0.000624243
 0.000157334
 0.001895151
 0.000206612
 0.000596111
-0.001721865
 0.001650236
-0.000110587
 0.001487863
 0.000769268
-0.000878584
-0.000253561
 0.000992057
 0.003013998
 0.005069060
 0.005845540
 0.004167163
 0.000695117
 0.000382721
 0.003821216
 0.000571200
 0.003994680
 0.000636956
-0.002979659
 0.005340558
 0.002636366
 0.003255425
 0.006789361
 0.005466164
 0.007177535
 0.001518979
 0.000909528
-0.000535337
 0.000546187
 0.001715040
 0.003287475
 0.008208614
 0.004922406
-0.003677317
 0.002652363
 0.002766823
 0.006284745
 0.007403262
 0.001638316
 0.002946699
-0.000639689
 0.001478957
 0.001672571
 0.000398404
 0.000301910
-0.002438887
-0.003132886
 0.001590631
 0.001355150
 0.002822343
 0.005905334
 0.003479142
 0.002608786
 0.000746509
 0.001432261
-0.000726743
 0.000315497
-0.002650118
 0.007315620
 0.000611575
 0.002176716
 0.001401730
 0.000209118
-0.000592506
 0.002341201
 0.001458641
 0.002930060
 0.006989805
 0.001293545
 0.001569456
 0.000374258
 0.002338527
-0.001916860
 0.001367930
 0.000615056
 0.002614503
 0.002526142
 0.002853862
 0.002226394
 0.001489019
 0.001169620
 0.000519359
 0.001139394
-0.001294067
 0.007844027
 0.003098847
 0.002844912
 0.001634272
 0.001506125
 0.002286621
 0.001333152
 0.009272713
 0.003667528
 0.003775593
 0.002793037
-0.000736740
 0.001985050
 0.004394615
 0.001671586
 0.002299870
 0.002394391
 0.001470143
-0.000536996
 0.002035903
 0.003310800
 0.002455119
 0.002735883
 0.001411795
 0.005130717
 0.005247882
 0.002414385
 0.001123767
 0.001264453
-0.000298982
-0.000390687
 0.002299268
 0.006430689
 0.001924303
 0.003000384
 0.002320632
 0.003798541
 0.001694769
 0.000723954
 0.001472244
 0.003161812
 0.005319345
-0.001519979
 0.000238025
 0.002559338
 0.002878813
 0.001055529
 0.000575323
 0.002256493
 0.007649707
 0.004017058
 0.006749634
 0.002276005
 0.005540905
 0.001782771
 0.003646127
 0.001287118
 0.001237230
 0.000267313
 0.001383221
 0.001137111
 0.001079367
 0.001534988
 0.002083448
-0.000671372
 0.002966428
 0.002082305
 0.005154588
-0.000093682
 0.001662711
 0.000695327
 0.003042159
 0.001353351
-0.000082771
 0.001433212
 0.002786542
 0.001631174
 0.000814796
 0.000827491
 0.005379065
 0.002489582
 0.001776913
 0.001797303
 0.002639155
 0.008399086
 0.005833760
 0.001095794
 0.003151780
 0.002973434
 0.007244309
 0.001560704
 0.003222176
-0.000371298
 0.001337043
 0.002269574
 0.001876370
 0.003063771
 0.001931707
 0.005210268
 0.003079751
 0.006110831
 0.006869292
-0.001513048
 0.000808030
 0.001528213
 0.002937533
 0.001121595
 0.001696832
 0.001085191
 0.001280970
 0.001294621
 0.000389207
-0.001104925
 0.001770081
 0.000502798
 0.010312154
 0.005663949
 0.007304459
-0.000108261
 0.002648782
 0.001831112
 0.003156151
 0.002000673
 0.002291092
 0.001762010
 0.004035442
 0.006493262
 0.002410314
 0.005189361
 0.002202373
 0.001918284
 0.002509913
 0.004798696
-0.001860079
-0.002253596
 0.001905245
 0.009945871
 0.002206851
 0.006325005
 0.004640306
-0.002279103
 0.001619816
-0.001566252
 0.004375331
 0.002666280
 0.001632004
 0.002986897
 0.001500107
 0.004616895
 0.006482843
 0.004214850
 0.003543614
 0.003528510
 0.002018988
 0.001946105
 0.006790702
 0.003448170
 0.002767209
 0.003705194
 0.005460561
 0.006843740
 0.000910391
 0.005927227
-0.002173187
 0.001273357
 0.004100220
 0.000998053
 0.001202022
 0.003278225
 0.005705593
 0.002121889
 0.002759424
 0.002163057
 0.000702806
 0.008089159
 0.004095679
 0.000261516
 0.004570305
 0.004858243
 0.005206050
 0.010917238
 0.001473604
 0.009931120
 0.001292274
 0.003398162
 0.004332547
 0.000017403
 0.002086311
 0.010571445
 0.001897792
 0.006936902
 0.001140894
 0.001293553
 0.003924953
 0.004446942
 0.004474825
 0.004138063
 0.001430691
 0.002239621
 0.002575997
 0.000778666
 0.008501731
 0.002207876
 0.003434406
-0.000765363
 0.002910909
 0.000941534
 0.010455958
 0.003262208
 0.001905959
 0.002030298
 0.001351843
-0.000167623
 0.004842563
 0.007067812
 0.003090912
 0.002348463
 0.001835893
 0.004023374
-0.002161168
 0.001804132
 0.010019102
 0.009642954
 0.001078769
 0.001992062
 0.002840549
 0.000934072
-0.000191902
 0.003297643
 0.002751289
-0.000077669
 0.001881718
 0.000765397
 0.002230501
 0.001361281
 0.005465790
 0.001957094
-0.000955506
-0.000714709
 0.004397393
 0.001155180
 0.002833099
 0.001760459
 0.002160995
 0.002226328
 0.005960832
 0.002233885
 0.001966351
-0.001737270
 0.002727105
 0.002941898
-0.001084231
 0.000165779
 0.001206946
 0.008673251
 0.001194557
 0.004668181
-0.001812828
 0.006663582
 0.001442950
 0.002211461
-0.000386439
-0.002529497
-0.000147993
 0.000848958
 0.001508098
 0.003226775
 0.000189597
-0.000111065
 0.002812462
-0.002252676
-0.002084375
 0.001229612
-0.003747681
 0.000074677
 0.001679495
 0.002256867
 0.001460907
 0.000975684
-0.003511493
-0.002980841
 0.001171891
 0.004571300
 0.004568179
 0.003552483
 0.001714651
 0.002209192
 0.000985442
-0.000528803
 0.001021945
 0.000330231
 0.001264358
 0.005327420
 0.008977142
 0.003645598
 0.001342442
 0.000416772
-0.001611278
 0.000670072
 0.000909416
 0.000281578
 0.000723350
 0.003497655
 0.008099395
 0.001098023
 0.008698393
 0.002554402
-0.000975462
 0.000881783
-0.003465734
 0.002786055
 0.001564482
 0.001309486
 0.001323874
 0.002088958
-0.001334169
-0.001097521
 0.000858739
 0.001765314
 0.002683189
 0.001187185
 0.000664749
 0.000770064
-0.001257846
 0.005005015
 0.001125709
 0.000171644
 0.011003904
 0.005466288
 0.000507872
-0.000208163
-0.000152086
 0.001076351
 0.001085182
 0.003616727
 0.001323917
 0.000702866
 0.004670828
 0.003097786
-0.002160270
 0.005595660
 0.001105294
 0.001808715
 0.002597934
 0.003379549
 0.002237678
 0.004397616
 0.001381837
-0.001487704
-0.000932603
 0.000624265
 0.003829186
 0.003854265
 0.009703388
 0.002777342
 0.001455990
 0.006862339
 0.000344049
-0.001275884
-0.000648056
-0.000047068
-0.000109798
 0.000616830
 0.002726560
 0.005238357
 0.002121250
 0.004650442
 0.002270111
-0.002289448
 0.001806680
-0.000368486
-0.001344163
 0.002154681
 0.002073704
 0.005736404
-0.002252783
 0.000229500
 0.001508850
 0.002246325
 0.002144802
 0.001827531
 0.009708211
 0.002973639
 0.006346200
 0.001046177
 0.002043463
 0.001653006
 0.000115900
-0.000522550
 0.000293506
 0.002227914
 0.000808914
 0.000057242
 0.000169302
-0.000862931
 0.001817395
 0.002299239
 0.001881880
 0.004118557
 0.003201359
 0.001576377
 0.001264134
 0.001532829
-0.001424382
 0.001092407
 0.000020292
-0.000076811
 0.002408258
 0.004159776
 0.002807774
 0.003366925
 0.001052748
 0.007786247
 0.001685238
 0.008603094
 0.008260810
 0.000696544
 0.005961920
 0.007409247
 0.008442868
-0.001386421
 0.000618629
 0.005565730
 0.008440114
 0.007447884
 0.001140510
-0.001600723
 0.002845261
 0.005593183
 0.005255014
 0.000539863
 0.004248345
 0.003324913
 0.004854693
 0.005453373
-0.000625858
 0.005348681
 0.003422260
 0.001665083
 0.003351401
-0.001295019
-0.000896853
 0.003961633
 0.000762277
 0.004285691
 0.004549271
 0.002734799
 0.003838229
 0.001728198
 0.001115497
 0.006911383
 0.008177170
 0.007119975
 0.003235997
 0.006025239
 0.003316481
 0.002629087
 0.003259388
 0.003107419
 0.004092244
 0.005346682
-0.001037035
 0.001944944
 0.000601629
 0.007449886
 0.002024923
 0.002051690
 0.007711048
 0.003623435
 0.004680131
 0.003881880
 0.004552426
 0.006069888
 0.002761919
-0.002660251
 0.002665250
 0.005137880
 0.004767852
 0.004765792
 0.004164413
 0.005877421
 0.002925194
 0.000251343
 0.002580594
 0.006608606
 0.009625795
 0.001273435
 0.008414281
 0.002863917
-0.001420099
 0.000237549
-0.000340675
 0.003106481
-0.001812524
 0.003958628
 0.001318869
 0.008521196
 0.001633560
 0.003394482
 0.003076810
 0.003241339
-0.001042943
 0.005357580
-0.001997664
 0.001677821
 0.000351008
 0.003925213
 0.009165768
 0.000515622
 0.001410311
 0.004433041
 0.005589994
 0.001819291
 0.002120091
 0.005851231
 0.002395405
 0.004707969
 0.004386087
 0.003674548
-0.001097011
 0.005071129
 0.005135372
 0.002446455
 0.003006487
 0.000519638
-0.002149692
 0.004567620
 0.005058169
 0.001636466
 0.007617928
 0.002153186
 0.007052115
 0.006539216
 0.000191201
 0.001702450
-0.002397056
-0.000592830
 0.003633398
 0.002194316
 0.002411558
 0.001792524
 0.001097579
 0.005313426
-0.000502249
-0.000100607
-0.001217975
 0.009275044
 0.000295760
 0.001625243
 0.003297867
 0.002004085
 0.001972838
 0.002920233
 0.003112212
 0.006511348
 0.004952442
 0.001779543
-0.000641802
 0.005322616
 0.005307589
 0.006296839
 0.005104748
 0.009609939
 0.000095595
 0.003177244
-0.000416213
 0.002607610
 0.001281908
 0.002218766
 0.001426443
 0.005842609
 0.005967077
 0.007226950
 0.008898897
 0.002162946
-0.002132054
 0.000170228
 0.003027000
 0.005073890
 0.002047777
 0.003059674
 0.004496339
 0.000747522
 0.004109683
 0.007231361
 0.004817465
 0.003730468
 0.003295484
 0.005145026
 0.003729903
-0.001728407
-0.002146045
 0.000321390
 0.004665321
 0.004222860
 0.002245260
 0.001953770
 0.002996398
 0.007173714
 0.003160907
 0.001877472
-0.000783655
-0.003281017
 0.000792091
 0.003239233
 0.002201118
 0.000306854
 0.008195591
 0.003485703
 0.007359806
 0.008439900
 0.003134066
 0.001255752
-0.003503021
 0.003668181
 0.002860622
-0.000867634
 0.002585422
 0.003265858
 0.008622754
 0.008919698
 0.002359906
 0.002029429
 0.004064280
 0.008061797
 0.008802659
 0.005564353
 0.000293239
-0.004528733
-0.004500815
 0.005353970
 0.003539794
 0.002874760
 0.005645349
-0.000475008
 0.000780555
 0.002087571
 0.002206841
 0.002940773
 0.007474686
 0.002109859
 0.002491539
-0.000583441
 0.003274945
 0.005836940
 0.000558425
-0.001922519
-0.001575353
 0.002933096
 0.002682255
 0.000727188
 0.002808203
 0.006472546
 0.007938917
 0.007233744
-0.004042006
-0.004317495
 0.005796416
 0.003083727
 0.000927549
 0.001873015
 0.002445354
 0.003038951
 0.002795137
 0.001475879
 0.009744848
 0.007326534
 0.006347692
 0.006973689
 0.005999768
 0.003215799
 0.003365229
 0.008926346
 0.006636192
 0.005176740
 0.005511584
 0.006343349
 0.006418090
 0.005541801
 0.005420773
 0.002300328
 0.001399344
 0.003777075
 0.005978648
 0.005871079
 0.007705767
 0.008817321
 0.002493569
 0.008373188
 0.005795051
 0.004466297
 0.003085883
 0.003939803
 0.004245612
 0.003625454
 0.002371849
 0.001210687
 0.001557373
-0.001209310
 0.002886264
 0.000560357
 0.005303252
 0.008284030
 0.007095975
 0.002250808
 0.003385168
 0.002360567
 0.004641643
 0.005972216
 0.000837620
 0.003748241
 0.006384890
 0.003076098
 0.002912687
 0.000524180
 0.001634390
 0.003400878
 0.006024303
 0.001073364
 0.004714878
 0.001937533
 0.008377030
 0.000015080
-0.000707991
 0.002452828
 0.002819357
 0.002393039
 0.001658019
 0.002740201
 0.002157841
 0.002963874
 0.001916728
 0.003609492
-0.002433988
-0.002547118
 0.001700889
 0.008547845
-0.000081315
 0.002064691
 0.006211988
-0.001106902
 0.000818338
 0.002310962
 0.001338172
 0.000311958
-0.001445938
-0.002056297
-0.002092156
 0.000956069
 0.007845100
 0.005491397
 0.004134077
 0.003550434
 0.000168800
 0.009073669
-0.003243593
 0.004002003
 0.003201629
 0.006989364
 0.005294877
 0.003922139
 0.001854106
 0.001553078
-0.001895731
-0.004382297
 0.003737619
-0.000879586
-0.000101120
 0.001807041
-0.003054038
-0.001552287
-0.001414951
 0.000323193
-0.003944479
-0.000679285
-0.001330864
 0.005215160
 0.007960531
-0.002623762
 0.002640449
-0.002701506
-0.002193205
 0.005304534
-0.003111287
 0.003635177
-0.003743198
 0.004566839
-0.000903590
-0.003871608
-0.003542469
-0.001035533
 0.000150532
 0.005237794
-0.006088839
 0.006711530
-0.000206937
 0.004865387
-0.004612700
-0.001842415
 0.001163280
-0.006191892
-0.000792858
-0.003264238
-0.001888492
-0.000329908
-0.004969310
-0.006171102
-0.006211606
-0.005700493
 0.004781804
 0.004682598
 0.001232107
 0.003226637
-0.005323871
-0.005454223
-0.005067541
-0.003825520
-0.001030843
 0.000228562
-0.001724554
 0.003731981
 0.008207928
 0.001490223
 0.009879834
 0.000374500
 0.003337452
-0.003926044
-0.004294341
-0.002656914
-0.001691781
 0.000296887
 0.001311065
-0.003730567
-0.002557767
 0.001487535
 0.006626364
-0.002243128
-0.003176720
 0.007725940
 0.003805111
 0.004488766
-0.002636476
 0.009940140
-0.001333757
 0.000200194
 0.004762564
 0.002296294
-0.000197408
 0.001574763
 0.004229788
 0.001862174
 0.000899699
-0.003810836
 0.000600167
 0.000080319
-0.001930806
-0.002265371
 0.002333337
 0.000966094
-0.003005795
 0.006895899
-0.001002345
 0.000903820
-0.002452837
 0.004457209
-0.000173183
 0.001881599
 0.002331878
 0.008677266
 0.002528389
 0.000759053
-0.005026929
 0.000809918
 0.005017155
 0.009068603
 0.003612978
 0.005461407
 0.001113230
 0.000478576
 0.005397111
 0.003375021
 0.000951423
-0.001180602
 0.007218873
 0.008813922
 0.005104849
 0.004801534
 0.000173336
-0.000319335
 0.002244611
 0.004043196
 0.001460552
 0.002138601
 0.000178654
 0.001183782
 0.005325206
 0.003032925
 0.001397830
 0.001646836
 0.001765094
 0.000902282
 0.001069922
 0.002064514
 0.003038534
 0.004447123
 0.008386171
 0.002156866
 0.002062451
-0.001231943
 0.001598320
 0.004180551
-0.002071276
 0.000305733
 0.005899216
 0.006950286
 0.002272221
 0.003462593
 0.006341665
 0.004309525
 0.008417411
 0.004134255
 0.004072713
 0.003080017
 0.003594947
 0.001397365
 0.002318268
 0.003012971
 0.003488892
 0.009049615
 0.007078253
 0.008509646
 0.008445055
 0.003887434
 0.003609531
 0.004019136
 0.002247193
 0.007413334
 0.003182575
 0.004913924
 0.003596627
 0.001175155
 0.000576508
-0.000278409
-0.000068450
 0.003360630
 0.005575428
 0.000601638
 0.002962141
 0.004274261
 0.002090719
 0.002074086
 0.005650315
-0.001552451
 0.001276819
 0.001848831
 0.007171634
 0.000887243
 0.001519802
-0.001107016
-0.001528600
 0.001215463
 0.001997587
 0.002107850
 0.009509128
 0.005797761
 0.004875417
 0.000826225
 0.001160881
-0.000548756
-0.002624672
-0.002172634
-0.001401220
 0.000769854
-0.001055080
-0.003209391
 0.000333090
 0.000973919
 0.001914044
 0.003706851
-0.000556787
 0.001218521
 0.001873265
-0.002433306
-0.001985362
 0.006667399
-0.004480425
-0.004458056
-0.002510628
-0.000670183
 0.001107936
 0.007313799
 0.000500770
 0.009201153
 0.003473149
 0.004426956
-0.001797552
-0.000960238
 0.000008353
 0.000211762
 0.006312587
-0.000186436
-0.000901261
-0.002658153
-0.002815280
-0.003316791
-0.002220498
 0.003470557
 0.004422489
 0.008692007
 0.001640062
 0.000092476
-0.001335490
-0.001667569
-0.002526466
-0.003030891
 0.000725987
-0.002977396
 0.003578089
 0.002500235
-0.000162406
-0.000863480
-0.001026058
-0.001869707
 0.008633999
-0.002480230
-0.002894971
-0.004012208
-0.003465013
-0.003496004
-0.005113519
-0.003655890
 0.004819016
 0.009077888
 0.009021980
-0.001725925
-0.002860864
-0.003173695
-0.004001223
-0.004946804
 0.004030526
-0.000675822
-0.001038168
-0.003932925
-0.003298009
-0.003103673
-0.004045102
 0.001567266
 0.009777705
 0.008364653
 0.004898030
-0.005081717
-0.003253400
-0.003232176
 0.001100606
 0.009966422
 0.002396672
 0.008205423
 0.009565291
 0.003166578
 0.006648933
-0.000443897
-0.001504312
-0.003139661
-0.000356820
-0.001262003
 0.007763895
 0.009877867
 0.009839446
 0.006480024
 0.000094124
-0.004366327
 0.005703695
 0.001818231
-0.000158815
 0.001681805
 0.000970016
 0.002706955
 0.002259432
 0.008029743
 0.006520362
 0.003526615
 0.007072535
 0.006469406
 0.001408349
-0.000608336
-0.004168400
 0.002090656
 0.005133419
 0.004140936
 0.001335060
-0.000340222
-0.004502743
 0.004359051
 0.001670875
 0.000301787
 0.007297978
 0.002446781
 0.010103287
 0.003311569
 0.001039317
-0.001878691
-0.002872743
 0.001178173
 0.002131901
 0.002927642
-0.000566493
 0.002242364
 0.002729681
 0.007289249
 0.002770649
 0.002049260
 0.002104199
 0.001693437
-0.002370643
-0.002987915
 0.002803390
-0.001700373
 0.003405937
 0.010124743
 0.005666093
 0.002779812
 0.000471547
 0.001477772
 0.001315745
 0.002370869
 0.005042105
 0.005762131
 0.009638164
 0.008257125
 0.007986472
 0.002042299
 0.002073788
 0.002077904
-0.001138810
 0.002034277
-0.000135504
 0.002834505
 0.002815458
 0.002730023
 0.002908701
 0.000645106
 0.002904760
 0.007634628
 0.003048513
 0.002691909
 0.006867351
 0.003443783
 0.004672796
 0.006581704
 0.004990890
-0.002569412
 0.002396430
 0.003179584
 0.003109168
 0.003180007
 0.003651573
 0.002357668
 0.001822679
 0.000898944
 0.005040848
 0.003494747
 0.007161684
-0.000133618
 0.004659167
 0.004614047
 0.006535503
 0.000102594
 0.003590677
 0.001135841
 0.005445908
 0.005841327
 0.001285596
 0.000630293
 0.004619739
 0.008018306
 0.006326934
 0.003941270
 0.000827560
 0.004595959
 0.003326797
 0.002761765
 0.002458823
 0.001399730
-0.000558159
 0.002147349
 0.003442789
 0.002825639
-0.000407895
 0.005279564
 0.007809088
 0.006665660
 0.004083611
 0.000151272
 0.003187028
 0.002291848
 0.002023003
 0.003064155
 0.002551307
 0.001418958
-0.000027535
 0.004272188
 0.005391752
 0.006745117
 0.005023985
 0.007198532
 0.004878502
-0.001741869
 0.009687565
 0.001879508
 0.002086714
 0.003181597
 0.005911841
 0.005673409
 0.006588137
 0.001807811
-0.000423854
 0.002944780
 0.001931798
 0.001775840
 0.002211912
 0.001616807
 0.001361089
 0.002287514
 0.000702278
 0.001559118
 0.002989654
 0.002573976
 0.003769765
 0.001080754
 0.005657396
 0.002698729
 0.003414777
 0.003887723
 0.002656619
 0.003250330
 0.002328980
 0.000449484
 0.001198476
 0.003179007
 0.000433292
 0.004583350
 0.006028036
 0.005879729
 0.000660112
 0.001947994
 0.000878618
 0.003795343
 0.002918427
 0.004094099
 0.004530918
 0.008942148
 0.004237402
 0.002325763
-0.000189498
 0.001263542
 0.003683673
 0.002050503
 0.002060848
 0.001910119
 0.002682288
 0.002140993
 0.000898614
 0.003973196
 0.003963980
 0.004944359
 0.004919667
 0.002987436
 0.002308655
 0.007616968
 0.000924560
 0.000878077
 0.002468615
 0.006548682
 0.007602199
 0.008077506
 0.005228177
 0.005914245
-0.000878203
 0.001650451
 0.001213070
 0.002098603
 0.002523059
 0.001262650
 0.006985440
 0.009810008
 0.002630166
 0.004964200
 0.001749833
 0.001966653
-0.001006002
 0.002669528
 0.000996542
 0.001810016
 0.001360893
 0.001854280
 0.002331457
 0.004663480
 0.003813836
 0.002614864
 0.002942368
 0.004010403
 0.005978837
 0.005750692
 0.006081657
 0.006590545
 0.003588075
 0.003458238
 0.002728361
 0.002265496
 0.001017136
-0.002641295
 0.001333937
 0.002334567
 0.002742646
 0.004068397
 0.002418520
-0.001540147
 0.003636119
 0.001962215
 0.001710019
 0.001191269
-0.001054741
 0.008197585
 0.002322239
 0.000448447
-0.002455342
 0.001447245
 0.000851458
 0.003240222
-0.002060485
 0.002935247
-0.002036368
 0.002089441
 0.001535021
 0.001170943
 0.000028503
 0.000504119
 0.002291386
 0.001001613
 0.009911294
 0.002003893
 0.000435411
 0.003072424
 0.000843647
-0.001081520
 0.001973017
 0.001372702
 0.002588416
 0.001647060
 0.001906090
 0.002973408
 0.002006858
 0.005424506
 0.006102525
 0.000425297
-0.001378085
 0.006853204
-0.003495921
 0.002180664
 0.001316744
 0.001665750
 0.001092311
 0.003510615
 0.001656102
 0.000683199
-0.000901187
 0.001390937
 0.001171493
 0.001524361
 0.001952252
-0.001588164
 0.002570485
 0.001192104
-0.000605033
-0.002123533
-0.001042998
 0.000758557
-0.002552891
 0.000355966
 0.000990007
 0.000179501
-0.002037338
 0.005327715
 0.001761428
 0.000085407
 0.000952987
-0.001165373
-0.001258954
 0.002966341
 0.001196681
 0.000653011
 0.002294294
-0.001047414
 0.006439144
 0.000558500
 0.001869643
 0.000180790
-0.000818730
 0.001360419
 0.002989578
-0.000522918
 0.001739361
 0.001645598
 0.000322877
-0.000180852
 0.002482751
 0.001878629
 0.001008534
-0.002739066
 0.000654759
 0.000962877
 0.000484632
 0.000575250
-0.002607540
 0.001249601
 0.000032016
 0.001057601
 0.000216618
 0.001692206
 0.002284045
 0.000467910
-0.000080130
 0.005848216
 0.002030929
 0.002250854
 0.009134834
 0.001141192
 0.001265794
-0.000105765
-0.000498377
 0.002144290
 0.000550994
-0.000873746
-0.001707499
 0.001696065
 0.001914378
 0.002564345
 0.002582483
 0.001489261
 0.001853096
-0.000300772
 0.001726949
 0.001919576
 0.001356277
 0.001014856
 0.001346430
-0.002160943
 0.001233751
 0.001603548
-0.001530344
 0.002164996
-0.001811106
 0.001228590
 0.001193398
 0.007800161
 0.002431285
 0.002498393
 0.000977381
 0.002170588
 0.002264594
 0.002241394
 0.002148484
 0.002302309
 0.000890869
 0.000678318
 0.005168129
 0.000857174
 0.000434701
 0.000511090
-0.001077978
-0.001994534
 0.000488854
 0.001932289
 0.004270002
 0.001418743
 0.002699695
-0.002516434
 0.000312092
 0.000842852
 0.001213252
 0.000883333
 0.003706045
 0.001990435
 0.001761759
 0.001034975
 0.001909274
 0.000732566
 0.001087044
 0.000186868
 0.000129883
 0.000716047
 0.002590873
 0.003096925
-0.003176363
 0.005756660
-0.001562301
 0.000315059
-0.000114515
 0.001940961
 0.000923133
 0.000692029
 0.001449656
-0.002671458
-0.001716711
-0.003311835
-0.001255693
 0.002430920
 0.002406291
-0.003469113
 0.002318902
 0.006901487
 0.001949678
 0.002116109
 0.000430824
-0.003179891
 0.001506143
 0.008749176
 0.007230432
 0.000893797
 0.001820509
 0.001669990
 0.003053568
 0.000760339
 0.002442481
 0.002847650
 0.001207911
 0.005479371
 0.000618412
 0.001286632
 0.001121360
-0.000863328
-0.000061579
 0.001239819
 0.001444153
 0.000929095
 0.001778411
 0.001007392
 0.001578354
 0.002009301
-0.000589806
 0.001156913
 0.000853403
-0.000764126
 0.001672456
 0.001510506
 0.006823489
 0.006738470
 0.006688978
 0.001502025
-0.000405894
 0.000225819
-0.002301019
 0.002050979
 0.001217089
 0.001301974
 0.001834041
 0.001105584
 0.001066459
 0.008487546
-0.003296949
 0.001472763
-0.002209238
-0.000932907
-0.000067247
 0.001810865
 0.000681115
 0.001777736
 0.001598965
 0.000960846
 0.001474805
 0.000903006
-0.000568905
-0.000642967
 0.000984656
 0.002400264
 0.001731700
 0.006450444
 0.006121037
 0.005689136
 0.005376530
 0.004871683
 0.004068152
 0.001590002
 0.005383042
 0.005407896
 0.005051716
 0.004467417
 0.004409036
 0.002530258
 0.004493919
 0.007753207
 0.002879861
 0.007399003
 0.005684216
 0.003374041
 0.002684242
 0.001330132
 0.003324551
 0.004150822
 0.005297893
 0.007540883
 0.006496174
 0.007163909
 0.002227185
 0.005694492
 0.003998671
 0.001734410
 0.004185541
 0.002299533
-0.001222759
 0.005098458
 0.005569605
 0.006968797
 0.002701122
 0.001013574
 0.002731309
 0.000740061
 0.002470347
 0.002873045
-0.001054828
 0.003345313
 0.003801849
 0.004177118
 0.001578474
 0.000946422
-0.000335756
 0.000943617
 0.001972378
 0.000748854
 0.003213626
 0.006451947
 0.001421903
 0.000387823
 0.002049280
 0.004160296
 0.001289365
 0.000677854
 0.000454483
-0.000164699
 0.000864924
 0.001509208
 0.008046296
-0.000016435
 0.007753573
 0.004208435
 0.003176465
 0.000620233
 0.001305186
 0.000212881
-0.000962603
-0.001216342
 0.000735226
-0.000642920
 0.002320988
-0.000142581
 0.002096767
-0.000606620
 0.003306135
 0.002613815
 0.001394618
 0.002024374
-0.000249719
-0.000797775
 0.000901912
 0.003588470
 0.001706169
 0.001239909
 0.001484018
 0.001367793
-0.001239054
-0.001004362
-0.000672176
 0.001721489
 0.008719711
 0.007014882
 0.008017563
-0.001285698
-0.001228889
 0.002539698
 0.003377324
 0.003949710
 0.003455466
 0.003309143
 0.003130358
 0.002652840
 0.001404485
 0.001986501
 0.002188579
 0.000637754
-0.000834400
-0.000983520
 0.001884522
 0.003153701
 0.003327731
 0.002311394
 0.001516944
-0.002047035
-0.001716014
 0.007644837
 0.003220832
-0.000751236
-0.000927313
 0.004094110
 0.003195439
 0.002857549
 0.001495647
 0.000874390
-0.000448721
-0.001138874
 0.001038284
-0.002693686
-0.003533668
-0.002654977
-0.001545460
 0.006855672
 0.003792133
 0.001930659
 0.002331923
 0.003879360
 0.004251784
 0.001670669
 0.002125373
 0.005464425
-0.004277628
 0.003263670
-0.001043818
 0.002629719
 0.004388671
 0.004068533
 0.002503114
 0.002075434
 0.001168621
 0.000896646
 0.001904722
-0.004486142
-0.003721940
-0.001769479
-0.001874143
 0.001896417
 0.002164576
-0.000113051
 0.001786833
 0.004449444
 0.002941293
 0.000896931
 0.001520540
 0.001109586
 0.000275062
-0.005213558
 0.002764628
 0.003756821
-0.000564826
 0.003415048
 0.001029881
 0.000223471
-0.005437993
-0.002178708
-0.001660623
 0.002733173
 0.001737536
 0.001149987
 0.001245266
 0.001051791
 0.000948426
-0.000725411
 0.001618386
-0.005192818
-0.004184230
-0.002233567
 0.003296074
 0.002942929
 0.001080158
-0.002147483
 0.001950872
 0.002775114
 0.003492371
 0.000711723
-0.000133217
 0.001226530
 0.001293829
-0.004696122
-0.000990175
 0.002476080
 0.001039662
 0.000910389
 0.001628770
 0.000842146
 0.001420016
 0.007871989
-0.005358731
-0.005456502
-0.000769721
 0.000798777
-0.005029394
-0.001049662
 0.002015153
 0.000091618
 0.002356665
 0.003078546
 0.001992479
 0.001460288
 0.001084383
 0.001463097
 0.001061709
 0.001491747
 0.002109248
-0.003554204
 0.000289425
-0.000098649
-0.002171887
-0.002589957
 0.002525839
 0.001880642
 0.000226307
 0.002116011
 0.001624574
 0.003094461
 0.000313059
 0.000900258
 0.000327285
 0.000990505
 0.002131837
 0.008444071
-0.004033475
-0.001255773
 0.000547497
-0.000774780
-0.000617572
-0.001584332
-0.001731277
-0.001075409
-0.001398766
 0.003833562
 0.000779480
 0.001777147
 0.001576872
 0.000340513
 0.000414490
 0.001077805
-0.000168733
 0.007157049
 0.000159046
 0.003420708
 0.000624486
 0.006780095
 0.000860489
 0.001391755
 0.002184663
-0.000441587
 0.002249365
 0.002573996
 0.002124905
 0.002068169
 0.000139550
 0.000127512
 0.001216309
 0.000345655
 0.003614501
-0.003723814
-0.002972386
-0.002129062
 0.000704840
-0.000255508
-0.000644225
 0.000153785
 0.000537136
 0.000107874
 0.000101073
 0.007811659
 0.001560887
-0.000094485
 0.001941636
 0.001262690
 0.001386058
-0.002926725
-0.000047221
 0.000130964
 0.000031523
 0.001997129
 0.005551228
 0.002177475
 0.001196495
 0.003340677
 0.002844858
 0.001436459
 0.001319156
 0.001124282
 0.001947401
 0.003820775
 0.002020466
 0.001584117
 0.001974217
 0.001027515
 0.000946787
 0.003431405
 0.002004451
 0.007858870
-0.000358253
 0.002011650
 0.001963170
 0.004022385
-0.001550457
 0.002822634
 0.002707908
 0.002509652
 0.001537155
 0.000749018
 0.006691982
 0.001469638
 0.001929506
 0.001976742
 0.002081119
 0.004806434
 0.004943961
 0.006008860
 0.000702770
 0.000771714
 0.000009649
 0.000055576
 0.001539621
 0.003646687
 0.003285739
 0.001916388
 0.002880243
 0.006411993
 0.002058644
 0.001937880
 0.000777323
 0.001735243
 0.001586927
 0.001385120
 0.001453003
 0.003070640
 0.003568610
-0.000878849
 0.003568534
 0.007596780
 0.000605417
 0.007266944
 0.007839154
 0.001734472
 0.001214787
 0.001190358
 0.001730501
 0.002076745
-0.002206408
 0.003130695
 0.003381644
 0.003423505
-0.000845267
 0.003587093
 0.007795419
 0.000397485
-0.000457041
 0.002096217
 0.001429608
 0.001703035
 0.004920190
 0.000114249
 0.000029858
 0.001134725
 0.002841154
 0.003232560
 0.003999687
 0.004235387
 0.004206358
 0.003560991
 0.000144834
 0.000685284
 0.000652877
 0.001240340
 0.000882690
 0.002101812
 0.002436223
 0.003033624
 0.004012375
 0.004685831
 0.000311281
 0.006258441
-0.002659625
-0.001708966
 0.000940490
 0.002953630
 0.002456977
 0.003379713
 0.008973318
 0.001016992
 0.000954042
-0.000678654
-0.000787740
 0.000240090
 0.000365698
 0.001668700
 0.002227743
 0.002624606
 0.002073843
 0.000504317
 0.000753117
 0.002315915
 0.001429127
 0.001482293
 0.001407908
 0.001206772
 0.000871558
 0.000387591
 0.001015816
 0.002247339
 0.005041991
 0.003110806
 0.007114535
 0.003313111
-0.001316823
 0.000174617
 0.002414907
 0.003176807
 0.002763563
 0.003807678
 0.004080822
 0.002206702
-0.000276507
 0.000737425
 0.002656524
 0.006847626
 0.004244614
 0.002958527
 0.002802290
 0.000449461
 0.007249860
 0.000342531
 0.002279358
 0.000425757
 0.001295271
 0.000814244
 0.000302942
 0.002108971
 0.001699029
 0.003080946
-0.001470212
-0.000495504
-0.000183747
 0.001855972
 0.000681306
 0.000867542
 0.000175038
-0.000086126
 0.005061259
 0.001029109
 0.000380047
 0.002302443
 0.002140839
 0.003637608
-0.001716547
-0.000643894
 0.000427204
 0.001035912
 0.001751940
 0.002755188
 0.000993303
-0.002063033
 0.000823884
 0.001679229
 0.000760345
 0.004676761
 0.001419164
 0.007528409
 0.001299516
-0.001473386
 0.000173073
-0.001271808
-0.000263863
 0.007640109
 0.006617326
 0.006903845
 0.007061987
 0.005139491
 0.004953953
 0.004885347
 0.005316093
 0.005959553
 0.007250630
 0.005538736
 0.006933032
 0.005776885
 0.004594531
 0.004735583
 0.004762644
 0.004992456
 0.005212438
 0.005387961
 0.005867492
 0.006467372
 0.005359939
 0.004636461
 0.004756896
 0.004106851
 0.004144820
 0.004314653
 0.004949648
 0.007269689
 0.006827211
 0.003611437
 0.003523472
 0.004524580
 0.004584627
 0.005303868
 0.004440280
 0.004511231
 0.001884379
 0.004134598
 0.003943921
 0.003094289
 0.000861040
 0.001478613
 0.001573503
 0.000795347
 0.002005626
 0.003844412
 0.006043427
 0.001167812
 0.000514245
 0.000510576
 0.001225445
 0.004186375
 0.006234544
 0.005063462
 0.000245520
 0.000527650
 0.000584296
 0.000274105
 0.000125672
-0.000097796
 0.002986762
 0.004134033
 0.003549067
 0.006040139
 0.003390339
 0.003538284
 0.000461639
 0.000005909
-0.000226580
 0.000587557
 0.002490547
 0.003382397
 0.003578275
 0.006296650
 0.002361580
 0.000398265
 0.000129043
-0.000682299
-0.000519443
-0.000976509
-0.000264558
 0.001474072
 0.002193781
 0.003230599
 0.003415060
 0.002732458
 0.002571495
 0.002206616
 0.002794616
 0.006913607
 0.006280481
 0.002934506
-0.000086719
 0.002998364
 0.003302598
 0.003336226
 0.007275961
 0.006925226
 0.005482348
 0.005292864
 0.002682140
 0.002237934
 0.001779620
 0.001639393
 0.002248197
 0.001850314
 0.002049947
 0.003207321
 0.003121587
 0.003150271
 0.007172532
 0.006693441
 0.005246479
-0.000486089
-0.000496502
-0.000630442
 0.002309071
 0.000958900
 0.003013286
 0.002939184
 0.003802449
 0.006565597
-0.000608878
-0.000041159
-0.001249126
 0.002137586
 0.001959058
 0.001304367
 0.000368233
 0.000871726
 0.003488039
 0.003718010
 0.003240569
 0.003066968
 0.001459097
-0.001183999
-0.000202802
-0.000126223
-0.000045916
-0.001460634
-0.000792328
 0.000677710
-0.000222769
 0.002774145
 0.003291498
 0.003431880
 0.002882954
 0.002044105
 0.002198238
-0.001558409
-0.001126958
-0.001128300
 0.001666770
 0.000909351
 0.001892362
 0.002727516
 0.002964980
 0.003453175
 0.005255126
 0.003568015
 0.002596541
 0.002193173
-0.000863602
-0.001423999
 0.001497699
 0.001502301
 0.001603684
 0.001606913
 0.001343876
 0.001605622
 0.007198917
 0.003918126
 0.003277773
-0.001145546
-0.000617606
-0.000399533
 0.001496239
-0.000112147
 0.002021024
 0.008696009
 0.006530097
 0.002790104
 0.002030633
 0.002383964
-0.001283222
-0.000348833
 0.000001104
 0.001248615
-0.000232684
 0.001361409
 0.002049254
 0.002553764
 0.001272356
 0.002127786
 0.001248027
 0.004102168
 0.002131474
-0.001007109
-0.000907052
-0.001541577
-0.001033850
 0.000467019
-0.000182574
 0.001211531
 0.000374874
 0.009202595
 0.008963618
 0.004224235
 0.003646063
 0.002905712
 0.002588941
-0.000304434
-0.001323205
 0.000566339
 0.000660403
 0.000182107
-0.000127917
 0.000008056
-0.000713849
 0.001297132
 0.000933402
 0.001506931
 0.001291299
 0.009033076
 0.002770801
 0.001050331
 0.000570610
 0.000247192
 0.001831289
 0.002187571
 0.000026360
 0.000926994
 0.000283347
 0.000494375
 0.000932940
 0.001025820
 0.000946381
 0.002073935
 0.003534310
 0.002399275
 0.001211642
-0.000809509
 0.001908216
 0.002474289
-0.000035230
-0.000571899
-0.001843415
-0.001413723
 0.000279573
 0.000938840
 0.000773427
 0.000998738
 0.002551746
 0.009803414
 0.007973283
 0.004249275
 0.004068394
-0.000517326
-0.000544408
-0.000198613
-0.002580418
 0.000111570
 0.001994342
 0.001961212
 0.002291363
 0.005527449
 0.004950338
 0.004274929
-0.000144483
 0.002319627
-0.000629860
-0.000252694
-0.002773967
-0.000488177
 0.000998206
 0.001970367
 0.001663593
 0.000943267
 0.004797456
 0.002202975
 0.001231566
-0.000751426
-0.001101891
 0.001312648
 0.002277587
 0.001513472
 0.003100011
 0.001373658
-0.000194506
 0.008810452
 0.006361656
 0.004997132
 0.005143991
-0.000080914
 0.001813230
 0.001809615
-0.002868602
 0.000271330
 0.002728772
 0.000532476
 0.003045104
 0.003637988
 0.007309851
 0.004975069
-0.000879054
-0.000266862
-0.000402993
-0.001731723
 0.003987832
 0.001424749
 0.000622813
 0.000352168
-0.000066745
-0.000274498
 0.006025173
 0.004625970
 0.004789759
 0.002175562
 0.002516537
-0.000643018
-0.000739915
-0.003198238
-0.003008029
 0.003029732
 0.004307875
 0.002587973
 0.001743658
 0.002894786
-0.000730988
 0.006244207
 0.006344205
 0.005036604
 0.000722087
 0.000914807
 0.000722135
-0.000514603
-0.001531256
 0.000483887
 0.002085588
 0.003455991
 0.001717661
 0.007335363
 0.000807122
 0.000611533
 0.002903388
 0.002973222
 0.002355155
 0.002236027
 0.001379320
-0.000363965
-0.000566161
-0.001145397
-0.001623121
-0.002806237
-0.002830706
-0.001106360
 0.002206692
 0.003669691
 0.004857296
 0.004806262
 0.003022069
-0.001454626
 0.006439958
 0.006465147
 0.004508398
 0.004620052
 0.003655775
 0.002621525
 0.002788324
-0.000361502
-0.001939408
-0.002191144
 0.001810750
 0.007522459
-0.002971669
 0.006587373
-0.000844389
-0.000803040
-0.001673913
-0.002377522
-0.002527119
 0.002056653
 0.005106633
 0.004667404
 0.004310693
 0.000513240
-0.001294926
 0.008728890
-0.000158295
 0.003662630
-0.000462652
 0.005654609
 0.005152824
 0.003152403
-0.000604452
 0.002561655
 0.002816759
 0.005014346
 0.002405496
 0.000949762
-0.001334387
 0.007815719
 0.005779277
 0.004415122
 0.003984975
 0.003446459
 0.003042179
 0.003004773
 0.000599573
-0.000051469
-0.000525485
-0.000597951
-0.001193210
-0.002094060
 0.002073484
 0.003405155
 0.003945794
 0.004961371
-0.001031905
 0.005804981
 0.001604342
 0.003492191
 0.003830759
 0.002196625
 0.002126945
 0.003699711
 0.003938221
 0.004408185
 0.004848164
 0.003497890
 0.007201204
-0.001477106
-0.000186928
 0.002899228
-0.002082889
-0.002803563
 0.007403496
 0.005127842
 0.004005958
 0.003681676
-0.000085867
-0.000914841
-0.001516957
 0.002038768
 0.002344237
 0.003766701
 0.003338458
 0.003009273
-0.001663843
 0.006284067
 0.008067129
 0.002279521
 0.001454404
-0.000193257
-0.003795231
 0.007352782
 0.006772259
 0.004535000
 0.003767974
-0.000485226
-0.001861954
 0.002711151
 0.004147195
 0.004199000
 0.003620136
 0.002019989
 0.004276288
-0.000163827
 0.001337657
-0.000376174
 0.003258987
 0.003063869
 0.001973336
-0.000106852
 0.004936875
 0.003745793
 0.003584214
 0.004690760
 0.005133666
 0.004758466
-0.000194441
 0.001983807
 0.000833224
-0.004619448
 0.007734053
 0.006746289
 0.004752055
 0.004658007
 0.005912853
 0.004779197
 0.005849900
 0.005410403
 0.004048381
 0.000013661
 0.001845152
-0.002189640
 0.004082952
 0.005023129
 0.006156465
 0.006282087
 0.002522362
 0.004189708
 0.004880198
 0.002712573
 0.003801735
 0.003650061
-0.001752266
 0.002894825
 0.002138940
 0.001675125
-0.004332651
 0.005285877
 0.005485786
 0.005498292
 0.006107336
 0.005746521
 0.004854030
 0.004293401
 0.005005586
 0.007740244
 0.005978420
 0.004346643
-0.001347688
 0.000116806
 0.003325269
 0.002080118
 0.000721599
 0.003160265
 0.003460518
 0.002994512
-0.001800727
-0.003067466
 0.005789908
 0.006418046
 0.001634252
 0.001597201
 0.006483465
 0.006702673
 0.008293537
 0.007274552
 0.004371894
 0.000113450
 0.005741024
 0.006973662
 0.005827393
 0.000533949
-0.000268709
 0.008892261
 0.009319457
 0.005641935
 0.009561607
 0.007225794
 0.002507482
 0.001773482
 0.010733180
 0.006940273
 0.006041136
 0.009112062
 0.008938835
 0.003588161
 0.006306053
-0.000249925
 0.002351244
 0.007849104
 0.005660964
 0.003746641
 0.004968863
 0.000647834
 0.004561546
 0.007193840
 0.002422446
 0.007156353
 0.005400706
 0.004241282
 0.001920997
 0.003824137
 0.006875097
 0.005424370
 0.009315242
 0.000724256
 0.002991303
 0.000222968
 0.001899805
 0.009980559
 0.004122939
 0.000559397
 0.006098639
 0.003769200
 0.005050564
 0.001221486
 0.004483828
 0.000394681
 0.006546211
 0.003234715
 0.000003843
 0.001926551
 0.000431742
 0.006289979
 0.008226544
 0.001796641
 0.002910287
 0.000661559
 0.001089277
 0.000622642
 0.001827078
 0.000922934
 0.008355976
 0.006715471
 0.005806465
 0.003301482
 0.005423879
 0.006405601
-0.000538087
 0.000217630
 0.003769454
 0.002408901
 0.006168380
 0.004287568
 0.003098293
 0.001384730
 0.008260416
 0.002060332
 0.003492931
 0.002308234
 0.008956630
 0.000085032
-0.000791367
 0.004535909
 0.000092846
-0.000045361
 0.001282554
 0.002101083
 0.000716491
 0.000831830
 0.000889428
 0.000490758
 0.000330739
-0.000137615
-0.000512483
 0.008762361
 0.008539536
 0.008482912
 0.000296669
 0.000440973
 0.001166199
 0.001190106
 0.000918430
 0.006314274
 0.006355651
-0.000459244
-0.001735634
 0.000100132
-0.000231608
 0.000249178
 0.000316783
 0.004548625
 0.000446801
 0.001526423
 0.001042704
 0.003795640
 0.003475675
 0.003700502
 0.001902334
 0.001820785
 0.001650412
 0.001414574
 0.003710572
 0.001527615
 0.001837154
 0.001950390
 0.005803097
-0.000876209
-0.001318386
-0.000181812
-0.000270724
 0.008021163
 0.007806145
 0.001509812
 0.001683821
-0.001403565
 0.000599278
 0.000564948
 0.000791750
 0.000127754
 0.001240931
-0.000183666
 0.001226008
 0.002025850
 0.001949089
 0.002052818
 0.002058006
 0.000222385
 0.000498682
 0.000296711
 0.000721491
 0.000134006
-0.001412497
 0.000099340
 0.004226412
 0.004311875
 0.001886869
 0.001438858
 0.001573187
 0.000224287
 0.000578569
 0.000551964
-0.000302843
-0.000027502
 0.005210758
 0.002350504
 0.001209534
 0.003188984
 0.001338504
 0.001417820
 0.001347431
 0.001432518
 0.001263539
 0.001410506
 0.001507525
 0.004004439
 0.002889926
 0.004317052
 0.004873378
 0.001020337
 0.001206933
 0.000654166
-0.000472685
 0.000607900
 0.000508433
-0.000743079
-0.000793668
 0.001604849
 0.001200520
 0.000584099
 0.001347920
 0.000948219
 0.000924421
-0.000527352
-0.000609517
-0.000464808
-0.002386743
-0.000910507
 0.001871646
 0.001333417
-0.000732620
-0.000632376
 0.000907427
 0.000735223
 0.000722552
 0.000744452
 0.000831410
 0.000696549
-0.002535736
-0.002333145
-0.002874953
 0.000544862
 0.001158425
 0.005466293
 0.005856457
 0.004598792
 0.004500483
 0.001394747
 0.000705827
 0.000968618
-0.003058279
 0.000668514
 0.000755520
 0.001207086
 0.001004891
 0.001629266
 0.003981683
 0.004143703
 0.004071643
 0.000908490
 0.001110643
 0.001078384
-0.000550079
 0.000441510
 0.000876476
 0.000450505
 0.000659854
 0.000819664
 0.002115976
 0.000777738
-0.000706003
 0.002526359
 0.002788431
 0.002541637
-0.000263167
-0.000062069
 0.002584577
 0.002102242
 0.004167092
 0.001276558
 0.000933058
 0.000764079
 0.001031620
 0.001530916
 0.000616422
 0.001923621
 0.001806638
 0.001077128
 0.004393779
 0.004275892
 0.003670361
 0.006260191
-0.003630937
 0.004057462
 0.000637447
 0.001058627
 0.001189041
 0.000843285
 0.000591285
 0.000832049
 0.001476312
 0.000350436
-0.002508980
-0.003043692
-0.003782188
-0.005444857
-0.005131255
 0.002098686
 0.002225874
 0.001572037
 0.001510764
 0.003104546
 0.003146835
 0.004188328
 0.003999884
 0.003139799
-0.000947932
-0.002901928
-0.000350301
 0.000217039
 0.000550052
 0.000450744
 0.000765802
 0.000768604
-0.000317041
-0.000770819
-0.005492993
-0.005476642
-0.005167458
 0.002268826
 0.002596291
 0.002407364
 0.002760062
 0.002730236
 0.000172399
 0.001142502
 0.000854116
 0.001105122
-0.001535623
 0.002439203
 0.001630839
 0.001617606
 0.001634536
 0.004841417
 0.006437204
 0.001902801
 0.002027846
 0.002891629
 0.003617173
 0.001953562
 0.001599922
 0.004562532
 0.000397203
 0.000183090
 0.002354218
 0.001492315
 0.001615649
 0.001976529
-0.000030727
 0.000339756
 0.000616861
 0.001547753
 0.001710465
-0.003523798
 0.000134098
-0.003859794
-0.003768204
 0.002388645
 0.002377198
 0.000793847
-0.000749954
 0.004790660
 0.001085082
-0.003889626
-0.003816918
-0.005084652
-0.004981377
 0.002271357
 0.001258535
 0.003680958
 0.005919425
-0.000413194
-0.000375088
-0.000761197
-0.000069507
 0.000754586
 0.000647541
 0.000960316
 0.001859125
 0.001820279
 0.000254590
 0.001005212
 0.002497028
 0.002289320
 0.001620999
 0.001766459
 0.003116547
 0.003160972
 0.002380997
 0.002387662
 0.001355300
 0.000430615
 0.000605648
 0.002515780
 0.002903937
 0.004312403
 0.004205385
 0.001664279
 0.001883311
 0.002460406
 0.002821053
 0.002404687
 0.001104085
 0.005563587
 0.006216233
 0.002867975
 0.002706630
 0.003520996
 0.002751422
 0.001843456
 0.001208454
 0.001477073
 0.001473363
 0.001490410
 0.000653143
 0.000719923
-0.000295020
 0.000569833
 0.000449011
 0.000788527
 0.002291299
 0.000259150
 0.000129418
 0.000123171
 0.000254246
 0.003767407
 0.003819888
 0.003752517
 0.008109360
 0.002472908
 0.002219894
 0.000897506
 0.000571980
-0.000287596
-0.000745560
-0.001260422
 0.002942325
 0.001333326
 0.005442300
 0.001452213
 0.000275005
 0.000306410
 0.000182763
 0.000284883
 0.002795441
 0.003822512
 0.000113322
 0.001347363
 0.001513802
 0.001856972
-0.001586669
-0.002742552
 0.000268453
-0.000004349
-0.000003232
 0.000556032
-0.000420298
-0.000177798
 0.000378697
-0.001822367
-0.002389083
-0.003983611
-0.003972230
-0.003892686
 0.002431433
 0.000981653
 0.001221897
 0.000716971
 0.001047328
 0.000708894
 0.001078000
-0.001244938
-0.000434246
 0.000074073
 0.001161125
 0.001801695
 0.001719303
 0.001293362
 0.001221818
 0.001058517
 0.001074085
 0.001280198
 0.001589164
 0.001023061
 0.001584108
 0.001318996
 0.001072889
 0.001248765
 0.000049787
-0.001545101
 0.004678461
 0.005561106
 0.005802606
 0.004804009
 0.004907795
 0.005724814
 0.006384339
 0.001409992
 0.000461906
 0.001319039
 0.000447741
 0.001745582
 0.000363171
 0.001270303
-0.000490367
-0.000110240
-0.000593033
-0.002407529
-0.002394656
-0.001683628
-0.002433720
-0.002135870
 0.001504639
 0.001152941
 0.000741406
 0.001038777
 0.000791424
 0.002510344
 0.002214988
 0.000566979
 0.008135560
 0.000624207
 0.000821803
 0.001962951
 0.001688339
 0.001946763
 0.000806097
 0.000896037
-0.002972118
-0.002705445
-0.002567473
-0.002812533
-0.002639296
-0.003845806
 0.001780490
 0.001814623
 0.000705416
 0.000709461
 0.000829712
 0.000860104
 0.001057536
 0.000380817
 0.000978464
-0.000379671
 0.001418032
 0.001343156
 0.008753045
 0.005502338
 0.005304498
 0.005208972
 0.000366284
 0.000570878
 0.000349626
 0.000051580
 0.000253752
 0.000017430
-0.000181766
-0.000213679
-0.000016613
 0.000121926
-0.000279745
-0.000337779
 0.002299279
 0.004052778
 0.003505400
 0.003763194
 0.003791783
 0.000938017
 0.001642003
-0.000045776
-0.000191838
-0.000171721
 0.000064047
 0.000312998
 0.000768385
 0.000635955
-0.003228520
-0.003719551
 0.001649421
 0.001650313
 0.001650805
 0.000852095
 0.000694996
 0.000707370
-0.000251414
 0.000408113
 0.000573410
 0.000582391
-0.000548969
 0.001982507
 0.001660403
 0.000875316
-0.003591792
 0.002101635
 0.001195378
 0.002199199
 0.005746110
 0.005417026
 0.000849794
 0.000798517
 0.000544824
 0.000403874
 0.000438855
 0.000587505
 0.000873104
 0.000816787
 0.000071598
 0.000162595
 0.001032346
 0.001056581
 0.001075022
 0.001068913
 0.002044771
 0.000759367
 0.000772447
 0.000974802
 0.000940817
 0.001418457
 0.000305007
 0.000276607
 0.000982040
 0.000545822
 0.001131943
 0.001152586
 0.000537458
 0.000417572
 0.004867291
 0.005761314
-0.000132445
 0.000223900
 0.000359146
 0.000745578
 0.001023352
 0.000501269
 0.000599924
 0.001867298
 0.001676962
 0.002047621
 0.000664938
 0.001787492
 0.001591378
 0.001387403
 0.001727178
 0.001008207
 0.001275814
 0.000203056
-0.000836817
 0.005450581
 0.001630632
 0.001465411
 0.001863551
 0.001004540
 0.001416865
 0.001232420
 0.000866863
 0.002065324
 0.000443870
 0.000261000
 0.001477971
 0.001507096
-0.000127186
 0.000784296
-0.000225588
-0.000034076
-0.000071780
-0.000774674
-0.000788118
 0.001923831
 0.001860061
-0.001971513
-0.000992855
-0.001379561
 0.000800873
 0.000269769
 0.001441690
-0.001592115
-0.000772612
 0.000406736
-0.000835956
-0.001706570
-0.001501401
-0.001635460
-0.001919833
-0.001913580
-0.001798360
 0.001655498
 0.001330917
 0.001957807
 0.001494283
 0.001050373
 0.000789829
 0.001208378
 0.005242372
 0.005722328
 0.005734569
 0.005747393
 0.001532101
 0.001547895
 0.001193475
 0.000693632
-0.000958566
-0.001719655
-0.001708405
-0.001791902
 0.000832507
 0.002203339
 0.000726261
 0.001926159
 0.002013804
 0.001943657
 0.003975894
 0.001156524
-0.000090411
-0.000478463
-0.000330765
 0.000278181
 0.000571155
 0.000617706
 0.001204629
 0.001434855
 0.001261902
 0.001155293
 0.004421502
 0.005166158
 0.000850904
 0.000285190
 0.000262253
 0.001137047
-0.000167590
-0.001999157
 0.000230191
 0.000541239
 0.001452171
 0.002532136
 0.003005898
-0.001713132
-0.001754909
-0.001769584
-0.001593224
-0.001709249
 0.000356469
-0.000787337
-0.001808842
-0.000183367
-0.000093785
-0.000314002
 0.000141162
 0.001370461
-0.000788957
-0.001346807
-0.000591768
-0.001115733
-0.000207852
 0.000369989
 0.000541848
 0.001325126
 0.000615840
 0.001254978
 0.004255696
 0.003000838
-0.000705710
 0.006257585
 0.006004868
 0.005968222
 0.000969792
 0.000982011
 0.001305366
 0.003358916
-0.000159654
 0.004299656
-0.000378315
-0.000924651
-0.001100728
 0.002262519
 0.000258113
 0.003472377
 0.002833447
 0.002465471
 0.003006937
 0.002788873
 0.003255207
 0.000510537
 0.001460291
 0.002038997
 0.002681829
 0.003876658
 0.002113381
 0.001917757
 0.001913201
 0.002230751
 0.005688150
 0.005653524
 0.000336238
 0.000418514
 0.001558145
 0.003215477
 0.001513929
 0.000800436
 0.001358124
 0.001240664
 0.003292449
 0.003787326
 0.003469053
 0.003862932
 0.004238387
 0.003340230
 0.003102891
 0.002357035
 0.001744964
 0.001460964
 0.002173622
 0.001562596
 0.006108244
 0.001164996
-0.000144684
 0.001806402
 0.000458637
 0.000903233
 0.001754682
 0.001562940
 0.000284042
 0.000164602
 0.001163838
 0.001584375
 0.002492978
 0.002431989
 0.001888627
 0.001937230
 0.002520949
 0.004064731
 0.004030114
 0.003119959
 0.002779387
 0.006415381
 0.005886492
 0.004313756
 0.004416981
 0.002547040
 0.002564118
 0.007223695
 0.005733080
 0.001188643
 0.001528015
 0.006493416
 0.006491060
 0.002902608
 0.003697650
 0.000295750
 0.000038369
 0.000267730
-0.000021992
 0.005360604
 0.002634030
 0.002756267
-0.000319556
-0.000243192
-0.000074108
 0.000196281
 0.000511449
 0.005092421
 0.004235719
 0.005142093
 0.005030973
 0.007562769
 0.003713155
 0.000944072
 0.001015570
 0.000969744
 0.001656865
 0.002179624
 0.001507518
 0.001790304
 0.002864574
 0.001734962
 0.002201504
 0.002214037
 0.000516761
 0.000671087
 0.000665185
 0.000646299
 0.004217916
 0.000298522
-0.000414810
 0.000151157
 0.000384251
 0.001372020
 0.001759162
 0.002333931
 0.001040120
 0.001453232
 0.000935939
 0.004192629
 0.002350587
 0.002373180
 0.002273801
 0.001058443
 0.000777606
 0.002468842
 0.002526439
 0.001893645
 0.003733225
 0.001141970
 0.000800377
 0.001670012
 0.002209483
 0.002135480
 0.002096258
 0.000906897
 0.002189924
 0.001122775
 0.001012498
 0.000664163
 0.001069267
 0.003478789
 0.005776746
 0.006189448
-0.000538035
 0.000050825
-0.000424134
 0.001011205
-0.000326686
 0.001961206
 0.000866642
 0.001000374
 0.000984588
 0.000394743
 0.000507837
 0.000666145
 0.004876668
 0.003247334
 0.002975016
 0.003199511
 0.005011039
 0.004576422
 0.000368352
-0.000958291
-0.002640024
-0.002610837
-0.003956516
 0.005023470
 0.003866332
 0.000179896
 0.000743639
 0.000344881
 0.000614553
 0.000615566
 0.000909311
 0.000235506
 0.000770746
 0.000506615
 0.000580900
 0.000546687
 0.000228105
 0.000154839
 0.000555097
 0.000303225
 0.000224952
 0.000029137
-0.001556474
 0.002936125
-0.000531758
-0.002012568
 0.000664845
-0.000104602
-0.002386416
-0.000264842
 0.000203665
-0.000193764
-0.000366090
-0.000428536
 0.000764060
 0.001115030
 0.001118171
 0.002737085
 0.000391253
 0.005091955
 0.004195027
 0.004557197
 0.003896133
 0.000559736
 0.000703791
-0.003544364
-0.003221080
 0.005403326
 0.005653913
 0.003081818
 0.005357632
 0.000263513
 0.000281021
 0.000303046
 0.000192454
 0.000168607
 0.000285399
-0.000128598
 0.001364240
 0.001645523
 0.001558581
 0.001919970
 0.000699747
 0.003548345
 0.002859384
 0.001889074
 0.004394760
 0.002884693
 0.001362421
 0.003409044
 0.005362564
 0.004922458
 0.003566972
 0.003297499
 0.002382004
 0.002350313
 0.002271391
 0.002788793
 0.002057021
 0.002788461
 0.000982385
 0.000644895
-0.000737040
-0.000549367
 0.000062984
-0.000473626
-0.000552025
 0.001135210
 0.000438044
 0.000860079
 0.002058370
 0.001345662
 0.001326323
 0.000504855
 0.001015011
 0.001112817
 0.000975051
 0.001109239
 0.007046278
 0.001407808
 0.001624937
 0.001368669
 0.001290104
-0.001271145
-0.000417090
 0.004569407
 0.001788099
 0.001696071
 0.002511789
 0.002058565
 0.000798860
 0.001834417
 0.004639902
 0.002966758
 0.000927892
 0.001074671
 0.000814118
 0.000869360
 0.002139481
 0.001982920
 0.002635072
 0.002336699
 0.001556940
 0.001643198
 0.001435442
 0.000674342
 0.002750246
-0.001502444
-0.001491103
-0.001526622
-0.000011791
 0.000354353
 0.001463432
 0.000419325
-0.000061190
-0.000064296
 0.000780619
 0.000533132
 0.003245210
 0.002289649
 0.001889566
 0.001510283
 0.003027871
 0.000839490
 0.001113897
 0.001495735
 0.001539970
 0.001569219
 0.001330208
 0.001331394
 0.001007393
 0.001062217
 0.001628668
 0.001880158
 0.001569310
-0.000492176
 0.002566228
 0.003003092
 0.002066083
 0.004014133
 0.002084068
 0.002087983
 0.005087998
-0.000097708
-0.000098628
 0.001610576
 0.001632321
 0.001066879
-0.000202131
 0.001656137
 0.000828922
 0.005275843
 0.000577478
 0.001279567
 0.001756020
 0.001750093
 0.005172987
 0.001300255
 0.002457810
-0.001370172
 0.002599981
 0.002699951
 0.001070150
 0.000757078
 0.001071029
 0.001970052
 0.005063372
 0.004524290
 0.003184830
 0.000137777
 0.000634459
 0.001279218
-0.000862630
 0.003986038
 0.000450347
 0.000386878
 0.001509796
 0.001482729
 0.004033934
 0.004089929
 0.002140836
-0.000037076
 0.000050157
 0.002761733
 0.003392114
 0.003348912
 0.003335770
 0.003219852
 0.003378600
 0.002742833
 0.001936053
 0.003487542
 0.001941406
 0.001610992
 0.003404271
 0.002642983
 0.001726829
 0.004451548
 0.005109522
 0.005915048
 0.008119878
 0.005163136
 0.005513275
 0.005706836
-0.002433737
-0.002416740
 0.001425940
 0.001277179
 0.001545569
 0.004710777
 0.000889200
 0.000492465
 0.000986920
 0.003266019
 0.003282067
 0.003271052
 0.003272758
 0.004817054
 0.004962337
 0.001957868
 0.002017266
 0.002019724
 0.002717111
 0.000669058
 0.000439509
 0.000350993
 0.006231243
 0.000231344
 0.004998363
 0.000994722
 0.000619368
 0.001211104
 0.001432259
 0.001302564
 0.002759245
 0.001071992
 0.003094608
 0.003507427
 0.001886735
 0.004877546
 0.001707167
 0.001718836
 0.006461498
 0.000957600
 0.002287033
 0.004543331
 0.003874918
 0.004212556
 0.004782582
 0.004876368
 0.004876287
 0.003724826
 0.002917557
 0.003368269
 0.002384840
 0.001612828
 0.001983550
 0.002585235
 0.000520041
 0.006013411
-0.000728108
-0.000610479
-0.000849049
-0.000905693
-0.000453309
-0.000394577
 0.000001543
 0.000799314
 0.008685773
 0.004425264
 0.001620456
 0.000080620
 0.002154151
-0.001019302
 0.004733436
 0.005315328
 0.005469387
 0.001662766
 0.001741040
 0.001925958
 0.001946528
 0.002006261
 0.001724343
 0.008713282
 0.009085577
 0.002278885
-0.000361461
-0.000104243
 0.001083568
 0.001486792
 0.001360994
 0.001942038
 0.004423295
 0.000908884
-0.000041537
 0.001379736
 0.001688720
-0.002000768
-0.003084362
 0.004305179
 0.004377194
 0.003718197
 0.003691927
 0.001974712
 0.001251257
 0.001049256
 0.000105652
 0.001245989
 0.001733006
 0.002140802
 0.001640477
 0.002005956
-0.004094794
-0.003627195
-0.003259679
 0.003314390
 0.001239053
 0.001216427
-0.000180421
 0.000302268
 0.003666891
-0.001306722
-0.000684117
-0.003253928
-0.000212287
 0.001498546
 0.000031739
 0.000071065
-0.000565770
-0.000295209
-0.000311967
 0.000444224
 0.000876969
 0.001292942
 0.002368552
 0.002710479
 0.002772038
-0.002140013
-0.002091866
 0.001609268
-0.003996329
-0.003995713
-0.003741750
-0.003746947
-0.003840835
-0.003979808
-0.003785836
-0.000036710
 0.000099406
 0.001188558
 0.001152218
 0.000801378
 0.000658882
 0.000852494
 0.000852489
 0.000897256
 0.000226422
-0.003559492
-0.003529045
 0.001140375
 0.001070027
 0.000460617
 0.003582780
 0.001015177
 0.000659734
 0.002207540
 0.000853383
 0.000572921
 0.001259110
-0.001445973
 0.000508161
 0.004497451
 0.008721024
 0.007609636
 0.003613449
 0.004762069
 0.003604327
 0.003222026
 0.003310503
-0.001569946
-0.001682673
 0.000536625
 0.001397849
 0.007696314
 0.000941383
 0.000883628
 0.008674944
 0.003011685
 0.002618683
 0.002312981
 0.003146958
-0.002188401
-0.003278814
 0.001622423
 0.001880585
 0.001361870
-0.001086074
-0.000049082
-0.000576176
-0.002339095
 0.000996838
 0.001618886
 0.001706895
 0.000892692
-0.000109805
-0.001347114
-0.001260849
-0.001391390
 0.000331400
-0.000240171
-0.000344277
 0.000297789
-0.000092815
 0.005234118
 0.000271184
 0.001377534
 0.000010909
-0.000138934
-0.000961470
-0.000127085
 0.000363271
-0.000917770
 0.003145367
-0.001979201
 0.000165743
-0.000060700
-0.000207339
 0.001147922
 0.000916424
 0.001073908
 0.001258884
 0.001372085
 0.001460691
 0.002605794
 0.002622275
 0.003437135
 0.002382929
 0.001096780
 0.000022848
 0.001795708
-0.001377019
 0.001340471
 0.002272721
 0.000423459
 0.000123244
-0.001275743
-0.000914771
 0.000917493
 0.003603510
 0.003923847
 0.001617847
 0.001663278
-0.001113312
 0.000077774
 0.000565734
 0.004092268
 0.004422214
-0.002522763
-0.002833863
-0.003609408
 0.002021632
 0.000905166
-0.000026422
 0.006502244
 0.002038568
 0.000934802
 0.001912049
 0.001123323
-0.000898713
 0.001330760
 0.000956151
 0.003684666
 0.003795577
 0.002445444
 0.002806144
 0.002472622
 0.002743304
 0.002329452
 0.004393265
 0.003537912
 0.003005218
 0.007700477
 0.008055638
 0.002076976
 0.008322431
 0.006506780
 0.001912602
 0.000152638
 0.000515659
 0.004002073
 0.008023257
 0.007463674
 0.008697144
-0.001551354
 0.007437983
 0.005226112
 0.005002112
 0.005451137
 0.007574380
 0.006960906
 0.007431438
 0.006254673
 0.007435537
 0.006856790
 0.002045622
 0.001960680
-0.002075783
 0.001271325
 0.004374416
 0.003425348
 0.003961086
 0.003103843
 0.001715036
 0.001715592
 0.000682909
 0.003079799
 0.004273201
 0.004288589
 0.001390193
-0.000115832
 0.007057259
 0.002710277
 0.002652007
 0.002905717
 0.003631399
-0.000088602
-0.000448376
 0.000020331
-0.000867508
-0.000840587
-0.000868312
 0.004872497
 0.002192474
 0.002039862
 0.000587192
 0.001132526
 0.003248797
 0.002938818
 0.004251276
 0.002465833
-0.002467640
-0.002445774
 0.002015243
 0.002305994
 0.004886636
 0.002355380
-0.000871669
-0.000632086
 0.002630807
 0.002570968
 0.002523268
 0.002410490
 0.000902161
 0.007667782
 0.002812075
 0.002790507
 0.000276086
 0.001581960
-0.001435038
 0.001593461
 0.001494787
 0.001560539
 0.004884756
 0.000100446
-0.001838718
 0.003929780
 0.003934776
 0.001807353
 0.000946685
 0.001138220
 0.001904220
 0.000630155
 0.000439485
 0.001174307
 0.000740765
 0.001113993
 0.000219193
 0.000364954
 0.000724731
-0.002193515
 0.001060432
 0.000938152
 0.001858470
 0.000643468
 0.000684618
 0.001256265
 0.007186236
 0.001632803
 0.002232318
 0.006593616
 0.006588376
 0.006623058
 0.006619563
 0.006624249
 0.000553306
-0.001030958
-0.000347817
-0.001915616
 0.001830204
 0.001870337
 0.000970971
 0.001383678
 0.001140327
 0.001231306
-0.000119827
 0.001659518
 0.000989090
 0.001561437
 0.000473975
 0.000335202
 0.001420402
 0.001513936
 0.003703855
 0.001574822
-0.000948976
 0.007893420
 0.006951871
 0.003820830
-0.001850867
 0.001999077
-0.001994835
-0.001096553
 0.002108927
 0.001889207
 0.002170044
 0.000711695
 0.001340974
 0.002136298
 0.002052004
 0.002421647
 0.006693599
 0.007363784
 0.008422614
-0.002026722
 0.003175096
 0.008206518
 0.007961312
 0.003153048
-0.002144789
-0.000643458
-0.000245426
 0.003083979
 0.001996660
 0.000268583
-0.000784824
 0.002263541
 0.000927098
-0.000113566
-0.000093598
-0.000161896
 0.008215247
 0.008218928
 0.008157985
 0.008654269
 0.001168042
 0.003074724
 0.003024314
 0.002062471
 0.000371652
-0.002737035
-0.005005032
-0.004874368
 0.003668342
 0.006715403
 0.001863932
 0.007782554
 0.007291868
 0.002458961
-0.000049255
 0.000382182
 0.004331499
 0.005455651
 0.001645935
 0.000778931
 0.001138204
 0.002875535
 0.003432769
 0.003107938
 0.003129901
 0.001825721
 0.002886086
 0.001046881
 0.001193107
 0.002568228
 0.001382552
 0.003515863
 0.004342936
 0.003218783
 0.003589213
 0.004271836
 0.002584319
 0.001363905
 0.004633474
 0.004433767
 0.001220292
 0.001217488
 0.001095640
 0.001053697
 0.000104181
 0.003926703
 0.002167808
 0.002363928
 0.001706088
 0.002345354
 0.004587991
 0.004643069
 0.004686074
 0.005721197
 0.005199441
 0.006135359
 0.006099272
 0.005993516
 0.005698122
 0.005030055
 0.003107068
 0.005596742
 0.004637229
 0.001992013
 0.005838780
 0.006118124
 0.005789674
 0.002294727
 0.004108163
 0.005978967
 0.002263644
 0.003644256
 0.003426415
 0.003137279
 0.003006265
 0.002059607
 0.001614292
 0.001204447
 0.001796010
 0.001970539
 0.001243152
 0.000160347
-0.001527858
 0.001962738
 0.005009544
 0.004781984
 0.004764325
 0.005606005
 0.005682383
 0.004953760
 0.001204008
 0.002246559
 0.000871166
 0.002791541
 0.003071683
 0.002326140
 0.003346719
 0.000978341
 0.004561721
 0.001759173
 0.001906575
 0.001455583
 0.000065703
-0.000656977
-0.000387477
-0.000428115
-0.000383898
-0.000604004
-0.000498437
 0.001637879
 0.000793878
 0.002286066
 0.001970438
-0.003066698
 0.001704045
 0.001184335
 0.001440919
 0.000696786
 0.000695484
 0.000567872
 0.000181584
 0.004594507
-0.000261404
-0.001281436
 0.001780039
 0.000105389
 0.000056892
-0.002190479
-0.000479472
-0.002379005
-0.000470446
-0.001157290
 0.006496722
 0.002866842
 0.002504998
 0.003246366
 0.005411414
 0.007907718
 0.003977480
 0.003200721
 0.006777681
 0.006738340
 0.006530505
 0.006654713
 0.004030945
 0.001784051
 0.001709536
 0.001726796
 0.001195613
 0.001796524
 0.001197784
 0.001092101
 0.000999315
 0.000927308
 0.000706049
-0.001381209
-0.001912276
-0.000993605
 0.006495346
 0.002873484
 0.002951833
 0.001096426
 0.000924885
 0.001756930
 0.002268422
 0.004545399
 0.004882275
 0.000837317
 0.003231101
-0.006046520
 0.006697027
 0.006702789
 0.006369711
 0.004691484
 0.000973582
-0.006284492
-0.006151403
-0.003073793
-0.003350734
-0.005738932
-0.006306015
-0.005931247
-0.006231131
 0.004597827
 0.004688781
 0.004532964
 0.001393438
 0.002232344
-0.005595200
-0.005292949
 0.000948608
 0.007906718
 0.007684620
 0.001564944
 0.001204176
 0.000495871
 0.001583627
 0.000691836
-0.003517794
-0.004856556
-0.003679629
-0.004285500
-0.002044573
-0.001936847
 0.007715331
 0.002117183
 0.002939319
 0.002864424
 0.003766273
 0.003693253
 0.004216140
 0.002065625
-0.000044845
-0.000049159
-0.000060782
 0.001715311
 0.001092337
-0.003698699
-0.003701864
-0.000474887
 0.000853009
 0.000827187
 0.002353795
 0.001986488
 0.000900092
 0.000954417
-0.000339439
-0.000133457
 0.001120704
 0.001556488
-0.003670754
 0.000396434
 0.001142030
 0.000748666
 0.004003007
 0.002023663
 0.003168599
 0.001303548
 0.000731879
 0.000890731
 0.004164803
-0.000269148
-0.000313369
-0.000949849
-0.000767069
-0.000878724
-0.000543593
 0.002017416
 0.003883416
 0.001257773
 0.001339190
 0.001385485
 0.000828004
 0.001152061
 0.001060642
 0.001024494
 0.000367757
 0.001013703
 0.001159389
 0.003459194
 0.000983005
 0.004029191
 0.000925355
 0.002073996
-0.000018657
 0.005738741
 0.005306772
 0.006115227
 0.005837703
 0.008139874
 0.001590713
 0.001041428
 0.001604142
 0.001527054
 0.001106481
-0.000214740
 0.003385200
 0.003301469
 0.001143829
 0.000642948
 0.001225785
 0.001263535
 0.001324805
 0.002789273
 0.002132312
 0.001915699
 0.002577796
 0.002335288
 0.003332749
 0.002280491
 0.003386623
 0.002066121
 0.004920588
 0.008163046
 0.007599051
 0.004528813
 0.003883480
 0.000691987
 0.000514375
 0.002370499
 0.002849926
 0.005720045
 0.004980045
 0.000844227
-0.000148178
 0.003931511
 0.003982013
 0.003746181
 0.007559734
 0.007157859
 0.002568988
 0.000991034
 0.000500687
 0.000485194
 0.005741896
 0.000453304
-0.000255651
-0.000188994
-0.001299767
-0.001041206
 0.000232647
 0.006451988
 0.000494915
 0.002084246
 0.002081208
 0.003291075
 0.003189707
 0.002698815
-0.000773776
 0.002072009
-0.000003884
 0.002074147
-0.001357307
-0.002084304
 0.001044607
-0.000006954
-0.000105740
 0.000472989
 0.000493512
 0.000477912
 0.001092036
 0.000879569
 0.001056089
 0.000843374
 0.004623190
 0.005114483
 0.005516499
 0.000712830
 0.000538076
-0.002655752
-0.002736928
-0.002157903
-0.000974370
-0.001647710
-0.002329127
-0.000578235
-0.000370803
-0.000499190
-0.002947804
 0.002695408
 0.000202863
-0.000887370
 0.001219572
 0.001390685
 0.001140347
-0.003066657
 0.006120027
-0.003911162
-0.004461954
-0.004772204
 0.006831331
 0.002926139
-0.000159653
 0.003695019
 0.004840246
 0.004085185
-0.003086791
 0.003816634
 0.003452610
 0.003392774
 0.002696205
-0.000888691
 0.000659226
 0.000467468
 0.000751937
-0.003102791
 0.002002443
 0.002843818
 0.002117123
-0.000023764
-0.000232027
-0.000887491
-0.001184461
 0.003935635
-0.003444663
-0.003461774
-0.003298942
-0.003408271
 0.002878604
-0.000899311
-0.000518442
 0.004060325
 0.002659829
-0.003262694
-0.003235469
-0.003087234
-0.000180214
 0.004608928
 0.006695300
-0.000514511
 0.000399683
-0.000153175
-0.001277578
-0.001272768
 0.007797808
 0.005742015
 0.001838311
 0.001632442
-0.001206876
-0.001356394
 0.007578063
 0.007341201
 0.006491322
 0.006586881
 0.006951202
 0.005815121
 0.004883147
 0.005497741
 0.005890035
 0.001845344
 0.002000986
 0.000555998
 0.000951866
 0.001483181
-0.000012534
-0.000693875
 0.005170051
 0.000949613
 0.000971586
-0.000887612
-0.001502562
-0.001394449
-0.003160461
-0.004014068
 0.003623912
 0.003423633
 0.002790731
 0.002836671
 0.002419283
 0.001001202
 0.004252667
 0.004187882
 0.001595895
 0.000812018
 0.001670692
 0.000082102
 0.000575592
 0.000291602
 0.005347043
 0.006924373
 0.002528866
 0.001188766
 0.002465028
 0.002298085
 0.001637150
 0.001595603
-0.001234769
-0.002501164
-0.001995448
 0.000987409
 0.001087137
 0.001921395
 0.002424719
-0.000791540
-0.001365824
 0.002690501
 0.001431900
 0.000373047
 0.002155463
 0.002010995
 0.002005604
 0.003103495
 0.001985859
 0.002081514
 0.001554622
-0.001582620
 0.002895807
 0.005468385
 0.001795748
 0.001751876
 0.002338756
 0.002191199
 0.002067387
 0.001557148
 0.001126007
 0.001705443
 0.000908779
 0.005519220
 0.004348015
 0.005809422
 0.001947566
 0.001577576
 0.001902265
 0.001101701
 0.000760894
 0.000285459
 0.000146681
 0.000650693
 0.000127509
 0.002617007
 0.003103316
 0.000879414
 0.000230523
 0.000233841
 0.005204622
 0.003381610
 0.003926351
 0.004335773
 0.003394478
 0.003957569
 0.005084599
 0.004900706
 0.001696714
 0.001624219
 0.001558419
 0.003141760
 0.003140462
 0.002238540
 0.002719202
 0.000857223
 0.000872501
 0.000930360
 0.003681413
 0.004382216
 0.003097705
 0.004631989
 0.006004717
 0.005677458
 0.004682453
 0.004468946
 0.003994541
 0.001146400
 0.004891342
 0.000586690
 0.000609862
 0.000240432
 0.000625633
 0.000042424
 0.000631933
 0.000920308
 0.000747801
 0.002478047
 0.002162462
 0.002476300
 0.001022656
 0.001254916
 0.000330424
 0.000797835
-0.000807630
 0.006736973
 0.001798118
 0.001734013
 0.003384448
 0.008435234
 0.008465392
 0.001751749
 0.004522802
 0.001764234
 0.001508469
 0.001934468
 0.000896476
 0.000757456
 0.001517062
 0.000723874
 0.000727265
 0.002319917
 0.001630110
 0.001838086
 0.001630808
 0.002000636
 0.001379192
 0.001317348
 0.000620397
 0.001212024
-0.000005393
 0.002544908
 0.000951724
 0.000531551
 0.001043708
 0.000395341
 0.003262153
 0.001732855
 0.001969450
 0.002383933
-0.000120073
 0.000415001
 0.000456725
 0.000501669
 0.000875466
 0.000342743
 0.000405834
 0.000786242
 0.004922835
 0.004866455
 0.006306416
 0.000763258
 0.000554498
 0.000877481
 0.000628569
 0.000645501
 0.000522861
 0.002017848
 0.001611937
 0.000721118
 0.003377501
 0.002074914
 0.001190901
 0.000594320
-0.000234959
-0.000991586
 0.001172405
 0.001096793
 0.001090962
 0.001230312
 0.002029016
 0.002592668
 0.000637898
 0.000917816
 0.000712089
 0.000757636
 0.001917895
 0.001339175
 0.001891795
 0.001658261
 0.002112489
 0.001976350
 0.002205420
 0.000867056
 0.001750949
-0.000522108
-0.000968114
 0.000535417
 0.000836645
 0.002334020
 0.007901755
-0.001031305
 0.001695910
 0.001704866
 0.001314844
-0.000637213
 0.002441146
-0.001192689
 0.002583327
 0.001755969
-0.001818222
-0.001432339
 0.001899594
 0.002007138
 0.002166826
-0.001815918
 0.001870516
 0.001699329
 0.001201437
 0.001878222
 0.000672518
 0.000407440
-0.002853031
-0.002833266
-0.000352940
 0.001093365
 0.001812020
 0.001036868
 0.003444204
 0.002886094
-0.000957894
 0.002807595
 0.002443345
 0.001921168
 0.001590670
 0.001133172
 0.001167490
 0.001169739
 0.001166210
 0.001379305
 0.000147335
 0.000561816
 0.000207804
 0.000180629
 0.000194807
 0.002001042
 0.001205400
 0.001503417
 0.000658337
 0.000739997
 0.008386564
 0.001757004
 0.002006504
-0.000092704
 0.002465271
 0.000642201
 0.000676891
 0.000615277
 0.000422986
 0.006254065
 0.000452362
-0.002737107
 0.001905394
 0.001563730
 0.001293084
 0.001335482
 0.001727119
 0.000112603
 0.000338851
 0.006323050
 0.004990031
-0.001190712
-0.000248449
-0.001818301
 0.005941308
-0.002269867
-0.003617142
-0.003546292
-0.002929482
 0.001517515
 0.001374625
 0.001354067
 0.000899196
 0.003068322
 0.003003048
 0.004515343
 0.001464916
-0.001056989
 0.001390115
 0.001377881
 0.001353488
 0.001752141
 0.002575883
 0.002227844
 0.002570539
 0.001551027
 0.000828015
 0.001092583
 0.000440928
-0.001447188
 0.000430241
 0.000570978
 0.000483918
-0.000885364
 0.000333218
 0.000517044
 0.000588714
 0.000241064
-0.000468890
-0.000537087
-0.000335654
 0.000435667
 0.000117360
 0.000911167
-0.002086382
-0.001164282
-0.002164193
 0.001357893
 0.000113392
 0.001699361
 0.000582849
 0.000446122
-0.000386154
-0.000494129
 0.001437247
 0.000474476
 0.001017318
 0.001007319
 0.001808345
 0.001285362
 0.001006713
-0.002846118
 0.000645808
 0.000630265
-0.000359650
 0.000322035
 0.000845496
 0.000782692
 0.001106939
 0.001142492
 0.000145998
 0.001362925
 0.001041387
 0.001383777
 0.000546500
-0.002401805
-0.001202645
-0.000129803
 0.000853997
 0.000000323
-0.000533344
-0.000178186
-0.000489242
 0.001304132
 0.000415101
 0.001583198
 0.001404090
 0.001442590
 0.001145084
 0.000979468
 0.000929220
 0.001833705
 0.001708942
-0.000390276
 0.000493719
 0.000889508
 0.001366940
 0.000442723
 0.000777367
-0.001665014
-0.003248321
 0.001407654
 0.001153106
 0.003197708
-0.001654853
-0.002233085
-0.002486686
 0.000632858
 0.001008611
 0.000586484
 0.001667078
 0.000147192
 0.000897761
 0.001491087
 0.001393367
 0.000267802
-0.000667961
 0.000319234
 0.002601064
 0.000017232
 0.001187520
-0.002058637
-0.002028651
 0.000859703
-0.000494357
 0.001854010
 0.000212469
-0.000802518
 0.000112749
 0.000260825
-0.000011269
 0.000723145
 0.000458104
 0.000184152
 0.000241060
 0.000116682
 0.002496133
 0.003117723
 0.005762890
 0.001815258
 0.001726471
 0.000423001
-0.002566061
-0.002919822
 0.001942730
 0.000776434
-0.003423781
 0.001077195
 0.001478664
 0.001134094
 0.001045779
 0.001149908
 0.000694186
-0.000063027
 0.000782439
 0.001624476
 0.001623327
 0.000545101
 0.001541629
 0.000955408
 0.001173889
 0.001559206
 0.000945712
 0.001117584
-0.000966811
 0.000061791
 0.001238723
 0.001053062
 0.001554673
 0.001399612
 0.000921889
 0.001709106
 0.000835625
 0.001033551
 0.001014384
 0.006777148
 0.006609509
 0.006071251
 0.005480320
 0.001009565
 0.000956329
 0.001035749
 0.008341078
 0.000963177
 0.000697676
 0.001116226
 0.000922043
 0.006197785
 0.005833437
 0.005970574
 0.004287019
 0.004801800
 0.004552310
 0.005301660
 0.002307004
 0.001204729
 0.005265318
 0.006709342
 0.006027299
 0.004668733
 0.001937088
 0.001476175
 0.000599560
 0.001477937
 0.002060558
 0.002937215
 0.004864748
 0.005252229
 0.007115978
 0.007123335
 0.007141872
 0.004345575
 0.002823795
 0.003016800
 0.002745166
 0.002086611
 0.001192456
 0.000883351
 0.001117159
 0.001990649
 0.002256409
 0.000941620
 0.006421879
 0.005525584
 0.005367834
 0.000917201
-0.000005828
 0.000790645
 0.001823051
 0.003076372
 0.002265417
 0.002125409
 0.000279816
-0.000012645
-0.000014344
 0.000047795
 0.000141149
-0.001249046
 0.000056124
-0.001011304
-0.001304338
-0.001534420
 0.002612986
 0.001708141
 0.004072197
 0.003949958
-0.000315484
-0.000734008
-0.000123863
-0.000511366
 0.001409520
 0.001312337
 0.000013971
 0.000094080
 0.000222613
 0.001025544
 0.000861583
 0.001494863
 0.000810110
 0.000335501
 0.000002934
-0.000033114
 0.001764785
 0.001598233
 0.001847302
 0.001256543
 0.000605460
 0.000479967
 0.000370014
-0.000178797
-0.000187163
 0.000983360
-0.000354334
-0.000011217
 0.000106495
 0.001177741
 0.000618517
 0.000857483
-0.001078967
-0.001405630
-0.001406736
-0.001341272
-0.001261685
-0.000338500
-0.000944199
 0.000153816
-0.001148870
 0.000778268
 0.000830963
 0.002395183
 0.002565264
 0.002451615
 0.001610360
 0.002111783
-0.000562500
 0.001260748
 0.002272866
 0.001337761
 0.001155356
 0.001186119
 0.001276043
-0.001269612
-0.001256225
 0.000499139
 0.007222915
 0.008796399
 0.003159071
 0.003467821
 0.002596339
 0.002914951
 0.001393362
 0.001353174
 0.002995036
-0.002899431
 0.004480670
 0.006422798
 0.002900896
 0.003565991
 0.001679020
 0.001638590
-0.000235309
-0.002957544
-0.003032822
 0.006183883
 0.005047716
 0.001909929
 0.004337530
 0.004006975
 0.005277860
 0.005403146
 0.004916575
 0.005144063
 0.004886555
 0.004363817
 0.004265614
 0.004079100
 0.001442628
 0.000537828
-0.003028757
-0.000144653
 0.003266331
 0.000422071
-0.002931257
-0.002844862
 0.001762927
 0.001761585
 0.000519664
 0.001446331
 0.000539658
-0.000743112
-0.000930895
 0.000239661
 0.000778250
 0.000951908
 0.001243741
 0.002934081
 0.001716930
 0.003177144
 0.000874551
-0.000168491
-0.000111377
 0.000090482
 0.000992486
 0.000317188
 0.001470551
 0.002010354
 0.002120549
 0.000942429
 0.000664457
 0.000638201
 0.000668915
 0.000457010
 0.000435749
 0.001397331
 0.000092250
 0.000589531
 0.001401618
-0.002465644
 0.000423075
 0.000249451
-0.000157862
 0.000888552
 0.001764085
 0.001793943
 0.001792930
 0.001546011
 0.001155549
 0.001733682
 0.001353251
 0.000693468
 0.001242160
 0.000120707
 0.000841605
 0.000376254
 0.000504022
 0.000868771
-0.001357041
 0.000531340
 0.000137182
 0.000545889
 0.000483269
 0.000454601
 0.000008861
-0.002166913
 0.002086264
 0.001975446
 0.000251374
 0.002676032
 0.001907643
 0.001974719
 0.000775879
 0.000214196
 0.000055641
 0.000281100
 0.000623464
 0.000967943
-0.001274751
-0.003837576
-0.003591355
-0.001218676
-0.001180455
-0.000897669
-0.000548414
-0.000115358
-0.000699498
-0.000824477
-0.000800137
-0.000543373
-0.000267153
-0.001628030
-0.000043619
-0.001320383
-0.000003200
-0.001176651
 0.002085279
 0.002180062
 0.001033586
-0.000339913
 0.000180414
 0.000016043
 0.003790075
 0.003231983
-0.000518753
 0.000328934
 0.000855443
 0.000920359
 0.000597492
 0.002019178
 0.002266142
 0.002203607
 0.000289011
-0.000653692
-0.000097870
 0.000267648
 0.000226370
 0.001210284
 0.000492777
 0.000212152
 0.000531872
 0.000704196
 0.000651894
 0.000811704
 0.000337856
 0.001922011
 0.001115954
 0.001385050
-0.000538851
 0.003973427
 0.002011452
 0.001460959
 0.001861989
 0.001932157
 0.002606576
 0.003387704
 0.001534171
 0.001696297
-0.000247711
 0.001610425
 0.001558939
 0.001245318
 0.000791528
 0.006212169
 0.004943806
-0.000442261
 0.003007293
 0.001933830
 0.001671457
 0.003077412
 0.006641479
 0.006144667
 0.001680051
 0.001176590
 0.001186395
 0.001810271
 0.003380216
 0.003378161
-0.000356014
-0.000422221
-0.000462198
-0.000491509
 0.001501238
-0.000684575
-0.001122667
-0.000280530
-0.000592078
 0.000732791
 0.001922032
 0.001676624
-0.000236983
-0.000759959
-0.000359494
 0.002449749
 0.002346661
-0.000724994
-0.000591718
-0.000440924
-0.000257877
-0.000387516
 0.000684743
 0.000027173
 0.000012401
 0.000116170
 0.001223623
 0.001207770
 0.001226835
 0.001160944
 0.000920075
 0.000893787
-0.000147548
-0.000283911
 0.001380952
-0.000333480
 0.006607493
 0.000928092
 0.000907077
 0.000192014
 0.000798244
 0.001285995
 0.001639872
 0.001278975
 0.001536588
 0.001320329
-0.000125145
-0.000383211
 0.001085408
 0.005022493
 0.001313278
-0.000501392
-0.000324708
 0.000797315
 0.001478511
 0.000814220
 0.001333537
-0.000863906
 0.005222670
 0.005242766
 0.005394142
 0.005418310
 0.005284363
 0.005244550
 0.004820079
 0.004742487
 0.005297707
 0.005415205
 0.005361844
 0.005369894
 0.004674040
 0.004272499
 0.005335688
 0.004837988
 0.005256073
 0.004099119
 0.003499909
 0.004576743
 0.002412107
 0.003839165
 0.001709402
 0.001516240
 0.003239475
 0.003581488
 0.003495825
 0.003514595
 0.001428163
 0.000641438
 0.002971695
 0.002482871
 0.000521603
 0.000165996
 0.000141732
-0.000094766
-0.000109997
-0.000110555
 0.000065596
 0.001485425
 0.001524888
 0.002255264
 0.003494162
 0.003535071
 0.003534046
 0.003175701
-0.001037144
 0.002143642
 0.002478786
-0.000190266
 0.000114362
-0.001185302
-0.001279798
-0.001366642
-0.000909228
-0.001324330
 0.001266091
-0.000617869
 0.001535623
 0.001979749
 0.002103023
 0.002181975
 0.002722062
 0.001976708
 0.002938348
 0.003404295
 0.003501449
 0.003221611
 0.003401900
 0.002273057
 0.002390496
 0.001809954
 0.001694966
 0.001492648
 0.000568901
 0.001989380
 0.001911128
 0.001601486
 0.003114160
 0.003117258
 0.006579488
 0.006521786
 0.003873726
 0.003589464
 0.003190867
 0.002887292
-0.001510780
-0.001140385
-0.000721808
-0.000472597
-0.000647684
-0.000579260
 0.000622117
 0.001189901
 0.001214445
 0.001177803
 0.000073510
 0.000345758
 0.000359368
 0.005236190
 0.006128487
 0.003874257
-0.000551685
-0.000681181
-0.000618742
-0.000224700
 0.001433225
 0.000751367
 0.002697675
 0.003406289
 0.002694677
 0.002629306
 0.000344146
 0.001530633
-0.001563200
-0.000001882
-0.000035932
 0.000119856
 0.000078976
-0.000129494
 0.000466820
 0.002552683
 0.001925650
 0.001951230
 0.002056631
 0.000733599
 0.002558471
 0.003922280
 0.001817015
 0.004102612
 0.000841232
 0.000976698
 0.001630568
 0.000972035
 0.000237989
 0.000653542
 0.005495208
 0.000086658
 0.000081121
 0.000277989
 0.000825313
 0.000807501
 0.000859180
 0.000750630
 0.002183632
 0.002467097
 0.000784184
 0.000830670
 0.000828944
 0.000993745
 0.001069872
 0.001827164
 0.001594686
 0.001652876
 0.000448009
 0.000150592
-0.000014758
 0.000497379
 0.000307031
 0.000730769
 0.000238710
 0.000367355
 0.000084990
-0.000807300
-0.001743250
 0.000232982
 0.000149128
 0.000240230
 0.000076641
 0.000092491
 0.000095923
-0.000173777
 0.000012023
-0.000069704
-0.000629830
-0.000613561
 0.001424235
 0.001171878
-0.000831200
 0.004887928
 0.001064854
 0.001008153
-0.002481367
-0.000350951
 0.000324423
-0.000130600
-0.000159219
-0.000269815
 0.000144409
 0.000056992
-0.000492569
-0.002580278
-0.001975320
-0.002573937
 0.000684260
 0.000483846
 0.001212944
 0.005585135
 0.001019031
 0.000026661
 0.000057127
-0.000268355
 0.000103946
 0.000061969
 0.001957499
 0.001944781
 0.001959553
 0.001959606
 0.006155661
 0.006312629
 0.002084560
-0.000914705
-0.000367941
-0.000835293
 0.000019596
-0.000169378
-0.000340725
 0.000976112
 0.001602690
 0.001829654
 0.001366085
-0.000099150
-0.000970289
-0.000784836
 0.000553654
 0.000618718
 0.006331752
 0.006337272
 0.004824648
 0.005030401
 0.004997404
 0.004816129
-0.000091993
-0.000082215
 0.001725599
-0.000063870
 0.001792017
 0.001732406
-0.001390283
-0.003185983
 0.000606449
 0.000417667
 0.000216565
 0.006432155
-0.000059821
-0.000283631
 0.000627973
 0.000309319
-0.000396098
 0.000789121
 0.006089721
 0.005957510
 0.006091356
 0.006043390
-0.003218826
-0.002953130
 0.003998028
 0.002302496
 0.004204062
 0.003008499
 0.002293063
 0.000748069
 0.000703208
 0.000394308
 0.000597453
-0.000250402
 0.006414091
 0.006265844
 0.001710110
-0.000570690
 0.001017697
 0.000936357
 0.000067170
-0.000157758
 0.002468818
 0.002444866
-0.002707312
-0.002190715
 0.001708277
 0.003821492
-0.001404885
-0.001379606
-0.001480824
 0.006347751
 0.006361907
 0.006473954
 0.002608470
 0.002056567
 0.007571052
 0.007314011
-0.001644348
-0.000768461
-0.000982616
 0.004830137
 0.004716466
 0.004071813
 0.002504484
 0.003006641
 0.003403269
 0.002411656
 0.002540081
 0.002617570
 0.002554052
 0.002846692
 0.002558260
 0.003766954
 0.003982154
 0.004772843
 0.004555848
-0.001755583
 0.006139462
 0.006132969
-0.001367843
-0.001530008
 0.001876303
 0.000881783
 0.002331587
 0.003345169
 0.003387340
 0.001063059
 0.001253018
 0.001070102
 0.001112728
 0.003480793
 0.003732320
 0.004365811
 0.004006345
 0.002272677
 0.002319803
 0.002243678
 0.002471858
 0.002430611
 0.003647454
-0.000377162
-0.001008933
 0.002722250
-0.001831851
-0.001865087
-0.001845421
-0.001969660
-0.002212187
-0.004410478
 0.005323831
 0.004421627
 0.003098835
-0.001759756
 0.002791585
 0.002094004
 0.002209543
 0.002078557
 0.002227514
 0.002041959
 0.002053226
 0.003393698
 0.002016980
 0.002777330
-0.004436207
 0.005526919
 0.004652937
 0.004080848
 0.004560923
 0.004379993
 0.003508933
 0.003860688
 0.002932591
 0.001487621
-0.000944562
 0.002714492
 0.002901094
 0.003604236
 0.001910831
 0.002930566
 0.002841781
 0.002204035
 0.005167291
 0.005009422
 0.002179343
-0.004560930
 0.005484269
 0.005194661
 0.005292635
 0.004102218
 0.004084559
 0.004918084
 0.004410417
 0.005082614
 0.006225315
-0.002222145
-0.004169575
-0.002350701
 0.004113593
 0.006328106
 0.003895826
 0.002139426
 0.002158316
-0.002092334
 0.005425988
 0.004978057
 0.004899191
 0.004970695
 0.005241500
 0.005380229
-0.001997692
 0.003830017
 0.003727216
 0.006124957
 0.003265183
-0.000680725
-0.000347264
-0.000150772
 0.006835549
 0.006964138
 0.005057507
 0.006184807
 0.008955407
 0.003160256
 0.002725775
 0.002632343
 0.002362978
 0.009043410
 0.004027807
 0.003204058
-0.001183110
-0.001204866
-0.000286713
-0.000745528
 0.001777032
 0.000478407
 0.000387896
 0.004541336
 0.003173708
 0.003765410
 0.002429581
 0.007154593
 0.003666192
 0.003607551
 0.002311134
 0.003862780
 0.001876189
 0.001059650
 0.000470048
 0.003068915
 0.006774580
 0.005017615
 0.000191970
-0.000615053
-0.000946627
 0.004628141
 0.000607737
 0.000393766
 0.000845785
 0.001518733
-0.000105354
-0.001009319
 0.000255389
 0.000370184
-0.000169443
 0.003640267
 0.007091169
 0.002975989
 0.000499911
 0.001881626
 0.002631381
 0.003573355
 0.002388828
 0.002166294
 0.001705965
 0.005417353
 0.001705965
 0.001894288
 0.000634358
 0.005417353
 0.001348034
-0.000010178
 0.000634358
-0.000657213
 0.001348034
 0.000182113
-0.000657213
 0.000952484
-0.002498203
 0.000807902
 0.003886163
 0.000807902
-0.001679037
 0.000531190
 0.000472549
-0.001050815
 0.000807902
 0.003886163
 0.002042750
 0.000807902
-0.001679037
 0.000531190
-0.001050815
 0.001160795
-0.002525307
 0.001705965
 0.000472549
 0.003886163
 0.005417353
 0.001065696
-0.000003008
 0.000479389
 0.001705965
 0.001894288
 0.000634358
 0.005417353
 0.001065696
 0.000479389
-0.001679037
 0.000472549
-0.001050815
 0.000065932
-0.001049440
 0.000479389
 0.001348034
 0.000634358
 0.000892926
 0.002042750
 0.003886163
 0.001065696
-0.000016714
-0.000003008
-0.000000000
 0.001065696
-0.000016714
 0.000892926
 0.002042750
-0.001679037
-0.001050815
-0.002525307
 0.000337115
 0.000531190
 0.000065932
 0.000235808
 0.000337115
 0.000499648
 0.000174487
-0.000098564
 0.000337115
 0.001505805
 0.000531190
 0.001160795
-0.000503255
-0.000261366
 0.000174487
 0.001505805
 0.000086552
-0.000503255
-0.000261366
 0.002645624
 0.000337115
 0.000499648
 0.001505805
 0.000235808
-0.001049440
 0.000065932
-0.001049440
-0.000657213
 0.001348034
-0.000416391
 0.000438755
 0.000235808
-0.000416391
-0.000657213
-0.000416391
 0.000304996
-0.002498203
 0.001894288
-0.000010178
-0.000180724
 0.001163742
-0.000010178
-0.000180724
 0.000182113
 0.001740492
 0.000086469
 0.001163742
 0.000952484
 0.000086469
 0.000182113
 0.000166849
 0.001740492
 0.000086469
 0.000001161
-0.000548172
 0.000952484
-0.002498203
 0.000001161
-0.000548172
 0.000166849
 0.000001161
-0.000003008
 0.001894288
-0.000180724
 0.001382303
 0.000025331
 0.002431812
 0.001382303
 0.002431812
 0.001163742
-0.000180724
 0.000025331
 0.000006045
 0.001740492
 0.002431812
 0.001163742
-0.000003008
 0.001382303
 0.000081322
-0.000000000
 0.000025331
 0.001382303
 0.000081322
 0.000114278
 0.000025331
 0.000006045
 0.000052288
-0.003997096
 0.000590307
 0.000006045
 0.000052288
 0.000823289
 0.000114278
 0.001910395
-0.003997096
 0.000006045
 0.000052288
 0.000823289
-0.004306077
 0.001910395
 0.001356518
 0.000166849
 0.000590307
 0.001740492
-0.000548172
 0.000739302
-0.002498203
-0.000548172
 0.000166849
 0.000492600
 0.000678818
 0.000214051
-0.003997096
 0.000492600
 0.000590307
 0.000214051
 0.000314079
 0.000492600
 0.000964935
 0.000214051
 0.000089546
-0.000991292
 0.001356518
-0.003997096
-0.004306077
-0.000991292
 0.001356518
 0.000214051
 0.000089546
 0.000257282
 0.000314079
 0.004853281
 0.001286032
 0.002783106
 0.004853281
 0.003176464
 0.001286032
-0.000548622
-0.000192651
 0.002783106
 0.001025743
 0.003224162
 0.004853281
 0.001286032
-0.000192651
 0.001025743
 0.003224162
 0.004853281
 0.003176464
 0.001774579
 0.001286032
 0.001025743
 0.003224162
-0.000548622
-0.000192651
 0.001025743
 0.003224162
 0.001774579
 0.000438755
 0.000499648
 0.001892966
 0.005423843
 0.006566244
 0.001873177
 0.002783106
 0.003176464
-0.000948617
 0.001892966
 0.002645624
-0.000051394
 0.000086552
 0.002645624
 0.000499648
 0.001915622
 0.001892966
 0.002786701
-0.000051394
 0.001915622
 0.005423843
 0.006566244
 0.001873177
 0.000602181
 0.002786701
 0.001915622
 0.001892966
 0.000438755
 0.000587265
 0.000304996
 0.000987225
-0.000948617
 0.000476637
 0.000739302
 0.000304996
 0.000987225
-0.001235730
-0.000548622
 0.001873177
 0.001023931
 0.002783106
 0.000587265
-0.000969970
-0.000948617
-0.001235730
 0.001165835
 0.000161059
-0.000369407
 0.000075299
 0.000587265
 0.000987225
 0.000319651
-0.000369407
 0.000476637
 0.000987225
-0.001235730
 0.001873177
 0.000602181
 0.000075299
 0.000587265
-0.000969970
-0.001235730
 0.001165835
 0.000808157
 0.005423843
 0.006566244
 0.001023931
 0.003176464
 0.001774579
 0.005423843
 0.006566244
-0.000548622
 0.001023931
 0.002546130
 0.001774579
 0.000161059
-0.000969970
 0.001165835
 0.002546130
 0.000161059
 0.004020835
 0.001865113
 0.000808157
 0.002546130
-0.000969970
 0.001165835
 0.000808157
 0.002546130
 0.005122614
 0.002509577
 0.005122614
 0.002509577
 0.000476637
 0.000739302
 0.000420260
 0.000678818
 0.000356252
 0.000420260
 0.000964935
 0.000678818
 0.000319651
 0.000091917
 0.000476637
 0.000420260
 0.000091917
 0.000595827
 0.000356252
 0.000420260
 0.000314079
 0.000356252
 0.000964935
 0.000257282
 0.000314079
 0.000595827
 0.000356252
 0.004020835
 0.005122614
 0.002509577
 0.001865113
 0.004020835
 0.005122614
 0.002509577
 0.001865113
 0.002447374
 0.001276895
 0.001160795
-0.002525307
 0.002447374
 0.000892926
 0.000542515
 0.003430612
 0.001036469
 0.001276895
 0.004095513
-0.000016714
 0.000355497
 0.000214065
 0.003430612
 0.004095513
-0.000000000
 0.001801779
-0.000016714
 0.002447374
 0.000892926
 0.000355497
 0.000542515
 0.001036469
 0.001276895
-0.002525307
 0.000917757
 0.000427326
 0.000355497
-0.003645165
 0.000214065
 0.000542515
 0.003430612
 0.001036469
 0.004095513
 0.000214065
 0.003430612
 0.004095513
 0.001801779
 0.000542515
 0.001036469
 0.003392946
-0.003645165
 0.000214065
 0.000174487
-0.000098564
 0.000789577
 0.000970675
-0.000098564
 0.001160795
 0.000917757
 0.001390996
-0.000503255
-0.000261366
 0.000970675
 0.000174487
 0.000086552
-0.000503255
-0.000015449
 0.002588676
-0.000261366
-0.000185185
 0.000789577
 0.000970675
 0.001535373
 0.000789577
 0.001390996
 0.000018918
-0.000015449
 0.002588676
 0.000789577
 0.001535373
-0.000393036
-0.000223138
 0.000427326
 0.000540330
 0.000917757
 0.001390996
 0.000427326
 0.000540330
-0.003645165
-0.000015449
-0.000393036
-0.000223138
 0.000287456
-0.001640483
 0.000179485
 0.000287456
-0.001532018
 0.000018918
-0.000393036
-0.000223138
 0.000540330
 0.001390996
 0.000540330
-0.000011482
 0.001619662
-0.003645165
 0.000018918
-0.000015449
-0.000393036
-0.000223138
-0.000011482
 0.000287456
-0.000011482
 0.000287456
 0.001034634
-0.001532018
 0.002487517
 0.000081322
-0.000000000
 0.001801779
 0.002574657
 0.002487517
 0.000081322
 0.000114278
 0.000161921
 0.002574657
 0.000231370
 0.003392946
 0.002487517
 0.001801779
 0.002574657
 0.002487517
-0.000416133
 0.003392946
 0.001619662
-0.000416133
 0.000605146
 0.000161921
 0.002574657
-0.000416133
 0.000823289
 0.000114278
 0.000231370
 0.000075368
 0.001910395
 0.000823289
 0.000231370
 0.000823065
-0.004306077
 0.001910395
 0.000161921
 0.000075368
 0.000180081
-0.001532018
 0.000302374
-0.001921329
 0.001328843
 0.000063573
 0.000605146
 0.001034634
 0.001619662
 0.000605146
 0.000420204
 0.000161921
 0.000180081
 0.001034634
-0.001532018
 0.000420204
-0.001921329
 0.000420204
-0.001921329
-0.000071039
 0.001328843
 0.000075368
 0.000180081
 0.000733104
 0.000823065
 0.000089546
-0.000991292
 0.000823065
-0.004306077
-0.000991292
 0.001572065
 0.000733104
 0.001328843
 0.000089546
 0.000257282
-0.000071039
 0.000180081
 0.000733104
-0.000071039
 0.000733104
 0.001328843
-0.000185185
 0.000055543
-0.000051394
 0.000086552
 0.001067525
 0.002588676
 0.002788817
 0.002144757
 0.001623981
-0.001640483
-0.000185185
 0.001067525
 0.001535373
 0.000055543
 0.000781104
 0.002786701
-0.000051394
 0.001623981
-0.000480663
 0.000602181
 0.000781104
 0.002786701
 0.000055543
 0.001067525
 0.002588676
 0.002788817
 0.002144757
 0.001623981
 0.000575638
 0.001067525
 0.001535373
 0.000055543
 0.000575638
 0.000781104
 0.001623981
 0.000575638
 0.000781104
 0.000179485
 0.002788817
 0.002144757
-0.001640483
-0.000480663
-0.000369407
 0.000075299
 0.000319651
 0.000179485
 0.000302374
-0.000369407
-0.000480663
 0.000602181
 0.000075299
 0.002788817
 0.002144757
 0.000319651
 0.000091917
 0.000302374
 0.000063573
 0.000091917
 0.001572065
 0.000063573
 0.000595827
 0.001572065
 0.000257282
 0.000595827
