0.00467295
0.00471631
0.00378642
0.00775027
0.00585159
0.00619127
0.0090623
0.0129694
0.0243934
0.00431647
0.00711553
0.0025653
0.00377278
-0.000144415
0.000624782
-0.000962087
0.0526231
0.00981442
0.0239429
0.00566061
0.0089167
0.000986747
0.00357819
-0.000121193
0.00981442
0.00833763
0.00566061
0.00275274
0.000986747
0.000768401
-0.000121193
-0.00138185
0.0121417
0.00561056
0.00477482
0.00225455
0.00281128
0.000181699
0.000858961
-0.000164402
0.00561056
0.00945257
0.00225455
0.00368766
0.000181699
0.00194919
-0.000164402
0.000664093
0.00477482
0.00225455
0.00596178
0.00178885
0.000858961
-0.000164402
0.0019235
0.000331105
0.00225455
0.00368766
0.00178885
0.00265456
-0.000164402
0.000664093
0.000331105
0.000202663
0.00281128
0.000181699
0.000858961
-0.000164402
0.00159601
0.000129426
0.000535482
-0.00116006
0.000181699
0.00194919
-0.000164402
0.000664093
0.000129426
0.00102767
-0.00116006
-0.000634517
0.000858961
-0.000164402
0.0019235
0.000331105
0.000535482
-0.00116006
0.000402444
0.00066556
-0.000164402
0.000664093
0.000331105
0.000202663
-0.00116006
-0.000634517
0.00066556
-0.000739917
0.0239429
0.00566061
0.0144696
0.00482825
0.00357819
-0.000121193
0.00325661
3.56386e-05
0.00566061
0.00275274
0.00482825
0.00417495
-0.000121193
-0.00138185
3.56386e-05
-0.000202813
0.00596178
0.00178885
0.00667037
0.00147712
0.0019235
0.000331105
0.00118933
-6.68244e-05
0.00178885
0.00265456
0.00147712
0.00155498
0.000331105
0.000202663
-6.68244e-05
-0.000411254
0.00667037
0.00147712
0.00435475
0.00311843
0.00118933
-6.68244e-05
0.00153015
0.0011135
0.00147712
0.00155498
0.00311843
0.00341217
-6.68244e-05
-0.000411254
0.0011135
0.000800856
0.0019235
0.000331105
0.00118933
-6.68244e-05
0.000402444
0.00066556
-0.000527178
-0.000229866
0.000331105
0.000202663
-6.68244e-05
-0.000411254
0.00066556
-0.000739917
-0.000229866
-0.0012779
0.00118933
-6.68244e-05
0.00153015
0.0011135
-0.000527178
-0.000229866
8.70702e-05
-1.45096e-05
-6.68244e-05
-0.000411254
0.0011135
0.000800856
-0.000229866
-0.0012779
-1.45096e-05
0.00011679
0.0089167
0.000986747
0.00357819
-0.000121193
0.00724757
0.000547479
0.00226072
-0.00117841
0.0109304
0.00209718
0.00601472
0.000883668
0.00449275
-0.000190684
0.00226322
-0.00042467
0.00209718
0.00159601
0.000883668
0.000535482
-0.000190684
0.000212885
-0.00042467
-0.00142213
0.00601472
0.000883668
0.00423591
0.000577332
0.00226322
-0.00042467
0.00128519
-0.000327645
0.000883668
0.000535482
0.000577332
0.000402444
-0.00042467
-0.00142213
-0.000327645
-0.000661171
0.00449275
-0.000190684
0.00226322
-0.00042467
0.00825463
0.00159342
0.00410136
0.000641999
-0.000190684
0.000212885
-0.00042467
-0.00142213
0.00159342
0.00142468
0.000641999
-0.000113892
0.00226322
-0.00042467
0.00128519
-0.000327645
0.00410136
0.000641999
0.00234107
0.00023931
-0.00042467
-0.00142213
-0.000327645
-0.000661171
0.000641999
-0.000113892
0.00023931
-6.41169e-05
0.000986747
0.000768401
-0.000121193
-0.00138185
0.000547479
0.00150013
-0.00117841
-0.00220472
0.00159601
0.000129426
0.000535482
-0.00116006
0.000212885
0.000787578
-0.00142213
-0.00120157
0.000129426
0.00102767
-0.00116006
-0.000634517
0.000787578
0.00238262
-0.00120157
-0.000428178
0.000535482
-0.00116006
0.000402444
0.00066556
-0.00142213
-0.00120157
-0.000661171
-0.000812459
-0.00116006
-0.000634517
0.00066556
-0.000739917
-0.00120157
-0.000428178
-0.000812459
-0.00117233
0.000212885
0.000787578
-0.00142213
-0.00120157
0.00142468
0.00154331
-0.000113892
-0.00082703
0.000787578
0.00238262
-0.00120157
-0.000428178
0.00154331
0.00247334
-0.00082703
-3.07554e-05
-0.00142213
-0.00120157
-0.000661171
-0.000812459
-0.000113892
-0.00082703
-6.41169e-05
-0.000604046
-0.00120157
-0.000428178
-0.000812459
-0.00117233
-0.00082703
-3.07554e-05
-0.000604046
-0.00070343
0.00357819
-0.000121193
0.00325661
3.56386e-05
0.00226072
-0.00117841
0.000766586
-0.0017093
0.00423591
0.000577332
0.00273513
-0.000659037
0.00128519
-0.000327645
0.000401985
-0.00123472
0.000577332
0.000402444
-0.000659037
-0.000527178
-0.000327645
-0.000661171
-0.00123472
-0.00203908
0.00273513
-0.000659037
0.00320883
0.000531888
0.000401985
-0.00123472
0.000998248
-0.000490442
-0.000659037
-0.000527178
0.000531888
8.70702e-05
-0.00123472
-0.00203908
-0.000490442
-0.00103531
0.00128519
-0.000327645
0.000401985
-0.00123472
0.00234107
0.00023931
0.00140815
-0.000712964
-0.000327645
-0.000661171
-0.00123472
-0.00203908
0.00023931
-6.41169e-05
-0.000712964
-0.00183359
0.000401985
-0.00123472
0.000998248
-0.000490442
0.00140815
-0.000712964
0.00165669
-0.000124235
-0.00123472
-0.00203908
-0.000490442
-0.00103531
-0.000712964
-0.00183359
-0.000124235
-0.000914264
-0.000121193
-0.00138185
3.56386e-05
-0.000202813
-0.00117841
-0.00220472
-0.0017093
-0.00128531
0.000402444
0.00066556
-0.000527178
-0.000229866
-0.000661171
-0.000812459
-0.00203908
-0.0019625
0.00066556
-0.000739917
-0.000229866
-0.0012779
-0.000812459
-0.00117233
-0.0019625
-0.00215128
-0.000527178
-0.000229866
8.70702e-05
-1.45096e-05
-0.00203908
-0.0019625
-0.00103531
-0.00132779
-0.000229866
-0.0012779
-1.45096e-05
0.00011679
-0.0019625
-0.00215128
-0.00132779
-0.00105614
-0.000661171
-0.000812459
-0.00203908
-0.0019625
-6.41169e-05
-0.000604046
-0.00183359
-0.00164687
-0.000812459
-0.00117233
-0.0019625
-0.00215128
-0.000604046
-0.00070343
-0.00164687
-0.0017129
-0.00203908
-0.0019625
-0.00103531
-0.00132779
-0.00183359
-0.00164687
-0.000914264
-0.00032333
-0.0019625
-0.00215128
-0.00132779
-0.00105614
-0.00164687
-0.0017129
-0.00032333
-0.000441046
0.00431647
0.0234025
0.0025653
0.0124353
-0.000144415
0.00272315
-0.000962087
0.00150545
0.00833763
0.01163
0.00275274
0.00387078
0.000768401
0.00144009
-0.00138185
-0.00101222
0.00945257
0.00814393
0.00368766
0.0026302
0.00194919
0.00152303
0.000664093
0.000132632
0.00814393
0.0139986
0.0026302
0.00435468
0.00152303
0.00330092
0.000132632
0.000429986
0.00368766
0.0026302
0.00265456
0.00212569
0.000664093
0.000132632
0.000202663
5.30812e-05
0.0026302
0.00435468
0.00212569
0.00424799
0.000132632
0.000429986
5.30812e-05
0.000656355
0.00194919
0.00152303
0.000664093
0.000132632
0.00102767
0.000429934
-0.000634517
-0.000688004
0.00152303
0.00330092
0.000132632
0.000429986
0.000429934
0.00157364
-0.000688004
-0.000255214
0.000664093
0.000132632
0.000202663
5.30812e-05
-0.000634517
-0.000688004
-0.000739917
-0.000797405
0.000132632
0.000429986
5.30812e-05
0.000656355
-0.000688004
-0.000255214
-0.000797405
-9.44899e-05
0.01163
0.0523871
0.00387078
0.0205937
0.00144009
0.00873573
-0.00101222
0.00188768
0.00275274
0.00387078
0.00417495
0.00547425
-0.00138185
-0.00101222
-0.000202813
-0.000434852
0.00265456
0.00212569
0.00155498
0.000744801
0.000202663
5.30812e-05
-0.000411254
-0.00047064
0.00212569
0.00424799
0.000744801
0.00253274
5.30812e-05
0.000656355
-0.00047064
9.8301e-05
0.00155498
0.000744801
0.00341217
0.00294942
-0.000411254
-0.00047064
0.000800856
0.00042508
0.000744801
0.00253274
0.00294942
0.0064402
-0.00047064
9.8301e-05
0.00042508
0.00189187
0.000202663
5.30812e-05
-0.000411254
-0.00047064
-0.000739917
-0.000797405
-0.0012779
-0.00131877
5.30812e-05
0.000656355
-0.00047064
9.8301e-05
-0.000797405
-9.44899e-05
-0.00131877
-0.00055189
-0.000411254
-0.00047064
0.000800856
0.00042508
-0.0012779
-0.00131877
0.00011679
-0.000234215
-0.00047064
9.8301e-05
0.00042508
0.00189187
-0.00131877
-0.00055189
-0.000234215
0.000348415
0.00387078
0.0205937
0.00547425
0.0213757
-0.00101222
0.00188768
-0.000434852
0.00335698
0.000768401
0.00144009
-0.00138185
-0.00101222
0.00150013
0.00082227
-0.00220472
-0.00202474
0.00102767
0.000429934
-0.000634517
-0.000688004
0.00238262
0.000872844
-0.000428178
-0.000926149
0.000429934
0.00157364
-0.000688004
-0.000255214
0.000872844
0.000931403
-0.000926149
-0.00088764
-0.000634517
-0.000688004
-0.000739917
-0.000797405
-0.000428178
-0.000926149
-0.00117233
-0.00253615
-0.000688004
-0.000255214
-0.000797405
-9.44899e-05
-0.000926149
-0.00088764
-0.00253615
-0.00111953
0.00238262
0.000872844
-0.000428178
-0.000926149
0.00247334
0.00144436
-3.07554e-05
-0.000719983
0.000872844
0.000931403
-0.000926149
-0.00088764
0.00144436
0.00166588
-0.000719983
-0.000694614
-0.000428178
-0.000926149
-0.00117233
-0.00253615
-3.07554e-05
-0.000719983
-0.00070343
-0.0017768
-0.000926149
-0.00088764
-0.00253615
-0.00111953
-0.000719983
-0.000694614
-0.0017768
-0.000724766
0.00144009
0.00873573
-0.00101222
0.00188768
0.00082227
0.00576673
-0.00202474
0.00019957
0.00157364
0.00469837
-0.000255214
0.000516465
0.000931403
0.000965234
-0.00088764
-0.000993276
0.00469837
0.0116863
0.000516465
0.00209866
0.000965234
0.00479256
-0.000993276
-0.000182264
-0.000255214
0.000516465
-9.44899e-05
0.000984295
-0.00088764
-0.000993276
-0.00111953
-0.000914187
0.000516465
0.00209866
0.000984295
0.00265306
-0.000993276
-0.000182264
-0.000914187
-0.000300823
0.000931403
0.000965234
-0.00088764
-0.000993276
0.00166588
0.00211682
-0.000694614
-0.000551098
0.000965234
0.00479256
-0.000993276
-0.000182264
0.00211682
0.00759192
-0.000551098
0.0010619
-0.00088764
-0.000993276
-0.00111953
-0.000914187
-0.000694614
-0.000551098
-0.000724766
-0.0010169
-0.000993276
-0.000182264
-0.000914187
-0.000300823
-0.000551098
0.0010619
-0.0010169
0.000734578
-0.00138185
-0.00101222
-0.000202813
-0.000434852
-0.00220472
-0.00202474
-0.00128531
-0.00121489
-0.000739917
-0.000797405
-0.0012779
-0.00131877
-0.00117233
-0.00253615
-0.00215128
-0.00243535
-0.000797405
-9.44899e-05
-0.00131877
-0.00055189
-0.00253615
-0.00111953
-0.00243535
-0.0017115
-0.0012779
-0.00131877
0.00011679
-0.000234215
-0.00215128
-0.00243535
-0.00105614
-0.00179893
-0.00131877
-0.00055189
-0.000234215
0.000348415
-0.00243535
-0.0017115
-0.00179893
-0.000922674
-0.00117233
-0.00253615
-0.00215128
-0.00243535
-0.00070343
-0.0017768
-0.0017129
-0.00239166
-0.00253615
-0.00111953
-0.00243535
-0.0017115
-0.0017768
-0.000724766
-0.00239166
-0.00108894
-0.00215128
-0.00243535
-0.00105614
-0.00179893
-0.0017129
-0.00239166
-0.000441046
-0.00146959
-0.00243535
-0.0017115
-0.00179893
-0.000922674
-0.00239166
-0.00108894
-0.00146959
-0.000316906
-0.00101222
0.00188768
-0.000434852
0.00335698
-0.00202474
0.00019957
-0.00121489
0.00255569
-9.44899e-05
0.000984295
-0.00055189
-0.000234923
-0.00111953
-0.000914187
-0.0017115
-0.000575194
0.000984295
0.00265306
-0.000234923
0.00362385
-0.000914187
-0.000300823
-0.000575194
0.000582279
-0.00055189
-0.000234923
0.000348415
0.000534372
-0.0017115
-0.000575194
-0.000922674
-0.000239794
-0.000234923
0.00362385
0.000534372
0.00410479
-0.000575194
0.000582279
-0.000239794
0.00153715
-0.00111953
-0.000914187
-0.0017115
-0.000575194
-0.000724766
-0.0010169
-0.00108894
0.000212615
-0.000914187
-0.000300823
-0.000575194
0.000582279
-0.0010169
0.000734578
0.000212615
0.0015607
-0.0017115
-0.000575194
-0.000922674
-0.000239794
-0.00108894
0.000212615
-0.000316906
0.000476081
-0.000575194
0.000582279
-0.000239794
0.00153715
0.000212615
0.0015607
0.000476081
0.00287667
0.00711553
0.0025653
0.00739743
0.00426303
0.000624782
-0.000962087
0.00590791
0.00259049
0.0144696
0.00482825
0.00653654
0.000133003
0.00325661
3.56386e-05
0.00220741
-0.000783234
0.0160338
0.00519207
0.00679073
0.000974432
0.00812732
0.00269035
0.0028379
-6.87922e-05
0.00519207
0.00435475
0.000974432
0.00112285
0.00269035
0.00153015
-6.87922e-05
0.000160229
0.00679073
0.000974432
0.00830486
0.00122571
0.0028379
-6.87922e-05
0.0023496
-0.000171223
0.000974432
0.00112285
0.00122571
8.69825e-05
-6.87922e-05
0.000160229
-0.000171223
-0.00129224
0.00812732
0.00269035
0.0028379
-6.87922e-05
0.00320883
0.000531888
0.00275244
0.000351536
0.00269035
0.00153015
-6.87922e-05
0.000160229
0.000531888
8.70702e-05
0.000351536
0.00051973
0.0028379
-6.87922e-05
0.0023496
-0.000171223
0.00275244
0.000351536
0.00232406
-0.000671421
-6.87922e-05
0.000160229
-0.000171223
-0.00129224
0.000351536
0.00051973
-0.000671421
-0.00109767
0.00482825
0.00417495
0.000133003
0.00474943
3.56386e-05
-0.000202813
-0.000783234
-2.65035e-05
0.00435475
0.00311843
0.00112285
0.00237577
0.00153015
0.0011135
0.000160229
0.00166152
0.00311843
0.00341217
0.00237577
0.0115507
0.0011135
0.000800856
0.00166152
0.0043363
0.00112285
0.00237577
8.69825e-05
0.000543194
0.000160229
0.00166152
-0.00129224
0.00073497
0.00237577
0.0115507
0.000543194
0.00455265
0.00166152
0.0043363
0.00073497
0.000874471
0.00153015
0.0011135
0.000160229
0.00166152
8.70702e-05
-1.45096e-05
0.00051973
0.00141114
0.0011135
0.000800856
0.00166152
0.0043363
-1.45096e-05
0.00011679
0.00141114
0.00201498
0.000160229
0.00166152
-0.00129224
0.00073497
0.00051973
0.00141114
-0.00109767
0.000715733
0.00166152
0.0043363
0.00073497
0.000874471
0.00141114
0.00201498
0.000715733
-4.73187e-05
0.00653654
0.000133003
0.0160928
0.0033071
0.00220741
-0.000783234
0.00739662
0.00200546
0.00830486
0.00122571
0.00646747
0.000263757
0.0023496
-0.000171223
0.00137409
-0.00147246
0.00122571
8.69825e-05
0.000263757
-0.000950116
-0.000171223
-0.00129224
-0.00147246
-0.00144654
0.00646747
0.000263757
0.0208308
0.00506974
0.00137409
-0.00147246
0.00693271
0.000633461
0.000263757
-0.000950116
0.00506974
0.00442668
-0.00147246
-0.00144654
0.000633461
0.000732024
0.0023496
-0.000171223
0.00137409
-0.00147246
0.00232406
-0.000671421
0.00212839
-0.000584841
-0.000171223
-0.00129224
-0.00147246
-0.00144654
-0.000671421
-0.00109767
-0.000584841
-0.000296452
0.00137409
-0.00147246
0.00693271
0.000633461
0.00212839
-0.000584841
0.00871077
0.0020303
-0.00147246
-0.00144654
0.000633461
0.000732024
-0.000584841
-0.000296452
0.0020303
0.00257744
0.000133003
0.00474943
0.0033071
0.00813941
-0.000783234
-2.65035e-05
0.00200546
1.79305e-05
8.69825e-05
0.000543194
-0.000950116
0.000170622
-0.00129224
0.00073497
-0.00144654
0.000457638
0.000543194
0.00455265
0.000170622
0.00312693
0.00073497
0.000874471
0.000457638
-0.000180684
-0.000950116
0.000170622
0.00442668
0.00625252
-0.00144654
0.000457638
0.000732024
0.00318437
0.000170622
0.00312693
0.00625252
0.0100647
0.000457638
-0.000180684
0.00318437
0.00183496
-0.00129224
0.00073497
-0.00144654
0.000457638
-0.00109767
0.000715733
-0.000296452
0.000175128
0.00073497
0.000874471
0.000457638
-0.000180684
0.000715733
-4.73187e-05
0.000175128
-0.00161061
-0.00144654
0.000457638
0.000732024
0.00318437
-0.000296452
0.000175128
0.00257744
0.00203195
0.000457638
-0.000180684
0.00318437
0.00183496
0.000175128
-0.00161061
0.00203195
0.000392787
0.00325661
3.56386e-05
0.00220741
-0.000783234
0.000766586
-0.0017093
0.000873556
-0.000890115
0.00320883
0.000531888
0.00275244
0.000351536
0.000998248
-0.000490442
0.000781053
-0.000892555
0.000531888
8.70702e-05
0.000351536
0.00051973
-0.000490442
-0.00103531
-0.000892555
-0.000812317
0.00275244
0.000351536
0.00232406
-0.000671421
0.000781053
-0.000892555
0.00185317
-0.000236684
0.000351536
0.00051973
-0.000671421
-0.00109767
-0.000892555
-0.000812317
-0.000236684
-0.000219412
0.000998248
-0.000490442
0.000781053
-0.000892555
0.00165669
-0.000124235
0.000851964
-0.00117606
-0.000490442
-0.00103531
-0.000892555
-0.000812317
-0.000124235
-0.000914264
-0.00117606
-0.00127372
0.000781053
-0.000892555
0.00185317
-0.000236684
0.000851964
-0.00117606
0.00134951
-0.000980401
-0.000892555
-0.000812317
-0.000236684
-0.000219412
-0.00117606
-0.00127372
-0.000980401
-0.000393881
3.56386e-05
-0.000202813
-0.000783234
-2.65035e-05
-0.0017093
-0.00128531
-0.000890115
0.000711115
8.70702e-05
-1.45096e-05
0.00051973
0.00141114
-0.00103531
-0.00132779
-0.000812317
0.0004062
-1.45096e-05
0.00011679
0.00141114
0.00201498
-0.00132779
-0.00105614
0.0004062
0.000404422
0.00051973
0.00141114
-0.00109767
0.000715733
-0.000812317
0.0004062
-0.000219412
-0.00187257
0.00141114
0.00201498
0.000715733
-4.73187e-05
0.0004062
0.000404422
-0.00187257
-0.0011916
-0.00103531
-0.00132779
-0.000812317
0.0004062
-0.000914264
-0.00032333
-0.00127372
0.000850427
-0.00132779
-0.00105614
0.0004062
0.000404422
-0.00032333
-0.000441046
0.000850427
0.000542704
-0.000812317
0.0004062
-0.000219412
-0.00187257
-0.00127372
0.000850427
-0.000393881
0.000550911
0.0004062
0.000404422
-0.00187257
-0.0011916
0.000850427
0.000542704
0.000550911
0.00124323
0.00220741
-0.000783234
0.00739662
0.00200546
0.000873556
-0.000890115
0.0124094
0.00418138
0.00232406
-0.000671421
0.00212839
-0.000584841
0.00185317
-0.000236684
0.00306617
0.000212642
-0.000671421
-0.00109767
-0.000584841
-0.000296452
-0.000236684
-0.000219412
0.000212642
0.000398189
0.00212839
-0.000584841
0.00871077
0.0020303
0.00306617
0.000212642
0.00933263
0.00265039
-0.000584841
-0.000296452
0.0020303
0.00257744
0.000212642
0.000398189
0.00265039
0.00231539
0.00185317
-0.000236684
0.00306617
0.000212642
0.00134951
-0.000980401
0.00307893
0.00049725
-0.000236684
-0.000219412
0.000212642
0.000398189
-0.000980401
-0.000393881
0.00049725
0.00134105
0.00306617
0.000212642
0.00933263
0.00265039
0.00307893
0.00049725
0.0134938
0.00521225
0.000212642
0.000398189
0.00265039
0.00231539
0.00049725
0.00134105
0.00521225
0.00454123
-0.000783234
-2.65035e-05
0.00200546
1.79305e-05
-0.000890115
0.000711115
0.00418138
0.00278432
-0.00109767
0.000715733
-0.000296452
0.000175128
-0.000219412
-0.00187257
0.000398189
-0.00139252
0.000715733
-4.73187e-05
0.000175128
-0.00161061
-0.00187257
-0.0011916
-0.00139252
-0.00109836
-0.000296452
0.000175128
0.00257744
0.00203195
0.000398189
-0.00139252
0.00231539
8.50287e-05
0.000175128
-0.00161061
0.00203195
0.000392787
-0.00139252
-0.00109836
8.50287e-05
-0.000371781
-0.000219412
-0.00187257
0.000398189
-0.00139252
-0.000393881
0.000550911
0.00134105
-3.5037e-06
-0.00187257
-0.0011916
-0.00139252
-0.00109836
0.000550911
0.00124323
-3.5037e-06
0.00135759
0.000398189
-0.00139252
0.00231539
8.50287e-05
0.00134105
-3.5037e-06
0.00454123
0.00233167
-0.00139252
-0.00109836
8.50287e-05
-0.000371781
-3.5037e-06
0.00135759
0.00233167
0.0036963
0.0025653
0.0124353
0.00426303
0.0351701
-0.000962087
0.00150545
0.00259049
0.0161602
0.00417495
0.00547425
0.00474943
0.00698447
-0.000202813
-0.000434852
-2.65035e-05
0.00135476
0.00547425
0.0213757
0.00698447
0.0275067
-0.000434852
0.00335698
0.00135476
0.00664319
0.00474943
0.00698447
0.00813941
0.0108823
-2.65035e-05
0.00135476
1.79305e-05
0.00244969
0.00455265
0.00348487
0.00312693
0.00132992
0.000874471
-0.000367007
-0.000180684
-0.000855397
0.00348487
0.00836294
0.00132992
0.00381045
-0.000367007
0.0020674
-0.000855397
0.000225518
0.00312693
0.00132992
0.0100647
0.00649417
-0.000180684
-0.000855397
0.00183496
0.000514049
0.00132992
0.00381045
0.00649417
0.0145229
-0.000855397
0.000225518
0.000514049
0.0034049
0.000874471
-0.000367007
-0.000180684
-0.000855397
-4.73187e-05
-0.000498161
-0.00161061
-0.00111014
-0.000367007
0.0020674
-0.000855397
0.000225518
-0.000498161
0.00189225
-0.00111014
0.000682875
-0.000180684
-0.000855397
0.00183496
0.000514049
-0.00161061
-0.00111014
0.000392787
-2.01459e-05
-0.000855397
0.000225518
0.000514049
0.0034049
-0.00111014
0.000682875
-2.01459e-05
0.00357489
0.00698447
0.0275067
0.0108823
0.0576579
0.00135476
0.00664319
0.00244969
0.0237024
-0.000202813
-0.000434852
-2.65035e-05
0.00135476
-0.00128531
-0.00121489
0.000711115
0.00107906
0.00011679
-0.000234215
0.00201498
0.000885232
-0.00105614
-0.00179893
0.000404422
-0.000677848
-0.000234215
0.000348415
0.000885232
0.000724249
-0.00179893
-0.000922674
-0.000677848
-0.000434793
0.00201498
0.000885232
-4.73187e-05
-0.000498161
0.000404422
-0.000677848
-0.0011916
2.4126e-05
0.000885232
0.000724249
-0.000498161
0.00189225
-0.000677848
-0.000434793
2.4126e-05
0.000551726
-0.00105614
-0.00179893
0.000404422
-0.000677848
-0.000441046
-0.00146959
0.000542704
-0.000465945
-0.00179893
-0.000922674
-0.000677848
-0.000434793
-0.00146959
-0.000316906
-0.000465945
-7.56288e-05
0.000404422
-0.000677848
-0.0011916
2.4126e-05
0.000542704
-0.000465945
0.00124323
0.000917874
-0.000677848
-0.000434793
2.4126e-05
0.000551726
-0.000465945
-7.56288e-05
0.000917874
0.000965823
-0.000434852
0.00335698
0.00135476
0.00664319
-0.00121489
0.00255569
0.00107906
0.00501003
0.000348415
0.000534372
0.000724249
0.00048885
-0.000922674
-0.000239794
-0.000434793
-0.000202385
0.000534372
0.00410479
0.00048885
0.00293016
-0.000239794
0.00153715
-0.000202385
0.00118267
0.000724249
0.00048885
0.00189225
0.00317849
-0.000434793
-0.000202385
0.000551726
0.000833046
0.00048885
0.00293016
0.00317849
0.00742714
-0.000202385
0.00118267
0.000833046
0.00344698
-0.000922674
-0.000239794
-0.000434793
-0.000202385
-0.000316906
0.000476081
-7.56288e-05
0.000367827
-0.000239794
0.00153715
-0.000202385
0.00118267
0.000476081
0.00287667
0.000367827
0.00242136
-0.000434793
-0.000202385
0.000551726
0.000833046
-7.56288e-05
0.000367827
0.000965823
0.00157075
-0.000202385
0.00118267
0.000833046
0.00344698
0.000367827
0.00242136
0.00157075
0.00586512
-2.65035e-05
0.00135476
1.79305e-05
0.00244969
0.000711115
0.00107906
0.00278432
0.00641656
-4.73187e-05
-0.000498161
-0.00161061
-0.00111014
-0.0011916
2.4126e-05
-0.00109836
-0.00038652
-0.000498161
0.00189225
-0.00111014
0.000682875
2.4126e-05
0.000551726
-0.00038652
0.00129762
-0.00161061
-0.00111014
0.000392787
-2.01459e-05
-0.00109836
-0.00038652
-0.000371781
-0.000514578
-0.00111014
0.000682875
-2.01459e-05
0.00357489
-0.00038652
0.00129762
-0.000514578
0.00209405
-0.0011916
2.4126e-05
-0.00109836
-0.00038652
0.00124323
0.000917874
0.00135759
0.00218183
2.4126e-05
0.000551726
-0.00038652
0.00129762
0.000917874
0.000965823
0.00218183
0.00600243
-0.00109836
-0.00038652
-0.000371781
-0.000514578
0.00135759
0.00218183
0.0036963
0.00202942
-0.00038652
0.00129762
-0.000514578
0.00209405
0.00218183
0.00600243
0.00202942
0.00692358
0.00135476
0.00664319
0.00244969
0.0237024
0.00107906
0.00501003
0.00641656
0.0264875
0.00377278
-0.000144415
0.000624782
-0.000962087
0.0299821
0.0103963
0.012022
0.00576324
0.00724757
0.000547479
0.00226072
-0.00117841
0.0096963
0.000926675
0.00423899
0.000463695
0.00825463
0.00159342
0.00410136
0.000641999
0.00631419
0.000442115
0.00299163
-0.000178551
0.00159342
0.00142468
0.000641999
-0.000113892
0.000442115
-2.88675e-05
-0.000178551
-0.00155913
0.00410136
0.000641999
0.00234107
0.00023931
0.00299163
-0.000178551
0.0014056
-0.000127079
0.000641999
-0.000113892
0.00023931
-6.41169e-05
-0.000178551
-0.00155913
-0.000127079
-0.000189974
0.00631419
0.000442115
0.00299163
-0.000178551
0.0115343
0.00210428
0.00551628
0.00032467
0.000442115
-2.88675e-05
-0.000178551
-0.00155913
0.00210428
0.00189125
0.00032467
-0.000718367
0.00299163
-0.000178551
0.0014056
-0.000127079
0.00551628
0.00032467
0.00439786
0.000977078
-0.000178551
-0.00155913
-0.000127079
-0.000189974
0.00032467
-0.000718367
0.000977078
0.00104073
0.000547479
0.00150013
-0.00117841
-0.00220472
0.000926675
0.000856872
0.000463695
-0.000628631
0.00142468
0.00154331
-0.000113892
-0.00082703
-2.88675e-05
0.0002672
-0.00155913
-0.0011713
0.00154331
0.00247334
-0.00082703
-3.07554e-05
0.0002672
0.000571839
-0.0011713
-0.0011719
-0.000113892
-0.00082703
-6.41169e-05
-0.000604046
-0.00155913
-0.0011713
-0.000189974
-0.000282702
-0.00082703
-3.07554e-05
-0.000604046
-0.00070343
-0.0011713
-0.0011719
-0.000282702
-0.000418565
-2.88675e-05
0.0002672
-0.00155913
-0.0011713
0.00189125
0.00194547
-0.000718367
-0.000506871
0.0002672
0.000571839
-0.0011713
-0.0011719
0.00194547
0.00180474
-0.000506871
-0.000407882
-0.00155913
-0.0011713
-0.000189974
-0.000282702
-0.000718367
-0.000506871
0.00104073
0.00197419
-0.0011713
-0.0011719
-0.000282702
-0.000418565
-0.000506871
-0.000407882
0.00197419
0.000437106
0.00226072
-0.00117841
0.000766586
-0.0017093
0.00423899
0.000463695
0.00126767
-0.000191038
0.00234107
0.00023931
0.00140815
-0.000712964
0.0014056
-0.000127079
0.00129606
-0.000587275
0.00023931
-6.41169e-05
-0.000712964
-0.00183359
-0.000127079
-0.000189974
-0.000587275
-0.00106511
0.00140815
-0.000712964
0.00165669
-0.000124235
0.00129606
-0.000587275
0.00020193
-0.00117754
-0.000712964
-0.00183359
-0.000124235
-0.000914264
-0.000587275
-0.00106511
-0.00117754
-8.40034e-06
0.0014056
-0.000127079
0.00129606
-0.000587275
0.00439786
0.000977078
0.00451141
0.000796544
-0.000127079
-0.000189974
-0.000587275
-0.00106511
0.000977078
0.00104073
0.000796544
0.000359895
0.00129606
-0.000587275
0.00020193
-0.00117754
0.00451141
0.000796544
0.00250789
-0.000470123
-0.000587275
-0.00106511
-0.00117754
-8.40034e-06
0.000796544
0.000359895
-0.000470123
5.60004e-05
-0.00117841
-0.00220472
-0.0017093
-0.00128531
0.000463695
-0.000628631
-0.000191038
0.000274899
-6.41169e-05
-0.000604046
-0.00183359
-0.00164687
-0.000189974
-0.000282702
-0.00106511
-0.000444154
-0.000604046
-0.00070343
-0.00164687
-0.0017129
-0.000282702
-0.000418565
-0.000444154
-0.00132587
-0.00183359
-0.00164687
-0.000914264
-0.00032333
-0.00106511
-0.000444154
-8.40034e-06
0.000240463
-0.00164687
-0.0017129
-0.00032333
-0.000441046
-0.000444154
-0.00132587
0.000240463
-0.000186502
-0.000189974
-0.000282702
-0.00106511
-0.000444154
0.00104073
0.00197419
0.000359895
0.000889939
-0.000282702
-0.000418565
-0.000444154
-0.00132587
0.00197419
0.000437106
0.000889939
-0.00125101
-0.00106511
-0.000444154
-8.40034e-06
0.000240463
0.000359895
0.000889939
5.60004e-05
0.00228781
-0.000444154
-0.00132587
0.000240463
-0.000186502
0.000889939
-0.00125101
0.00228781
0.000731679
0.0096963
0.000926675
0.00423899
0.000463695
0.0503424
0.0189695
0.0252312
0.00976581
0.000926675
0.000856872
0.000463695
-0.000628631
0.0189695
0.0176928
0.00976581
0.00675895
0.00423899
0.000463695
0.00126767
-0.000191038
0.0252312
0.00976581
0.0187001
0.00723011
0.000463695
-0.000628631
-0.000191038
0.000274899
0.00976581
0.00675895
0.00723011
0.00709949
-0.000144415
0.00272315
-0.000962087
0.00150545
0.0103963
0.0312433
0.00576324
0.0152842
0.00150013
0.00082227
-0.00220472
-0.00202474
0.000856872
0.00203373
-0.000628631
-0.000322477
0.00247334
0.00144436
-3.07554e-05
-0.000719983
0.000571839
-4.22431e-05
-0.0011719
-0.00148065
0.00144436
0.00166588
-0.000719983
-0.000694614
-4.22431e-05
0.000523805
-0.00148065
-0.000640636
-3.07554e-05
-0.000719983
-0.00070343
-0.0017768
-0.0011719
-0.00148065
-0.000418565
-0.00147159
-0.000719983
-0.000694614
-0.0017768
-0.000724766
-0.00148065
-0.000640636
-0.00147159
-0.000482507
0.000571839
-4.22431e-05
-0.0011719
-0.00148065
0.00180474
0.00189804
-0.000407882
-0.000510813
-4.22431e-05
0.000523805
-0.00148065
-0.000640636
0.00189804
0.00230902
-0.000510813
0.000546824
-0.0011719
-0.00148065
-0.000418565
-0.00147159
-0.000407882
-0.000510813
0.000437106
-0.00110168
-0.00148065
-0.000640636
-0.00147159
-0.000482507
-0.000510813
0.000546824
-0.00110168
0.000486651
0.00082227
0.00576673
-0.00202474
0.00019957
0.00203373
0.00999927
-0.000322477
0.00295847
0.00166588
0.00211682
-0.000694614
-0.000551098
0.000523805
0.00152017
-0.000640636
-0.00050888
0.00211682
0.00759192
-0.000551098
0.0010619
0.00152017
0.00523695
-0.00050888
0.000355071
-0.000694614
-0.000551098
-0.000724766
-0.0010169
-0.000640636
-0.00050888
-0.000482507
-0.000212628
-0.000551098
0.0010619
-0.0010169
0.000734578
-0.00050888
0.000355071
-0.000212628
0.000208749
0.000523805
0.00152017
-0.000640636
-0.00050888
0.00230902
0.00509124
0.000546824
0.00118162
0.00152017
0.00523695
-0.00050888
0.000355071
0.00509124
0.0126008
0.00118162
0.00306759
-0.000640636
-0.00050888
-0.000482507
-0.000212628
0.000546824
0.00118162
0.000486651
0.00126057
-0.00050888
0.000355071
-0.000212628
0.000208749
0.00118162
0.00306759
0.00126057
0.00328923
-0.00220472
-0.00202474
-0.00128531
-0.00121489
-0.000628631
-0.000322477
0.000274899
8.71594e-05
-0.00070343
-0.0017768
-0.0017129
-0.00239166
-0.000418565
-0.00147159
-0.00132587
-0.0018958
-0.0017768
-0.000724766
-0.00239166
-0.00108894
-0.00147159
-0.000482507
-0.0018958
-0.000934394
-0.0017129
-0.00239166
-0.000441046
-0.00146959
-0.00132587
-0.0018958
-0.000186502
-0.00058312
-0.00239166
-0.00108894
-0.00146959
-0.000316906
-0.0018958
-0.000934394
-0.00058312
-0.000364321
-0.000418565
-0.00147159
-0.00132587
-0.0018958
0.000437106
-0.00110168
-0.00125101
-0.00189001
-0.00147159
-0.000482507
-0.0018958
-0.000934394
-0.00110168
0.000486651
-0.00189001
-0.000330229
-0.00132587
-0.0018958
-0.000186502
-0.00058312
-0.00125101
-0.00189001
0.000731679
7.05372e-05
-0.0018958
-0.000934394
-0.00058312
-0.000364321
-0.00189001
-0.000330229
7.05372e-05
0.000729821
-0.00202474
0.00019957
-0.00121489
0.00255569
-0.000322477
0.00295847
8.71594e-05
0.0040986
-0.000724766
-0.0010169
-0.00108894
0.000212615
-0.000482507
-0.000212628
-0.000934394
-0.000219627
-0.0010169
0.000734578
0.000212615
0.0015607
-0.000212628
0.000208749
-0.000219627
0.0010949
-0.00108894
0.000212615
-0.000316906
0.000476081
-0.000934394
-0.000219627
-0.000364321
6.45069e-05
0.000212615
0.0015607
0.000476081
0.00287667
-0.000219627
0.0010949
6.45069e-05
0.0018796
-0.000482507
-0.000212628
-0.000934394
-0.000219627
0.000486651
0.00126057
-0.000330229
0.000248655
-0.000212628
0.000208749
-0.000219627
0.0010949
0.00126057
0.00328923
0.000248655
0.00433543
-0.000934394
-0.000219627
-0.000364321
6.45069e-05
-0.000330229
0.000248655
0.000729821
0.000991934
-0.000219627
0.0010949
6.45069e-05
0.0018796
0.000248655
0.00433543
0.000991934
0.00462425
0.000856872
0.00203373
-0.000628631
-0.000322477
0.0176928
0.0204872
0.00675895
0.00686052
0.00203373
0.00999927
-0.000322477
0.00295847
0.0204872
0.0557369
0.00686052
0.0225559
-0.000628631
-0.000322477
0.000274899
8.71594e-05
0.00675895
0.00686052
0.00709949
0.00737028
-0.000322477
0.00295847
8.71594e-05
0.0040986
0.00686052
0.0225559
0.00737028
0.0228702
0.000624782
-0.000962087
0.00590791
0.00259049
0.012022
0.00576324
0.0380348
0.0231614
0.000766586
-0.0017093
0.000873556
-0.000890115
0.00126767
-0.000191038
0.00194341
-0.00017778
0.00165669
-0.000124235
0.000851964
-0.00117606
0.00020193
-0.00117754
-0.0004323
-0.0020405
-0.000124235
-0.000914264
-0.00117606
-0.00127372
-0.00117754
-8.40034e-06
-0.0020405
-0.000866051
0.000851964
-0.00117606
0.00134951
-0.000980401
-0.0004323
-0.0020405
0.000965125
-0.00198698
-0.00117606
-0.00127372
-0.000980401
-0.000393881
-0.0020405
-0.000866051
-0.00198698
-0.00134197
0.00020193
-0.00117754
-0.0004323
-0.0020405
0.00250789
-0.000470123
0.000303046
-0.00237544
-0.00117754
-8.40034e-06
-0.0020405
-0.000866051
-0.000470123
5.60004e-05
-0.00237544
-0.000807715
-0.0004323
-0.0020405
0.000965125
-0.00198698
0.000303046
-0.00237544
0.00423862
-0.00129341
-0.0020405
-0.000866051
-0.00198698
-0.00134197
-0.00237544
-0.000807715
-0.00129341
0.000774879
-0.0017093
-0.00128531
-0.000890115
0.000711115
-0.000191038
0.000274899
-0.00017778
0.00205916
-0.000914264
-0.00032333
-0.00127372
0.000850427
-8.40034e-06
0.000240463
-0.000866051
0.000399146
-0.00032333
-0.000441046
0.000850427
0.000542704
0.000240463
-0.000186502
0.000399146
-5.90441e-05
-0.00127372
0.000850427
-0.000393881
0.000550911
-0.000866051
0.000399146
-0.00134197
-0.000137639
0.000850427
0.000542704
0.000550911
0.00124323
0.000399146
-5.90441e-05
-0.000137639
0.0014726
-8.40034e-06
0.000240463
-0.000866051
0.000399146
5.60004e-05
0.00228781
-0.000807715
0.0016128
0.000240463
-0.000186502
0.000399146
-5.90441e-05
0.00228781
0.000731679
0.0016128
0.000639813
-0.000866051
0.000399146
-0.00134197
-0.000137639
-0.000807715
0.0016128
0.000774879
0.00148246
0.000399146
-5.90441e-05
-0.000137639
0.0014726
0.0016128
0.000639813
0.00148246
0.00228358
0.000873556
-0.000890115
0.0124094
0.00418138
0.00194341
-0.00017778
0.0182246
0.00630785
-0.000890115
0.000711115
0.00418138
0.00278432
-0.00017778
0.00205916
0.00630785
0.0091041
0.00126767
-0.000191038
0.00194341
-0.00017778
0.0187001
0.00723011
0.0165833
0.00620933
-0.000191038
0.000274899
-0.00017778
0.00205916
0.00723011
0.00709949
0.00620933
0.0100139
0.00194341
-0.00017778
0.0182246
0.00630785
0.0165833
0.00620933
0.049676
0.0195373
-0.00017778
0.00205916
0.00630785
0.0091041
0.00620933
0.0100139
0.0195373
0.0232681
-0.000962087
0.00150545
0.00259049
0.0161602
0.00576324
0.0152842
0.0231614
0.0525047
-0.00128531
-0.00121489
0.000711115
0.00107906
0.000274899
8.71594e-05
0.00205916
0.00162568
-0.000441046
-0.00146959
0.000542704
-0.000465945
-0.000186502
-0.00058312
-5.90441e-05
-0.000739451
-0.00146959
-0.000316906
-0.000465945
-7.56288e-05
-0.00058312
-0.000364321
-0.000739451
-0.000459868
0.000542704
-0.000465945
0.00124323
0.000917874
-5.90441e-05
-0.000739451
0.0014726
-3.17969e-06
-0.000465945
-7.56288e-05
0.000917874
0.000965823
-0.000739451
-0.000459868
-3.17969e-06
0.000215976
-0.000186502
-0.00058312
-5.90441e-05
-0.000739451
0.000731679
7.05372e-05
0.000639813
-9.54272e-05
-0.00058312
-0.000364321
-0.000739451
-0.000459868
7.05372e-05
0.000729821
-9.54272e-05
0.00061494
-5.90441e-05
-0.000739451
0.0014726
-3.17969e-06
0.000639813
-9.54272e-05
0.00228358
0.000911359
-0.000739451
-0.000459868
-3.17969e-06
0.000215976
-9.54272e-05
0.00061494
0.000911359
0.00207004
-0.00121489
0.00255569
0.00107906
0.00501003
8.71594e-05
0.0040986
0.00162568
0.00630741
-0.000316906
0.000476081
-7.56288e-05
0.000367827
-0.000364321
6.45069e-05
-0.000459868
-0.00017446
0.000476081
0.00287667
0.000367827
0.00242136
6.45069e-05
0.0018796
-0.00017446
0.00122696
-7.56288e-05
0.000367827
0.000965823
0.00157075
-0.000459868
-0.00017446
0.000215976
0.000412449
0.000367827
0.00242136
0.00157075
0.00586512
-0.00017446
0.00122696
0.000412449
0.0032219
-0.000364321
6.45069e-05
-0.000459868
-0.00017446
0.000729821
0.000991934
0.00061494
0.000470874
6.45069e-05
0.0018796
-0.00017446
0.00122696
0.000991934
0.00462425
0.000470874
0.00345963
-0.000459868
-0.00017446
0.000215976
0.000412449
0.00061494
0.000470874
0.00207004
0.00175415
-0.00017446
0.00122696
0.000412449
0.0032219
0.000470874
0.00345963
0.00175415
0.00722913
0.000711115
0.00107906
0.00278432
0.00641656
0.00205916
0.00162568
0.0091041
0.0104537
0.00107906
0.00501003
0.00641656
0.0264875
0.00162568
0.00630741
0.0104537
0.0256353
0.000274899
8.71594e-05
0.00205916
0.00162568
0.00709949
0.00737028
0.0100139
0.00973775
8.71594e-05
0.0040986
0.00162568
0.00630741
0.00737028
0.0228702
0.00973775
0.0249315
0.00205916
0.00162568
0.0091041
0.0104537
0.0100139
0.00973775
0.0232681
0.0267592
0.00162568
0.00630741
0.0104537
0.0256353
0.00973775
0.0249315
0.0267592
0.0634577
