0.0816894
0.0805059
0.0481075
0.100578
0.0861761
0.0931715
0.0967731
0.128932
0.0816894
0.048908
0.0634336
0.042429
0.0438122
0.0206743
0.0180355
-0.0146325
0.0816894
0.0529675
0.0716494
0.0536528
0.0497009
0.0237306
0.0399539
0.0141272
0.0529675
0.048908
0.0536528
0.0360393
0.0237306
0.0162383
0.0141272
-0.00877936
0.0529675
0.0466355
0.0508272
0.043513
0.0355067
0.0262015
0.0317384
0.0209225
0.0466355
0.048908
0.043513
0.0424626
0.0262015
0.0288619
0.0209225
0.0214856
0.0508272
0.043513
0.0536528
0.0407306
0.0317384
0.0209225
0.0344149
0.0216495
0.043513
0.0424626
0.0407306
0.0360393
0.0209225
0.0214856
0.0216495
0.0129018
0.0355067
0.0262015
0.0317384
0.0209225
0.0237306
0.0160528
0.0185404
0.000700156
0.0262015
0.0288619
0.0209225
0.0214856
0.0160528
0.0162383
0.000700156
-0.00044236
0.0317384
0.0209225
0.0344149
0.0216495
0.0185404
0.000700156
0.0141272
0.00975072
0.0209225
0.0214856
0.0216495
0.0129018
0.000700156
-0.00044236
0.00975072
-0.00877936
0.0716494
0.0536528
0.0634336
0.049354
0.0399539
0.0141272
0.0360545
0.0112632
0.0536528
0.0360393
0.049354
0.042429
0.0141272
-0.00877936
0.0112632
0.00653055
0.0536528
0.0407306
0.0523502
0.0398166
0.0344149
0.0216495
0.0298536
0.0195719
0.0407306
0.0360393
0.0398166
0.0350267
0.0216495
0.0129018
0.0195719
0.0118266
0.0523502
0.0398166
0.049354
0.0467148
0.0298536
0.0195719
0.0326526
0.0301202
0.0398166
0.0350267
0.0467148
0.042429
0.0195719
0.0118266
0.0301202
0.0237579
0.0344149
0.0216495
0.0298536
0.0195719
0.0141272
0.00975072
0.00802002
0.00446586
0.0216495
0.0129018
0.0195719
0.0118266
0.00975072
-0.00877936
0.00446586
-0.00879667
0.0298536
0.0195719
0.0326526
0.0301202
0.00802002
0.00446586
0.0112632
0.00806726
0.0195719
0.0118266
0.0301202
0.0237579
0.00446586
-0.00879667
0.00806726
0.00653055
0.0497009
0.0237306
0.0399539
0.0141272
0.0438122
0.0166827
0.0289823
-0.00366298
0.0497009
0.0330509
0.0471557
0.0287616
0.0420222
0.0232373
0.0383463
0.0160605
0.0330509
0.0237306
0.0287616
0.0185404
0.0232373
0.0158148
0.0160605
-0.00175477
0.0471557
0.0287616
0.0399539
0.0239066
0.0383463
0.0160605
0.0306908
0.0122945
0.0287616
0.0185404
0.0239066
0.0141272
0.0160605
-0.00175477
0.0122945
-0.00100814
0.0420222
0.0232373
0.0383463
0.0160605
0.0438122
0.0255172
0.039866
0.0188247
0.0232373
0.0158148
0.0160605
-0.00175477
0.0255172
0.0166827
0.0188247
0.00300585
0.0383463
0.0160605
0.0306908
0.0122945
0.039866
0.0188247
0.0289823
0.0101485
0.0160605
-0.00175477
0.0122945
-0.00100814
0.0188247
0.00300585
0.0101485
-0.00366298
0.0237306
0.0162383
0.0141272
-0.00877936
0.0166827
0.0206743
-0.00366298
-0.0212858
0.0237306
0.0160528
0.0185404
0.000700156
0.0158148
0.0163591
-0.00175477
-0.00425271
0.0160528
0.0162383
0.000700156
-0.00044236
0.0163591
0.0209847
-0.00425271
-0.00232791
0.0185404
0.000700156
0.0141272
0.00975072
-0.00175477
-0.00425271
-0.00100814
-0.00898866
0.000700156
-0.00044236
0.00975072
-0.00877936
-0.00425271
-0.00232791
-0.00898866
-0.0186378
0.0158148
0.0163591
-0.00175477
-0.00425271
0.0166827
0.0170557
0.00300585
-0.00587712
0.0163591
0.0209847
-0.00425271
-0.00232791
0.0170557
0.0206743
-0.00587712
-0.0026848
-0.00175477
-0.00425271
-0.00100814
-0.00898866
0.00300585
-0.00587712
-0.00366298
-0.0142366
-0.00425271
-0.00232791
-0.00898866
-0.0186378
-0.00587712
-0.0026848
-0.0142366
-0.0212858
0.0399539
0.0141272
0.0360545
0.0112632
0.0289823
-0.00366298
0.0180355
-0.0172281
0.0399539
0.0239066
0.0344253
0.0174329
0.0306908
0.0122945
0.0238422
0.0024021
0.0239066
0.0141272
0.0174329
0.00802002
0.0122945
-0.00100814
0.0024021
-0.0139871
0.0344253
0.0174329
0.0360545
0.0217322
0.0238422
0.0024021
0.0229114
0.00572058
0.0174329
0.00802002
0.0217322
0.0112632
0.0024021
-0.0139871
0.00572058
-0.00791262
0.0306908
0.0122945
0.0238422
0.0024021
0.0289823
0.0101485
0.021146
-0.00121302
0.0122945
-0.00100814
0.0024021
-0.0139871
0.0101485
-0.00366298
-0.00121302
-0.0212007
0.0238422
0.0024021
0.0229114
0.00572058
0.021146
-0.00121302
0.0180355
-0.000246491
0.0024021
-0.0139871
0.00572058
-0.00791262
-0.00121302
-0.0212007
-0.000246491
-0.0172281
0.0141272
-0.00877936
0.0112632
0.00653055
-0.00366298
-0.0212858
-0.0172281
-0.0146325
0.0141272
0.00975072
0.00802002
0.00446586
-0.00100814
-0.00898866
-0.0139871
-0.0175259
0.00975072
-0.00877936
0.00446586
-0.00879667
-0.00898866
-0.0186378
-0.0175259
-0.0231876
0.00802002
0.00446586
0.0112632
0.00806726
-0.0139871
-0.0175259
-0.00791262
-0.0117852
0.00446586
-0.00879667
0.00806726
0.00653055
-0.0175259
-0.0231876
-0.0117852
-0.0111447
-0.00100814
-0.00898866
-0.0139871
-0.0175259
-0.00366298
-0.0142366
-0.0212007
-0.0231316
-0.00898866
-0.0186378
-0.0175259
-0.0231876
-0.0142366
-0.0212858
-0.0231316
-0.0270844
-0.0139871
-0.0175259
-0.00791262
-0.0117852
-0.0212007
-0.0231316
-0.0172281
-0.0130957
-0.0175259
-0.0231876
-0.0117852
-0.0111447
-0.0231316
-0.0270844
-0.0130957
-0.0146325
0.048908
0.0805059
0.042429
0.0738553
0.0206743
0.0376174
-0.0146325
0.0356581
0.048908
0.0579818
0.0360393
0.0459898
0.0162383
0.024763
-0.00877936
0.00593914
0.048908
0.0532809
0.0424626
0.0447461
0.0288619
0.032631
0.0214856
0.0226506
0.0532809
0.0579818
0.0447461
0.0494479
0.032631
0.0386145
0.0226506
0.0287263
0.0424626
0.0447461
0.0360393
0.0399602
0.0214856
0.0226506
0.0129018
0.0170649
0.0447461
0.0494479
0.0399602
0.0459898
0.0226506
0.0287263
0.0170649
0.0246254
0.0288619
0.032631
0.0214856
0.0226506
0.0162383
0.0178046
-0.00044236
0.00344989
0.032631
0.0386145
0.0226506
0.0287263
0.0178046
0.024763
0.00344989
0.0117428
0.0214856
0.0226506
0.0129018
0.0170649
-0.00044236
0.00344989
-0.00877936
-0.00455622
0.0226506
0.0287263
0.0170649
0.0246254
0.00344989
0.0117428
-0.00455622
0.00593914
0.0579818
0.0805059
0.0459898
0.0707988
0.024763
0.0486672
0.00593914
0.0338697
0.0360393
0.0459898
0.042429
0.0516355
-0.00877936
0.00593914
0.00653055
0.0131891
0.0360393
0.0399602
0.0350267
0.0380549
0.0129018
0.0170649
0.0118266
0.0163735
0.0399602
0.0459898
0.0380549
0.0464101
0.0170649
0.0246254
0.0163735
0.0255538
0.0350267
0.0380549
0.042429
0.0445927
0.0118266
0.0163735
0.0237579
0.0253373
0.0380549
0.0464101
0.0445927
0.0516355
0.0163735
0.0255538
0.0253373
0.0321049
0.0129018
0.0170649
0.0118266
0.0163735
-0.00877936
-0.00455622
-0.00879667
-0.00534859
0.0170649
0.0246254
0.0163735
0.0255538
-0.00455622
0.00593914
-0.00534859
0.00566524
0.0118266
0.0163735
0.0237579
0.0253373
-0.00879667
-0.00534859
0.00653055
0.00717476
0.0163735
0.0255538
0.0253373
0.0321049
-0.00534859
0.00566524
0.00717476
0.0131891
0.0459898
0.0707988
0.0516355
0.0738553
0.00593914
0.0338697
0.0131891
0.0441538
0.0162383
0.024763
-0.00877936
0.00593914
0.0206743
0.0177928
-0.0212858
-0.0147992
0.0162383
0.0178046
-0.00044236
0.00344989
0.0209847
0.0170113
-0.00232791
-0.00327589
0.0178046
0.024763
0.00344989
0.0117428
0.0170113
0.0193113
-0.00327589
6.79735e-05
-0.00044236
0.00344989
-0.00877936
-0.00455622
-0.00232791
-0.00327589
-0.0186378
-0.0255425
0.00344989
0.0117428
-0.00455622
0.00593914
-0.00327589
6.79735e-05
-0.0255425
-0.0102038
0.0209847
0.0170113
-0.00232791
-0.00327589
0.0206743
0.0167325
-0.0026848
-0.00644719
0.0170113
0.0193113
-0.00327589
6.79735e-05
0.0167325
0.0177928
-0.00644719
-0.00449281
-0.00232791
-0.00327589
-0.0186378
-0.0255425
-0.0026848
-0.00644719
-0.0212858
-0.0265442
-0.00327589
6.79735e-05
-0.0255425
-0.0102038
-0.00644719
-0.00449281
-0.0265442
-0.0147992
0.024763
0.0486672
0.00593914
0.0338697
0.0177928
0.0376174
-0.0147992
0.0161509
0.024763
0.0379082
0.0117428
0.025089
0.0193113
0.0265074
6.79735e-05
0.00828717
0.0379082
0.0486672
0.025089
0.0369696
0.0265074
0.0392924
0.00828717
0.0245686
0.0117428
0.025089
0.00593914
0.021472
6.79735e-05
0.00828717
-0.0102038
0.0025068
0.025089
0.0369696
0.021472
0.0338697
0.00828717
0.0245686
0.0025068
0.0196848
0.0193113
0.0265074
6.79735e-05
0.00828717
0.0177928
0.0252487
-0.00449281
0.00503482
0.0265074
0.0392924
0.00828717
0.0245686
0.0252487
0.0376174
0.00503482
0.0220707
6.79735e-05
0.00828717
-0.0102038
0.0025068
-0.00449281
0.00503482
-0.0147992
-0.00602943
0.00828717
0.0245686
0.0025068
0.0196848
0.00503482
0.0220707
-0.00602943
0.0161509
-0.00877936
0.00593914
0.00653055
0.0131891
-0.0212858
-0.0147992
-0.0146325
-0.00570084
-0.00877936
-0.00455622
-0.00879667
-0.00534859
-0.0186378
-0.0255425
-0.0231876
-0.0217482
-0.00455622
0.00593914
-0.00534859
0.00566524
-0.0255425
-0.0102038
-0.0217482
-0.0122454
-0.00879667
-0.00534859
0.00653055
0.00717476
-0.0231876
-0.0217482
-0.0111447
-0.0136688
-0.00534859
0.00566524
0.00717476
0.0131891
-0.0217482
-0.0122454
-0.0136688
-0.00324065
-0.0186378
-0.0255425
-0.0231876
-0.0217482
-0.0212858
-0.0265442
-0.0270844
-0.0288655
-0.0255425
-0.0102038
-0.0217482
-0.0122454
-0.0265442
-0.0147992
-0.0288655
-0.0147948
-0.0231876
-0.0217482
-0.0111447
-0.0136688
-0.0270844
-0.0288655
-0.0146325
-0.0188916
-0.0217482
-0.0122454
-0.0136688
-0.00324065
-0.0288655
-0.0147948
-0.0188916
-0.00570084
0.00593914
0.0338697
0.0131891
0.0441538
-0.0147992
0.0161509
-0.00570084
0.0356581
0.00593914
0.021472
0.00566524
0.0196755
-0.0102038
0.0025068
-0.0122454
0.00885573
0.021472
0.0338697
0.0196755
0.0395016
0.0025068
0.0196848
0.00885573
0.0277971
0.00566524
0.0196755
0.0131891
0.0258331
-0.0122454
0.00885573
-0.00324065
0.0151759
0.0196755
0.0395016
0.0258331
0.0441538
0.00885573
0.0277971
0.0151759
0.0361964
-0.0102038
0.0025068
-0.0122454
0.00885573
-0.0147992
-0.00602943
-0.0147948
0.00800025
0.0025068
0.0196848
0.00885573
0.0277971
-0.00602943
0.0161509
0.00800025
0.0249248
-0.0122454
0.00885573
-0.00324065
0.0151759
-0.0147948
0.00800025
-0.00570084
0.0143016
0.00885573
0.0277971
0.0151759
0.0361964
0.00800025
0.0249248
0.0143016
0.0356581
0.0634336
0.042429
0.0481075
0.0507027
0.0180355
-0.0146325
0.0565528
0.0372839
0.0634336
0.049354
0.0445051
0.0157379
0.0360545
0.0112632
0.0321827
-0.00205386
0.0634336
0.0522289
0.0512291
0.0356414
0.0531686
0.0409542
0.042504
0.0236585
0.0522289
0.049354
0.0356414
0.0303312
0.0409542
0.0326526
0.0236585
0.018547
0.0512291
0.0356414
0.0445051
0.0265455
0.042504
0.0236585
0.0347893
0.016855
0.0356414
0.0303312
0.0265455
0.0157379
0.0236585
0.018547
0.016855
0.000720794
0.0531686
0.0409542
0.042504
0.0236585
0.0360545
0.0217322
0.035667
0.0194862
0.0409542
0.0326526
0.0236585
0.018547
0.0217322
0.0112632
0.0194862
0.0128484
0.042504
0.0236585
0.0347893
0.016855
0.035667
0.0194862
0.0321827
0.00943558
0.0236585
0.018547
0.016855
0.000720794
0.0194862
0.0128484
0.00943558
-0.00205386
0.049354
0.042429
0.0157379
0.0475492
0.0112632
0.00653055
-0.00205386
0.0113866
0.049354
0.0467148
0.0303312
0.0389439
0.0326526
0.0301202
0.018547
0.0323641
0.0467148
0.042429
0.0389439
0.0561433
0.0301202
0.0237579
0.0323641
0.0382239
0.0303312
0.0389439
0.0157379
0.0268134
0.018547
0.0323641
0.000720794
0.0228114
0.0389439
0.0561433
0.0268134
0.0475492
0.0323641
0.0382239
0.0228114
0.0280514
0.0326526
0.0301202
0.018547
0.0323641
0.0112632
0.00806726
0.0128484
0.0199921
0.0301202
0.0237579
0.0323641
0.0382239
0.00806726
0.00653055
0.0199921
0.0208053
0.018547
0.0323641
0.000720794
0.0228114
0.0128484
0.0199921
-0.00205386
0.0149485
0.0323641
0.0382239
0.0228114
0.0280514
0.0199921
0.0208053
0.0149485
0.0113866
0.0445051
0.0157379
0.0481075
0.0282067
0.0321827
-0.00205386
0.0469268
0.0339497
0.0445051
0.0265455
0.040521
0.0235339
0.0347893
0.016855
0.0323873
0.00980463
0.0265455
0.0157379
0.0235339
0.0135712
0.016855
0.000720794
0.00980463
0.00470532
0.040521
0.0235339
0.0481075
0.0334545
0.0323873
0.00980463
0.0422564
0.0274776
0.0235339
0.0135712
0.0334545
0.0282067
0.00980463
0.00470532
0.0274776
0.0244247
0.0347893
0.016855
0.0323873
0.00980463
0.0321827
0.00943558
0.0347094
0.016011
0.016855
0.000720794
0.00980463
0.00470532
0.00943558
-0.00205386
0.016011
0.0128121
0.0323873
0.00980463
0.0422564
0.0274776
0.0347094
0.016011
0.0469268
0.0346938
0.00980463
0.00470532
0.0274776
0.0244247
0.016011
0.0128121
0.0346938
0.0339497
0.0157379
0.0475492
0.0282067
0.0507027
-0.00205386
0.0113866
0.0339497
0.0181671
0.0157379
0.0268134
0.0135712
0.0254844
0.000720794
0.0228114
0.00470532
0.0233972
0.0268134
0.0475492
0.0254844
0.04474
0.0228114
0.0280514
0.0233972
0.0217491
0.0135712
0.0254844
0.0282067
0.0374683
0.00470532
0.0233972
0.0244247
0.0352781
0.0254844
0.04474
0.0374683
0.0507027
0.0233972
0.0217491
0.0352781
0.0309244
0.000720794
0.0228114
0.00470532
0.0233972
-0.00205386
0.0149485
0.0128121
0.0160713
0.0228114
0.0280514
0.0233972
0.0217491
0.0149485
0.0113866
0.0160713
0.00127202
0.00470532
0.0233972
0.0244247
0.0352781
0.0128121
0.0160713
0.0339497
0.0282457
0.0233972
0.0217491
0.0352781
0.0309244
0.0160713
0.00127202
0.0282457
0.0181671
0.0360545
0.0112632
0.0321827
-0.00205386
0.0180355
-0.0172281
0.0208341
0.00164456
0.0360545
0.0217322
0.035667
0.0194862
0.0229114
0.00572058
0.0225014
0.00398253
0.0217322
0.0112632
0.0194862
0.0128484
0.00572058
-0.00791262
0.00398253
-0.00362979
0.035667
0.0194862
0.0321827
0.00943558
0.0225014
0.00398253
0.0272487
0.0107083
0.0194862
0.0128484
0.00943558
-0.00205386
0.00398253
-0.00362979
0.0107083
0.00361236
0.0229114
0.00572058
0.0225014
0.00398253
0.0180355
-0.000246491
0.017505
-0.00383646
0.00572058
-0.00791262
0.00398253
-0.00362979
-0.000246491
-0.0172281
-0.00383646
-0.0131428
0.0225014
0.00398253
0.0272487
0.0107083
0.017505
-0.00383646
0.0208341
0.00451428
0.00398253
-0.00362979
0.0107083
0.00361236
-0.00383646
-0.0131428
0.00451428
0.00164456
0.0112632
0.00653055
-0.00205386
0.0113866
-0.0172281
-0.0146325
0.00164456
0.0221145
0.0112632
0.00806726
0.0128484
0.0199921
-0.00791262
-0.0117852
-0.00362979
0.00730671
0.00806726
0.00653055
0.0199921
0.0208053
-0.0117852
-0.0111447
0.00730671
0.00848085
0.0128484
0.0199921
-0.00205386
0.0149485
-0.00362979
0.00730671
0.00361236
-0.00570351
0.0199921
0.0208053
0.0149485
0.0113866
0.00730671
0.00848085
-0.00570351
0.00365369
-0.00791262
-0.0117852
-0.00362979
0.00730671
-0.0172281
-0.0130957
-0.0131428
0.00621463
-0.0117852
-0.0111447
0.00730671
0.00848085
-0.0130957
-0.0146325
0.00621463
0.00611715
-0.00362979
0.00730671
0.00361236
-0.00570351
-0.0131428
0.00621463
0.00164456
0.012637
0.00730671
0.00848085
-0.00570351
0.00365369
0.00621463
0.00611715
0.012637
0.0221145
0.0321827
-0.00205386
0.0469268
0.0339497
0.0208341
0.00164456
0.0565528
0.0443051
0.0321827
0.00943558
0.0347094
0.016011
0.0272487
0.0107083
0.0403237
0.0244304
0.00943558
-0.00205386
0.016011
0.0128121
0.0107083
0.00361236
0.0244304
0.020585
0.0347094
0.016011
0.0469268
0.0346938
0.0403237
0.0244304
0.0549474
0.0434583
0.016011
0.0128121
0.0346938
0.0339497
0.0244304
0.020585
0.0434583
0.0386929
0.0272487
0.0107083
0.0403237
0.0244304
0.0208341
0.00451428
0.0360801
0.0267578
0.0107083
0.00361236
0.0244304
0.020585
0.00451428
0.00164456
0.0267578
0.0249795
0.0403237
0.0244304
0.0549474
0.0434583
0.0360801
0.0267578
0.0565528
0.0495653
0.0244304
0.020585
0.0434583
0.0386929
0.0267578
0.0249795
0.0495653
0.0443051
-0.00205386
0.0113866
0.0339497
0.0181671
0.00164456
0.0221145
0.0443051
0.0372839
-0.00205386
0.0149485
0.0128121
0.0160713
0.00361236
-0.00570351
0.020585
0.00666714
0.0149485
0.0113866
0.0160713
0.00127202
-0.00570351
0.00365369
0.00666714
0.00942821
0.0128121
0.0160713
0.0339497
0.0282457
0.020585
0.00666714
0.0386929
0.0266776
0.0160713
0.00127202
0.0282457
0.0181671
0.00666714
0.00942821
0.0266776
0.0217565
0.00361236
-0.00570351
0.020585
0.00666714
0.00164456
0.012637
0.0249795
0.0209302
-0.00570351
0.00365369
0.00666714
0.00942821
0.012637
0.0221145
0.0209302
0.0277036
0.020585
0.00666714
0.0386929
0.0266776
0.0249795
0.0209302
0.0443051
0.0372203
0.00666714
0.00942821
0.0266776
0.0217565
0.0209302
0.0277036
0.0372203
0.0372839
0.042429
0.0738553
0.0507027
0.100578
-0.0146325
0.0356581
0.0372839
0.0956552
0.042429
0.0516355
0.0475492
0.0622536
0.00653055
0.0131891
0.0113866
0.0407012
0.0516355
0.0738553
0.0622536
0.0920255
0.0131891
0.0441538
0.0407012
0.0666582
0.0475492
0.0622536
0.0507027
0.0648949
0.0113866
0.0407012
0.0181671
0.0466108
0.0475492
0.0508607
0.04474
0.0475015
0.0280514
0.03169
0.0217491
0.0268611
0.0508607
0.0622536
0.0475015
0.0597522
0.03169
0.0476462
0.0268611
0.045116
0.04474
0.0475015
0.0507027
0.0534609
0.0217491
0.0268611
0.0309244
0.0363067
0.0475015
0.0597522
0.0534609
0.0648949
0.0268611
0.045116
0.0363067
0.0517263
0.0280514
0.03169
0.0217491
0.0268611
0.0113866
0.019436
0.00127202
0.0163456
0.03169
0.0476462
0.0268611
0.045116
0.019436
0.0407012
0.0163456
0.0390281
0.0217491
0.0268611
0.0309244
0.0363067
0.00127202
0.0163456
0.0181671
0.0279479
0.0268611
0.045116
0.0363067
0.0517263
0.0163456
0.0390281
0.0279479
0.0466108
0.0622536
0.0920255
0.0648949
0.100578
0.0407012
0.0666582
0.0466108
0.0902051
0.00653055
0.0131891
0.0113866
0.0407012
-0.0146325
-0.00570084
0.0221145
0.0320969
0.00653055
0.00717476
0.0208053
0.0190435
-0.0111447
-0.0136688
0.00848085
0.00578513
0.00717476
0.0131891
0.0190435
0.0251866
-0.0136688
-0.00324065
0.00578513
0.013692
0.0208053
0.0190435
0.0113866
0.019436
0.00848085
0.00578513
0.00365369
0.0218862
0.0190435
0.0251866
0.019436
0.0407012
0.00578513
0.013692
0.0218862
0.0335103
-0.0111447
-0.0136688
0.00848085
0.00578513
-0.0146325
-0.0188916
0.00611715
0.00318576
-0.0136688
-0.00324065
0.00578513
0.013692
-0.0188916
-0.00570084
0.00318576
0.0114461
0.00848085
0.00578513
0.00365369
0.0218862
0.00611715
0.00318576
0.0221145
0.0264687
0.00578513
0.013692
0.0218862
0.0335103
0.00318576
0.0114461
0.0264687
0.0320969
0.0131891
0.0441538
0.0407012
0.0666582
-0.00570084
0.0356581
0.0320969
0.0600748
0.0131891
0.0258331
0.0251866
0.036894
-0.00324065
0.0151759
0.013692
0.027925
0.0258331
0.0441538
0.036894
0.0534479
0.0151759
0.0361964
0.027925
0.0466485
0.0251866
0.036894
0.0407012
0.0525386
0.013692
0.027925
0.0335103
0.0453261
0.036894
0.0534479
0.0525386
0.0666582
0.027925
0.0466485
0.0453261
0.0606817
-0.00324065
0.0151759
0.013692
0.027925
-0.00570084
0.0143016
0.0114461
0.0270922
0.0151759
0.0361964
0.027925
0.0466485
0.0143016
0.0356581
0.0270922
0.0459334
0.013692
0.027925
0.0335103
0.0453261
0.0114461
0.0270922
0.0320969
0.0440892
0.027925
0.0466485
0.0453261
0.0606817
0.0270922
0.0459334
0.0440892
0.0600748
0.0113866
0.0407012
0.0181671
0.0466108
0.0221145
0.0320969
0.0372839
0.063307
0.0113866
0.019436
0.00127202
0.0163456
0.00365369
0.0218862
0.00942821
0.0255459
0.019436
0.0407012
0.0163456
0.0390281
0.0218862
0.0335103
0.0255459
0.0442516
0.00127202
0.0163456
0.0181671
0.0279479
0.00942821
0.0255459
0.0217565
0.0335246
0.0163456
0.0390281
0.0279479
0.0466108
0.0255459
0.0442516
0.0335246
0.0521103
0.00365369
0.0218862
0.00942821
0.0255459
0.0221145
0.0264687
0.0277036
0.0407767
0.0218862
0.0335103
0.0255459
0.0442516
0.0264687
0.0320969
0.0407767
0.0538305
0.00942821
0.0255459
0.0217565
0.0335246
0.0277036
0.0407767
0.0372839
0.0471962
0.0255459
0.0442516
0.0335246
0.0521103
0.0407767
0.0538305
0.0471962
0.063307
0.0407012
0.0666582
0.0466108
0.0902051
0.0320969
0.0600748
0.063307
0.0956552
0.0438122
0.0206743
0.0180355
-0.0146325
0.0861761
0.0621996
0.0689011
0.0599696
0.0438122
0.0166827
0.0289823
-0.00366298
0.0552477
0.0275482
0.0478729
0.0267262
0.0438122
0.0255172
0.039866
0.0188247
0.0481366
0.02821
0.0443944
0.0215559
0.0255172
0.0166827
0.0188247
0.00300585
0.02821
0.0172594
0.0215559
0.00106768
0.039866
0.0188247
0.0289823
0.0101485
0.0443944
0.0215559
0.03497
0.0185105
0.0188247
0.00300585
0.0101485
-0.00366298
0.0215559
0.00106768
0.0185105
0.0081868
0.0481366
0.02821
0.0443944
0.0215559
0.0552477
0.0379481
0.0524278
0.0335786
0.02821
0.0172594
0.0215559
0.00106768
0.0379481
0.0275482
0.0335786
0.020291
0.0443944
0.0215559
0.03497
0.0185105
0.0524278
0.0335786
0.0478729
0.0347285
0.0215559
0.00106768
0.0185105
0.0081868
0.0335786
0.020291
0.0347285
0.0267262
0.0166827
0.0206743
-0.00366298
-0.0212858
0.0275482
0.0228342
0.0267262
0.0123055
0.0166827
0.0170557
0.00300585
-0.00587712
0.0172594
0.0172576
0.00106768
0.000512956
0.0170557
0.0206743
-0.00587712
-0.0026848
0.0172576
0.0172902
0.000512956
-0.00314917
0.00300585
-0.00587712
-0.00366298
-0.0142366
0.00106768
0.000512956
0.0081868
0.00131635
-0.00587712
-0.0026848
-0.0142366
-0.0212858
0.000512956
-0.00314917
0.00131635
-0.00589919
0.0172594
0.0172576
0.00106768
0.000512956
0.0275482
0.0253861
0.020291
0.0170002
0.0172576
0.0172902
0.000512956
-0.00314917
0.0253861
0.0228342
0.0170002
0.0132594
0.00106768
0.000512956
0.0081868
0.00131635
0.020291
0.0170002
0.0267262
0.0244569
0.000512956
-0.00314917
0.00131635
-0.00589919
0.0170002
0.0132594
0.0244569
0.0123055
0.0289823
-0.00366298
0.0180355
-0.0172281
0.0478729
0.0267262
0.0300082
0.0163441
0.0289823
0.0101485
0.021146
-0.00121302
0.03497
0.0185105
0.0289583
0.0103913
0.0101485
-0.00366298
-0.00121302
-0.0212007
0.0185105
0.0081868
0.0103913
-0.0021161
0.021146
-0.00121302
0.0180355
-0.000246491
0.0289583
0.0103913
0.0190083
0.00123144
-0.00121302
-0.0212007
-0.000246491
-0.0172281
0.0103913
-0.0021161
0.00123144
0.00303582
0.03497
0.0185105
0.0289583
0.0103913
0.0478729
0.0347285
0.0410576
0.0288744
0.0185105
0.0081868
0.0103913
-0.0021161
0.0347285
0.0267262
0.0288744
0.0207812
0.0289583
0.0103913
0.0190083
0.00123144
0.0410576
0.0288744
0.0300082
0.0186757
0.0103913
-0.0021161
0.00123144
0.00303582
0.0288744
0.0207812
0.0186757
0.0163441
-0.00366298
-0.0212858
-0.0172281
-0.0146325
0.0267262
0.0123055
0.0163441
0.0205009
-0.00366298
-0.0142366
-0.0212007
-0.0231316
0.0081868
0.00131635
-0.0021161
-0.000179738
-0.0142366
-0.0212858
-0.0231316
-0.0270844
0.00131635
-0.00589919
-0.000179738
-0.0102648
-0.0212007
-0.0231316
-0.0172281
-0.0130957
-0.0021161
-0.000179738
0.00303582
0.00509273
-0.0231316
-0.0270844
-0.0130957
-0.0146325
-0.000179738
-0.0102648
0.00509273
0.00174303
0.0081868
0.00131635
-0.0021161
-0.000179738
0.0267262
0.0244569
0.0207812
0.0202634
0.00131635
-0.00589919
-0.000179738
-0.0102648
0.0244569
0.0123055
0.0202634
0.00906159
-0.0021161
-0.000179738
0.00303582
0.00509273
0.0207812
0.0202634
0.0163441
0.0259983
-0.000179738
-0.0102648
0.00509273
0.00174303
0.0202634
0.00906159
0.0259983
0.0205009
0.0552477
0.0275482
0.0478729
0.0267262
0.0861761
0.0692629
0.0841297
0.0704933
0.0275482
0.0228342
0.0267262
0.0123055
0.0692629
0.0621996
0.0704933
0.0562286
0.0478729
0.0267262
0.0300082
0.0163441
0.0841297
0.0704933
0.0689011
0.0604567
0.0267262
0.0123055
0.0163441
0.0205009
0.0704933
0.0562286
0.0604567
0.0599696
0.0206743
0.0376174
-0.0146325
0.0356581
0.0621996
0.0931715
0.0599696
0.0858892
0.0206743
0.0177928
-0.0212858
-0.0147992
0.0228342
0.0327352
0.0123055
0.0199614
0.0206743
0.0167325
-0.0026848
-0.00644719
0.0172902
0.0171441
-0.00314917
-0.00269965
0.0167325
0.0177928
-0.00644719
-0.00449281
0.0171441
0.0217185
-0.00269965
0.00693995
-0.0026848
-0.00644719
-0.0212858
-0.0265442
-0.00314917
-0.00269965
-0.00589919
-0.0107947
-0.00644719
-0.00449281
-0.0265442
-0.0147992
-0.00269965
0.00693995
-0.0107947
0.000646774
0.0172902
0.0171441
-0.00314917
-0.00269965
0.0228342
0.027467
0.0132594
0.0169352
0.0171441
0.0217185
-0.00269965
0.00693995
0.027467
0.0327352
0.0169352
0.0252533
-0.00314917
-0.00269965
-0.00589919
-0.0107947
0.0132594
0.0169352
0.0123055
0.00987918
-0.00269965
0.00693995
-0.0107947
0.000646774
0.0169352
0.0252533
0.00987918
0.0199614
0.0177928
0.0376174
-0.0147992
0.0161509
0.0327352
0.0567667
0.0199614
0.0440154
0.0177928
0.0252487
-0.00449281
0.00503482
0.0217185
0.0325422
0.00693995
0.0166176
0.0252487
0.0376174
0.00503482
0.0220707
0.0325422
0.0437736
0.0166176
0.0307325
-0.00449281
0.00503482
-0.0147992
-0.00602943
0.00693995
0.0166176
0.000646774
0.0132148
0.00503482
0.0220707
-0.00602943
0.0161509
0.0166176
0.0307325
0.0132148
0.0261598
0.0217185
0.0325422
0.00693995
0.0166176
0.0327352
0.046324
0.0252533
0.0366601
0.0325422
0.0437736
0.0166176
0.0307325
0.046324
0.0567667
0.0366601
0.0469366
0.00693995
0.0166176
0.000646774
0.0132148
0.0252533
0.0366601
0.0199614
0.0327681
0.0166176
0.0307325
0.0132148
0.0261598
0.0366601
0.0469366
0.0327681
0.0440154
-0.0212858
-0.0147992
-0.0146325
-0.00570084
0.0123055
0.0199614
0.0205009
0.0248234
-0.0212858
-0.0265442
-0.0270844
-0.0288655
-0.00589919
-0.0107947
-0.0102648
-0.0115263
-0.0265442
-0.0147992
-0.0288655
-0.0147948
-0.0107947
0.000646774
-0.0115263
-0.000537102
-0.0270844
-0.0288655
-0.0146325
-0.0188916
-0.0102648
-0.0115263
0.00174303
0.0016372
-0.0288655
-0.0147948
-0.0188916
-0.00570084
-0.0115263
-0.000537102
0.0016372
0.0064547
-0.00589919
-0.0107947
-0.0102648
-0.0115263
0.0123055
0.00987918
0.00906159
0.0094525
-0.0107947
0.000646774
-0.0115263
-0.000537102
0.00987918
0.0199614
0.0094525
0.0186385
-0.0102648
-0.0115263
0.00174303
0.0016372
0.00906159
0.0094525
0.0205009
0.0200213
-0.0115263
-0.000537102
0.0016372
0.0064547
0.0094525
0.0186385
0.0200213
0.0248234
-0.0147992
0.0161509
-0.00570084
0.0356581
0.0199614
0.0440154
0.0248234
0.0526816
-0.0147992
-0.00602943
-0.0147948
0.00800025
0.000646774
0.0132148
-0.000537102
0.0164913
-0.00602943
0.0161509
0.00800025
0.0249248
0.0132148
0.0261598
0.0164913
0.0339381
-0.0147948
0.00800025
-0.00570084
0.0143016
-0.000537102
0.0164913
0.0064547
0.0220968
0.00800025
0.0249248
0.0143016
0.0356581
0.0164913
0.0339381
0.0220968
0.0413107
0.000646774
0.0132148
-0.000537102
0.0164913
0.0199614
0.0327681
0.0186385
0.0311918
0.0132148
0.0261598
0.0164913
0.0339381
0.0327681
0.0440154
0.0311918
0.0491059
-0.000537102
0.0164913
0.0064547
0.0220968
0.0186385
0.0311918
0.0248234
0.0366363
0.0164913
0.0339381
0.0220968
0.0413107
0.0311918
0.0491059
0.0366363
0.0526816
0.0228342
0.0327352
0.0123055
0.0199614
0.0621996
0.0730988
0.0562286
0.0614344
0.0327352
0.0567667
0.0199614
0.0440154
0.0730988
0.0931715
0.0614344
0.0839036
0.0123055
0.0199614
0.0205009
0.0248234
0.0562286
0.0614344
0.0599696
0.0653413
0.0199614
0.0440154
0.0248234
0.0526816
0.0614344
0.0839036
0.0653413
0.0858892
0.0180355
-0.0146325
0.0565528
0.0372839
0.0689011
0.0599696
0.0967731
0.103875
0.0180355
-0.0172281
0.0208341
0.00164456
0.0300082
0.0163441
0.0383074
0.0266304
0.0180355
-0.000246491
0.017505
-0.00383646
0.0190083
0.00123144
0.0200847
-0.00100527
-0.000246491
-0.0172281
-0.00383646
-0.0131428
0.00123144
0.00303582
-0.00100527
0.00189524
0.017505
-0.00383646
0.0208341
0.00451428
0.0200847
-0.00100527
0.0273574
0.0120378
-0.00383646
-0.0131428
0.00451428
0.00164456
-0.00100527
0.00189524
0.0120378
0.0091764
0.0190083
0.00123144
0.0200847
-0.00100527
0.0300082
0.0186757
0.0301367
0.0155637
0.00123144
0.00303582
-0.00100527
0.00189524
0.0186757
0.0163441
0.0155637
0.0173695
0.0200847
-0.00100527
0.0273574
0.0120378
0.0301367
0.0155637
0.0383074
0.0269879
-0.00100527
0.00189524
0.0120378
0.0091764
0.0155637
0.0173695
0.0269879
0.0266304
-0.0172281
-0.0146325
0.00164456
0.0221145
0.0163441
0.0205009
0.0266304
0.0477511
-0.0172281
-0.0130957
-0.0131428
0.00621463
0.00303582
0.00509273
0.00189524
0.0156436
-0.0130957
-0.0146325
0.00621463
0.00611715
0.00509273
0.00174303
0.0156436
0.0156049
-0.0131428
0.00621463
0.00164456
0.012637
0.00189524
0.0156436
0.0091764
0.0211814
0.00621463
0.00611715
0.012637
0.0221145
0.0156436
0.0156049
0.0211814
0.03481
0.00303582
0.00509273
0.00189524
0.0156436
0.0163441
0.0259983
0.0173695
0.0319409
0.00509273
0.00174303
0.0156436
0.0156049
0.0259983
0.0205009
0.0319409
0.0329383
0.00189524
0.0156436
0.0091764
0.0211814
0.0173695
0.0319409
0.0266304
0.0370972
0.0156436
0.0156049
0.0211814
0.03481
0.0319409
0.0329383
0.0370972
0.0477511
0.0208341
0.00164456
0.0565528
0.0443051
0.0383074
0.0266304
0.0691179
0.0605889
0.00164456
0.0221145
0.0443051
0.0372839
0.0266304
0.0477511
0.0605889
0.0744628
0.0300082
0.0163441
0.0383074
0.0266304
0.0689011
0.0604567
0.0724657
0.0667144
0.0163441
0.0205009
0.0266304
0.0477511
0.0604567
0.0599696
0.0667144
0.0845109
0.0383074
0.0266304
0.0691179
0.0605889
0.0724657
0.0667144
0.0967731
0.0912924
0.0266304
0.0477511
0.0605889
0.0744628
0.0667144
0.0845109
0.0912924
0.103875
-0.0146325
0.0356581
0.0372839
0.0956552
0.0599696
0.0858892
0.103875
0.128932
-0.0146325
-0.00570084
0.0221145
0.0320969
0.0205009
0.0248234
0.0477511
0.0507798
-0.0146325
-0.0188916
0.00611715
0.00318576
0.00174303
0.0016372
0.0156049
0.0137038
-0.0188916
-0.00570084
0.00318576
0.0114461
0.0016372
0.0064547
0.0137038
0.0194826
0.00611715
0.00318576
0.0221145
0.0264687
0.0156049
0.0137038
0.03481
0.0329239
0.00318576
0.0114461
0.0264687
0.0320969
0.0137038
0.0194826
0.0329239
0.0378177
0.00174303
0.0016372
0.0156049
0.0137038
0.0205009
0.0200213
0.0329383
0.0319438
0.0016372
0.0064547
0.0137038
0.0194826
0.0200213
0.0248234
0.0319438
0.0367317
0.0156049
0.0137038
0.03481
0.0329239
0.0329383
0.0319438
0.0477511
0.0467346
0.0137038
0.0194826
0.0329239
0.0378177
0.0319438
0.0367317
0.0467346
0.0507798
-0.00570084
0.0356581
0.0320969
0.0600748
0.0248234
0.0526816
0.0507798
0.0730167
-0.00570084
0.0143016
0.0114461
0.0270922
0.0064547
0.0220968
0.0194826
0.0328997
0.0143016
0.0356581
0.0270922
0.0459334
0.0220968
0.0413107
0.0328997
0.050337
0.0114461
0.0270922
0.0320969
0.0440892
0.0194826
0.0328997
0.0378177
0.0486597
0.0270922
0.0459334
0.0440892
0.0600748
0.0328997
0.050337
0.0486597
0.0635099
0.0064547
0.0220968
0.0194826
0.0328997
0.0248234
0.0366363
0.0367317
0.0463246
0.0220968
0.0413107
0.0328997
0.050337
0.0366363
0.0526816
0.0463246
0.0615296
0.0194826
0.0328997
0.0378177
0.0486597
0.0367317
0.0463246
0.0507798
0.059722
0.0328997
0.050337
0.0486597
0.0635099
0.0463246
0.0615296
0.059722
0.0730167
0.0221145
0.0320969
0.0372839
0.063307
0.0477511
0.0507798
0.0744628
0.0878765
0.0320969
0.0600748
0.063307
0.0956552
0.0507798
0.0730167
0.0878765
0.105348
0.0205009
0.0248234
0.0477511
0.0507798
0.0599696
0.0653413
0.0845109
0.0875843
0.0248234
0.0526816
0.0507798
0.0730167
0.0653413
0.0858892
0.0875843
0.102674
0.0477511
0.0507798
0.0744628
0.0878765
0.0845109
0.0875843
0.103875
0.114925
0.0507798
0.0730167
0.0878765
0.105348
0.0875843
0.102674
0.114925
0.128932
