1
0.0816894
0.048908
0.0639697
0.0420369
0.0418017
0.0208791
0.0221105
-0.0132789
2
0.048908
0.0805059
0.0420369
0.0736242
0.0208791
0.0388473
-0.0132789
0.0356268
3
0.0639697
0.0420369
0.0472343
0.0499311
0.0221105
-0.0132789
0.0545541
0.0216143
4
0.0420369
0.0736242
0.0499311
0.100161
-0.0132789
0.0356268
0.0216143
0.0933657
5
0.0418017
0.0208791
0.0221105
-0.0132789
0.0574969
0.0258482
0.0336205
0.0229602
6
0.0208791
0.0388473
-0.0132789
0.0356268
0.0258482
0.0598658
0.0229602
0.0551861
7
0.0221105
-0.0132789
0.0545541
0.0216143
0.0336205
0.0229602
0.070005
0.075671
8
-0.0132789
0.0356268
0.0216143
0.0933657
0.0229602
0.0551861
0.075671
0.105793
