0.0816894
0.0529675
0.0466355
0.0508272
0.043513
0.0355067
0.0292875
0.0318342
0.0247012
0.0290516
0.0222172
0.024233
0.0156938
0.0121756
0.0148665
0.0112623
0.0119351
0.00821568
0.0107849
0.00669063
0.0262015
0.026757
0.0210262
0.021096
0.0187517
0.01886
0.0104001
0.00980048
0.00915613
0.00779875
0.00593668
0.00541775
0.00374377
0.00201396
0.0105275
0.01186
0.00882555
0.0103132
0.00611155
0.00742402
0.00320847
0.00463819
0.0317384
0.0209225
0.0206541
0.024407
0.0197211
0.0103442
0.00902863
0.0120462
0.0106192
0.00511156
0.0033201
0.00748513
0.00562223
0.00919602
0.00993285
0.010447
0.0100046
0.00350806
0.00412624
0.0051665
0.00505238
0.0149047
0.0105764
0.00774529
0.0084338
0.00547069
0.00625331
0.00323125
0.00396831
0.000712114
0.0716494
0.0536528
0.0407306
0.0523502
0.0398166
0.0344149
0.0216495
0.0155503
0.0137322
0.0139632
0.0123412
0.0108838
0.00833132
0.00905546
0.0066882
0.0193756
0.013287
0.0117693
0.0133546
0.0117637
0.00812244
0.00605504
0.00788464
0.00596318
0.0146155
0.0101785
0.0125633
0.00809493
0.0116398
0.0069871
0.01026
0.00504298
0.00647639
0.00343609
0.00433643
0.0012649
0.00269926
-0.00115776
0.000431407
-0.00328638
0.011091
0.00670271
0.011318
0.00673633
0.00837728
0.00317542
0.00850594
0.00335263
0.00319441
0.000372385
0.00255005
0.000419134
-0.00145605
-0.00484929
-0.00146581
-0.00496572
0.0298536
0.0195719
0.0142486
0.0235237
0.0181646
0.012444
0.00755895
0.0140518
0.00994509
0.00977453
0.00480151
0.00986087
0.00720755
0.00366147
0.00169127
0.00634595
0.00418949
1.45343e-06
-0.0034484
0.00309593
0.000213315
0.01669
0.00994758
0.0497009
0.0330509
0.0274408
0.0290983
0.022564
0.0266966
0.0203763
0.0213687
0.0130693
0.010183
0.011953
0.00905214
0.00946569
0.00608458
0.00786825
0.00385116
0.0471557
0.0287616
0.0225909
0.0307833
0.0254832
0.0213498
0.0127625
0.00997625
0.014724
0.0122123
0.00894933
0.00490875
0.0115251
0.00804677
0.0245498
0.0180567
0.0420222
0.0232373
0.0173373
0.0164049
0.00720204
0.00454131
0.00514502
-0.000262309
0.00625479
0.00449478
0.0026403
-0.00129158
0.0228448
0.0172375
0.0157536
0.00665228
0.00467133
0.00316029
-0.000980302
0.00818509
0.00574141
0.00575091
0.00121254
0.0383463
0.0160605
0.00634429
0.00203609
0.00898514
0.00547366
0.00445172
-0.000701815
0.00719276
0.00309395
0.0201326
0.0128505
0.00996016
0.00902309
0.00577774
0.0112753
0.00820811
0.00715218
0.00435873
0.0148039
0.00396085
-0.000610195
0.00696545
0.00314069
0.00675841
0.0028002
0.00948562
0.00585741
0.0182189
0.0107146
0.00817021
0.00611897
0.00299837
0.010607
0.00804815
0.00599426
0.00259222
0.0237306
0.0184704
0.0179404
0.00949196
0.00578058
0.00799442
0.00274572
0.00803038
0.00454403
0.00600972
0.00042717
0.0174356
0.0164317
0.00787993
0.00653697
0.00653125
0.00448163
0.00466761
0.004338
0.00153343
-0.00065696
0.00541524
0.00440637
0.00308068
-0.00113524
0.00423979
0.00431635
-0.00154871
-0.00152349
0.0160528
0.0159303
0.00442866
0.00436014
-0.00118393
-0.00148113
0.00437802
0.004466
-0.00146037
-0.00137521
0.00424658
0.00457813
-0.00152006
-0.000634547
0.00449401
0.00453786
-0.000892079
-0.00121583
0.0161917
0.0173736
0.00452015
0.00590627
-0.00119273
0.00160467
0.0049411
0.00793425
-9.74782e-05
0.00339753
0.00717871
0.00687351
0.00349686
0.00341029
0.00926426
0.00932964
0.00342624
0.0034895
0.0185404
0.0089656
0.0043248
0.011475
0.00733188
0.00683058
0.00183049
0.0095087
0.00485839
0.0215844
0.0143893
0.00814149
0.00608747
0.0101882
0.00859593
0.00288892
0.00101084
0.00598288
0.00397004
0.00455337
0.000472063
0.00648281
0.00347292
-0.000904652
-0.00221635
0.00158681
-0.000469138
0.0136786
0.00997783
0.0104183
0.00843782
0.0100873
0.0056933
0.00693409
0.00452631
0.00680538
0.0051467
0.00522121
0.0035842
0.0020332
-0.000401012
0.00058697
-0.00193253
0.000700156
-0.00225968
0.00398137
0.00146688
-0.00239307
-0.00591554
0.000933203
-0.000855582
-0.00229856
-0.00168038
0.000529898
-0.000251207
-0.00459214
-0.004686
-0.00297107
-0.00570673
0.00806998
0.00628863
0.0116979
0.00617035
0.00632071
0.00445912
0.00931753
0.00435665
0.00225285
-0.00134835
0.000976701
-0.00359822
-0.000867699
-0.00587345
-0.00098604
-0.00632904
-0.00421051
-0.0027906
-0.000240607
-0.00220032
-0.0038793
-0.00243961
-0.00257505
-0.00373914
-0.00218585
0.00454214
0.00310768
0.00380128
0.00266782
-0.00121603
-0.000645404
-0.00176045
-0.00148648
-0.00214194
0.0158148
0.0159186
0.00416124
0.00423892
-0.00165136
-0.00160079
0.00424715
0.00429043
-0.00159215
-0.00154961
0.00423951
0.00437663
-0.00160005
-0.001457
0.0042341
0.00436009
-0.0016061
-0.00147243
0.0160862
0.0159848
0.00440749
0.00433955
-0.00143027
-0.00150256
0.00470294
0.00439992
-0.0011277
-0.00143223
0.00430329
0.00469824
-0.00152951
0.000129492
0.00445919
0.00565075
-0.000845147
-9.14537e-05
0.0163591
0.0195603
0.00489054
0.00755587
-0.000125805
0.00327655
0.00440197
0.00525687
-0.00143033
0.000881529
0.00910248
0.00915542
0.00326182
0.00331797
0.00824504
0.00906955
0.00318627
0.00322894
0.0160851
0.0167611
0.00444169
0.00451824
-0.000914338
-0.00132088
0.00640661
0.00457017
0.000687917
-0.000893945
0.00606372
0.0089118
0.00186872
0.00307634
0.00516563
0.00876707
0.000702232
0.00293097
-0.00175477
-0.0037886
0.00278704
0.000201284
-0.00430892
-0.00655809
0.000691812
-0.00159644
-0.00557611
0.00759041
0.00233437
0.00356012
0.00161497
0.00596413
0.000505209
0.00233556
-0.00014746
-0.00253685
-0.00410607
-0.00602632
0.000713658
-0.00120925
-0.000797217
-0.00318015
0.00343246
0.00129377
-0.00619343
-0.00514904
-0.0050433
-0.00873576
-0.00542773
-0.00583365
-0.00154541
-0.00560244
0.00608472
0.00131434
0.00123365
-0.000461604
0.00624952
0.00461705
0.000690018
-0.000617587
-0.00344986
-0.00806022
-0.00438092
-0.00885141
0.000177932
-0.00441444
-0.00261054
-0.00615738
-0.00425271
0.0399539
0.0239066
0.0178481
0.0192941
0.0129508
0.0107216
0.0116721
0.00962111
0.00825411
0.00540836
0.00627904
0.00414864
0.0167561
0.010761
0.00816849
0.00699606
0.0041182
0.00766338
0.00513004
0.00346224
0.000845998
0.011963
0.00816543
0.00996419
0.00581451
0.00865092
0.00421677
0.00675065
0.00221741
0.00396869
0.000651761
0.0018119
-0.00127956
0.000430653
-0.00312285
-0.00171001
-0.00570855
0.0344253
0.0174329
0.011609
0.00941608
0.0120911
0.00990804
0.00619484
0.00416389
0.00669427
0.00494983
0.0183294
0.0127275
0.0109889
0.0143075
0.011334
0.00763046
0.00574282
0.00932492
0.00659107
0.00967338
0.00502339
0.00919528
0.00486097
0.00571069
0.00153039
0.00537013
0.00095528
0.000909483
-0.00135385
0.00158464
-0.000666992
-0.00318972
-0.00677317
-0.00335081
-0.00625191
0.0101855
0.00618443
0.0113616
0.00762788
0.00631213
0.00216547
0.0075001
0.00350857
0.00257168
0.00037767
0.00440229
0.00192237
-0.00186536
-0.00490031
-2.05896e-05
-0.00288566
0.0306908
0.0208764
0.0261007
0.0160979
0.0112651
0.013798
0.00853896
0.014529
0.00914012
0.0118824
0.00688835
0.0289923
0.0191396
0.0245461
0.0133537
0.00806602
0.0115004
0.00650828
0.0129895
0.00779574
0.0112557
0.0060535
0.0122945
0.00858896
0.00867145
0.00411518
0.0109131
0.00697627
0.00682698
0.0030446
0.00534274
0.00174644
0.000933454
-0.00200741
0.00274
-0.00045332
-0.000843213
-0.00474188
0.00606792
0.00108225
0.00359908
-0.000928334
0.00401907
-0.00080283
0.00221768
-0.00261731
-0.00334692
0.00982244
0.00610185
0.0061988
0.0016226
0.0095663
0.00571622
0.00624164
0.00134244
0.00172762
-0.00200101
-0.00210258
-0.00641211
0.00195584
-0.00222205
-0.00246091
-0.00622917
0.0029531
-0.00181649
0.000780534
-0.00465127
0.0030712
-0.00124497
0.000218118
-0.00518012
-0.00648427
0.0238422
0.0130184
0.00794982
0.0132998
0.00762229
0.0109464
0.00540675
0.0114421
0.00580455
0.0240816
0.0134535
0.0213662
0.00987086
0.0041232
0.00994884
0.00420033
0.00940692
0.00377985
0.00908616
0.00330547
0.0214142
0.00989891
0.00418822
0.010771
0.00550189
0.00913703
0.00337939
0.0102604
0.00474012
0.0024021
-0.00233213
0.00211465
-0.00274875
-2.39426e-05
-0.00507689
0.000624736
-0.00492825
-0.00654141
0.00289931
-0.00185835
0.00428091
-0.000341809
0.000542916
-0.00456515
0.00198258
-0.00321258
-0.00599404
-0.00151076
-0.0116417
-0.00141708
-0.00657365
0.000291891
-0.00527743
-0.00237826
-0.00808532
-0.000625752
-0.00599557
-0.0118659
0.0141272
0.0132971
0.0111662
0.0102264
0.00940248
0.00877715
0.00625418
0.00521106
0.0135974
0.0119551
0.010505
0.0100437
0.00870454
0.00671
0.00578503
0.0045859
0.00926454
0.00788044
0.00809981
0.00613507
0.00373083
0.00250593
0.00229631
0.000711323
0.00792456
0.00834768
0.00575962
0.00621931
0.0027064
0.00305506
0.000109802
0.000904101
0.00580712
0.00494639
0.00179068
0.000553238
0.00262095
0.00148894
-0.00179178
-0.00312991
0.00376513
0.00162527
0.000570947
-0.000386134
-0.000619613
-0.00358406
-0.00389948
-0.00556325
-0.0016111
-0.00230367
0.00975072
0.00427931
0.00806477
0.00289259
0.00667996
0.00292226
0.00420467
0.0011921
-0.000964074
0.00650091
0.000900622
0.00589304
0.0011882
0.00296141
-5.90313e-05
0.000883237
-0.0015825
-0.00388495
0.00156117
0.000688602
-0.000942211
-0.0018162
-0.0036641
-0.00400525
-0.00622723
-0.00657808
-0.00437707
-0.00270282
-0.00795258
0.00802002
0.00590173
0.00844294
0.00574638
0.00241076
0.000291055
0.00272997
0.000322607
0.00540266
0.00540529
0.00545351
0.00535386
-0.000339103
-0.000377688
-0.000333253
-0.000454236
0.00892533
0.00662384
0.00934757
0.00849042
0.00348653
0.00151643
0.00398678
0.00302813
0.00540873
0.00563027
0.00687873
0.006372
-0.00036308
-0.000159784
0.00168127
0.000977275
-0.00340036
-0.00604926
-0.00179915
-0.00355404
-0.000727466
-0.00267343
-0.00703223
-0.00922739
-0.00523313
-0.00803729
-0.00579422
0.00446586
0.00244187
0.00410189
0.00342809
-0.000559574
-0.00305129
-0.00161801
-0.00233985
-0.00222778
-0.00678933
0.000948233
-0.00199898
-0.00504441
-0.00881917
-0.00323805
-0.00451132
0.0054508
0.00459068
0.00671683
0.00580252
-0.000279565
-0.00111963
0.00107119
0.000758561
0.00369929
0.00307951
0.00435278
0.00412838
-0.00190459
-0.00267486
-0.000860168
-0.00114308
-0.00596534
-0.0101234
-0.00602091
-0.00758055
-0.00100814
-0.00898866
-0.0139871
-0.0175259
0.048908
0.0532809
0.0424626
0.0447461
0.0288619
0.032631
0.0214856
0.0215207
0.016392
0.0175801
0.0108295
0.0110191
0.0084764
0.00817222
0.00519206
0.00651096
0.00354402
0.00313592
0.0109486
0.0116564
0.00855317
0.00893369
0.00625695
0.00731131
0.00329045
0.00359653
0.00588072
0.00541071
0.00358986
0.00397195
0.000843354
5.94038e-05
-0.00160253
-0.00127348
0.00649859
0.00786831
0.00452546
0.00605305
0.000944915
0.002609
-0.000608434
0.000504538
0.0226506
0.0254196
0.0195725
0.0220931
0.0124329
0.0138707
0.0102868
0.0112889
0.00814972
0.0088067
0.00514542
0.00605905
0.0153446
0.00871191
0.00943009
0.00751254
0.00929238
0.00315886
0.0041334
0.00238177
0.00364207
0.0109129
0.0123964
0.0105648
0.0125574
0.0054117
0.00728299
0.0049858
0.00711817
0.0579818
0.0360393
0.0399602
0.0350267
0.0380549
0.0129018
0.0152858
0.0116524
0.0123389
0.0114049
0.0117945
0.00581167
0.00656845
0.00558074
0.00612513
0.0129893
0.00178118
0.00254909
0.000559001
0.0013297
-0.00339175
-0.00301348
-0.00521955
-0.0038186
0.00374339
0.00456558
0.00294667
0.00430814
-0.00202775
-0.00119102
-0.00269247
-0.00107183
-2.90907e-05
0.000789582
-0.000243436
0.000502163
-0.00578056
-0.00493472
-0.00606573
-0.00500112
0.00178042
0.00346525
0.00149579
0.00276801
-0.00367081
-0.00230686
-0.00421902
-0.00213559
0.0170649
0.0205006
0.015884
0.0195117
0.00610057
0.00786558
0.00514186
0.0070719
0.000748391
0.00238993
-0.000104282
0.00141834
0.00970985
0.0117702
0.00890625
0.0111019
0.00431184
0.00661773
0.00352467
0.00605494
0.00448649
0.00652043
0.00517076
0.00709674
-0.00118143
0.00185321
-0.000562151
0.00193861
0.00957292
0.0121267
0.00958877
0.0122361
0.00441932
0.00687124
0.00446054
0.00702949
0.0118266
0.0132469
0.0163153
0.0168841
0.000598153
0.0011307
0.00330767
0.00339122
-0.00461372
-0.00400883
-0.000931552
-0.00123596
0.00229699
0.00379429
0.00389564
0.00511272
-0.00314464
-0.00130942
-0.000834791
0.00025221
0.0072596
0.00729895
0.0163735
0.020571
0.0193415
0.0231244
0.0057608
0.0077042
0.00679297
0.00884769
8.44286e-05
0.00223852
0.00145594
0.0038301
0.00962623
0.00926451
0.0134117
0.0459898
0.0162383
0.0169312
0.00510701
0.00575842
0.000715049
0.00189917
0.00453637
0.00465032
-0.00129337
-0.00117693
0.00636388
0.00672233
0.00262283
0.00303752
0.00468678
0.00476281
-0.00114266
-0.0010719
0.0171541
0.0168898
0.00637582
0.00597456
0.00275763
0.00195639
0.00953195
0.00967027
0.00369594
0.00383198
0.00568058
0.00542331
0.00111234
0.000344055
0.00913906
0.00836251
0.00396703
0.00417832
0.0178046
0.0195855
0.00778533
0.00851427
0.00397972
0.00513972
0.00500464
0.0056479
-0.000355785
0.000643714
0.010528
0.0166345
0.0173585
0.00502568
0.00509727
-0.000594482
-0.00072774
0.00669293
0.00506554
0.00245594
-0.000773809
0.00601739
0.00872676
0.00104275
0.00575666
0.00577753
0.00813582
-4.28596e-05
0.00478336
-0.00044236
0.000946816
-0.00135816
-0.00170796
-0.00523734
-0.0048446
-0.00651615
-0.00584359
0.00160033
0.00255043
-0.00189695
-0.000813869
-0.00418188
-0.00318644
-0.00557639
-0.00485066
-0.00419613
-0.0042775
-0.0022086
-0.00254721
-0.0134648
-0.0136982
0.00344989
0.00355056
0.000486493
0.00141957
-0.00227225
-0.0016348
-0.00418441
-0.00371316
0.00507861
0.00756067
0.00382401
0.00581434
0.000345428
0.00421162
-0.00101631
0.00175858
-0.00237062
0.000476125
0.00274717
-0.000340819
0.00175345
-0.00392855
-0.000942817
-0.0058203
-0.00227954
-0.00445548
-0.00207091
0.00287773
-0.00466821
-0.00111421
-0.00297884
0.00170104
-0.00604123
-0.00268111
-0.0121075
-0.00795774
0.0209847
0.0200128
0.00933135
0.00946112
0.00350467
0.00363217
0.0091701
0.009317
0.00332792
0.00347984
0.00965846
0.00772747
0.00382066
0.00396107
0.00898795
0.00587234
0.00364401
0.00141367
0.020772
0.0180588
0.00909024
0.00920035
0.00324929
0.00336061
0.00902152
0.00907521
0.00318439
0.00323691
0.00782255
0.00530833
0.00344598
-0.000302441
0.0076052
0.00522562
0.00329125
-0.000375062
0.0170113
0.0169969
0.00547929
0.00506892
0.00031774
-0.000770147
0.00478574
0.00499618
-0.0010153
-0.000780837
0.00555532
0.00672685
-0.000196429
0.0027049
0.00510146
0.00565697
-0.000544825
0.000213371
0.0165606
0.0172888
0.00508787
0.00603885
-0.000443816
0.000367801
0.0045784
0.00597263
-0.00110277
0.00020565
0.00648679
0.00513637
0.00130022
-0.000657012
0.00674234
0.00546743
0.00111876
0.000162201
-0.00232791
-0.00327589
0.024763
0.0379082
0.0117428
0.0190044
0.00717065
0.0109849
0.00570189
0.0100015
0.00274797
0.00754476
0.00210519
0.00581759
0.0155036
0.00665698
0.0105032
0.00250949
0.00711718
0.00503968
0.00590138
0.00124084
0.00358208
0.0120766
0.0134293
0.00970698
0.0109026
0.00719354
0.00887789
0.00434756
0.00578414
-0.000163192
0.00488748
-0.00140826
0.00233822
-0.00208276
0.00219496
-0.00494843
-0.000694639
0.00884819
0.00963072
0.00677875
0.0101319
0.00302434
0.00411531
0.00400703
0.00440702
0.025089
0.0193113
0.0222295
0.00876234
0.0101989
0.00397748
0.00529353
0.00669616
0.00823405
0.00132468
0.00285591
0.0118479
0.0142883
0.00710074
0.00993672
0.0100768
0.0124469
0.00478553
0.00755285
0.0173592
0.0199436
0.00580645
0.00699018
4.7548e-05
0.00162395
0.00577337
0.00684763
-1.87947e-05
0.00145915
0.00921437
0.0116903
0.00389816
0.00652678
0.00909302
0.0116119
0.00388225
0.00635854
0.0265074
6.79735e-05
0.00105454
-0.00272061
-0.0020921
-0.00385807
-0.00235769
-0.00769154
-0.00689584
0.00294247
0.0056811
-0.000606235
0.00149051
-1.60446e-05
0.00273182
-0.00403979
-0.00170877
-0.00477669
-0.00275331
-0.00102542
-0.000733035
-0.00112266
-0.00840874
-0.00535235
-0.00591217
-0.00630106
-0.00565708
-0.00136546
0.00149457
-0.00637378
-0.00341515
-0.0013998
0.00125032
-0.00663617
-0.00371797
-0.0149517
-0.0112795
0.00828717
0.0117938
0.0046906
0.00840076
0.00578844
0.00961644
0.00184922
0.00583962
0.0156256
0.00206198
0.00629133
0.000886955
0.00493798
-0.0013552
0.00330477
-0.00306594
0.00163694
0.0110272
0.00473424
0.00857079
0.000463675
0.00438449
0.00437273
0.00815751
-9.01909e-05
0.00390462
0.0125705
-0.00369745
0.0014615
-0.00578728
-0.000427407
-0.0041984
0.000830681
-0.00664782
-0.00114361
0.00692305
-0.00877936
-0.00455622
-0.00105324
0.00206278
-0.00182734
0.00145147
-0.00598598
-0.00208969
-0.00667096
-0.00312318
-0.0062875
-0.00078397
0.00144926
-0.000816216
0.00186487
-0.00602569
-0.00359034
-0.00603022
-0.00314138
-0.0151092
-0.0101687
-0.0161929
-0.0114982
-0.00879667
-0.00947097
-0.00343486
-0.00439032
-0.0106687
-0.0119293
-0.00576179
-0.00662456
-0.00875149
-0.00693414
-0.00448844
-0.00379832
-0.012299
-0.0115732
-0.00701346
-0.00627743
0.00189126
0.00101648
0.00451259
0.00399393
-0.00264635
-0.00286799
-0.00103712
-0.00150844
0.000747334
0.00121099
0.00433421
0.00514663
-0.00252544
-0.00197797
-0.00128172
-0.000279363
-0.013833
-0.0149571
-0.00821639
-0.007848
-0.00534859
-0.00321573
-0.00257033
-0.000394163
-0.0101702
-0.00739897
-0.0054541
-0.00400963
-9.02069e-06
0.00297919
0.00255203
0.00464202
-0.004738
-0.00225282
-0.00262518
-0.000528992
0.0022742
0.00363769
0.00607404
0.00618215
-0.000942959
-0.0012752
0.000381876
0.00142592
0.00468484
0.0061255
0.00630106
0.0080621
-0.00105039
0.000938117
0.00193716
0.00368301
-0.0132746
-0.0095409
-0.00599635
-0.00593873
-0.00353049
-0.00201914
-0.000927277
-0.00995914
-0.00824521
-0.00719393
-0.00564312
-0.0186378
-0.0255425
-0.0231876
-0.0217482
0.00593914
0.00947392
0.00479244
0.00858007
0.00159601
0.00467388
0.000501407
0.00466216
0.012882
0.00456052
0.00810767
0.00507244
0.008688
-6.04952e-05
0.00417801
0.000817877
0.0033853
0.0122215
-0.00346139
0.00119413
-0.00350892
0.000496499
-0.0067387
-0.0025177
-0.00764039
-0.00354434
0.00542827
0.010031
0.00466378
0.00927485
0.00230497
0.00656804
0.0012842
0.00634333
-0.00380632
0.000887663
-0.00429907
-0.000909279
-0.00721333
-0.00283825
-0.00859753
-0.00424866
0.00533537
0.00983331
0.0034301
0.00833506
0.00171675
0.0064019
0.000778787
0.00606373
0.021472
0.00566524
0.00875614
0.00664238
0.00976926
0.000761167
0.00376211
0.00199951
0.00502335
0.0117741
0.00848905
0.0149581
-0.00414871
-0.000926164
-0.00232412
0.00121142
-0.0088111
-0.00451846
-0.00607813
-0.00223235
0.00349394
0.00825701
0.00509712
0.00929746
0.000311608
0.00561825
0.00171273
0.00636866
-0.000432399
0.00289429
0.00125722
0.00451676
-0.0051552
-0.00116057
-0.00273628
0.000662951
0.00704524
0.0196755
-0.0102038
0.000236696
0.00181778
-0.000911424
0.00462853
-0.00351833
-0.00282628
-0.00291005
0.0011084
-0.0110933
-0.00150691
0.00381008
-0.00163856
0.0038644
-0.00365051
0.00199381
-0.0034975
0.00197786
-0.0159328
-0.00799666
-0.00714356
-0.00598431
-0.00215147
-0.0108838
-0.00890326
-0.00678845
-0.0034195
-0.0162253
-0.00469757
0.00102749
-0.00463824
0.00117997
-0.00495391
0.000869772
-0.00455097
0.00126143
0.0025068
0.00579098
0.00530484
0.00735886
-0.00212852
0.00164854
0.00111993
0.0031412
0.00972994
0.00916653
0.0131595
-0.00628902
-0.000834457
-0.00210443
0.000765993
-0.00756153
-0.00183238
-0.00332588
-0.000244587
0.00469079
0.00309816
0.00856535
-0.0122454
-0.00194511
0.0034303
-0.00070048
0.00440865
-0.00362804
0.00215957
-0.00272767
0.00288081
-0.00898137
-0.00423774
-0.00619114
-0.00143347
-0.0107663
-0.00639037
-0.00826836
-0.00331768
0.000907256
0.0061094
0.00325328
0.00786194
-0.00120147
0.00431767
0.00112208
0.00630563
-0.0159252
-0.00428984
0.00152759
-0.00356856
0.00210474
-0.00405032
0.00175688
-0.00323204
0.0024858
-0.012535
-0.00721216
-0.00940549
-0.00456742
-0.0123132
-0.00699043
-0.00939676
-0.0044642
-0.00188058
0.00355726
0.000519065
0.00584188
-0.00165721
0.0038908
0.00071489
0.00603766
0.00885573
0.0634336
0.0522289
0.0512291
0.0356414
0.0312551
0.0297482
0.0238274
0.0289437
0.0239124
0.0228053
0.0155762
0.0139415
0.012416
0.00990872
0.0117858
0.0102914
0.00880678
0.00579465
0.0531686
0.0409542
0.042504
0.0236585
0.0182027
0.0177475
0.00895586
0.00723592
0.0058586
0.00218673
0.00614305
0.00490741
0.00363377
-0.000340123
0.0208811
0.0150492
0.0143422
0.00467034
0.00308057
0.00242927
-0.00231331
0.0037442
0.00208261
0.00148573
-0.0035771
0.049354
0.0467148
0.0303312
0.0389439
0.0326526
0.0301202
0.018547
0.0237088
0.00811655
0.0164314
0.0155702
0.0214342
0.00546909
0.00965118
0.00181529
0.00659219
0.00401258
0.00818737
0.000280413
0.00526173
0.0142565
0.0323641
0.0445051
0.0265455
0.0189436
0.0253539
0.0170681
0.0202251
0.0103045
0.00655508
0.00971194
0.00518049
0.0072253
0.00237155
0.00756613
0.00208784
0.0167116
0.0138195
0.0149413
0.0113695
0.0131147
0.00983564
0.011335
0.00682703
0.00969539
0.00470572
0.00785562
0.00388839
0.00660261
0.00179633
0.00398736
0.000367245
0.040521
0.0235339
0.0166075
0.0264584
0.0211166
0.0151689
0.00713598
0.00383783
0.0094783
0.00747558
0.00301722
-0.000156121
0.00687929
0.00559477
0.0198968
0.0139538
0.0347893
0.016855
0.0112414
0.0133128
0.0104666
0.0144576
0.0100385
0.0107566
0.00728285
0.00558415
-0.000140405
0.00541993
-0.00010917
0.00431964
-0.00131228
0.00355163
-0.00175354
0.0103227
0.00632665
0.00882587
0.00349655
0.0085216
0.00340701
0.00832467
0.00267354
0.0035616
-0.000932309
3.36022e-05
-0.00250443
0.000607989
-0.00335563
-0.00122221
0.000344348
0.0121333
0.00874757
0.00891986
0.00458789
0.0104929
0.00658871
0.00820451
0.00267904
0.0032434
-0.00253275
0.00150532
-0.00350466
0.00210255
-0.00350179
-0.000898429
-0.00505622
0.00762746
0.00182211
0.00895618
0.00423862
0.00829364
0.00276157
0.0104836
0.00627315
-0.00254987
-0.00258852
0.00129554
0.00232886
-0.00137093
-0.00121673
0.00361573
0.00393548
0.0323873
0.00980463
0.0157379
0.0189053
0.0123458
0.0155738
0.00572672
0.00807276
0.00274557
0.00515494
0.00194099
0.00626403
-0.00137637
0.00428712
0.0125807
0.00130574
0.00360559
0.00100918
0.00374309
-0.00220538
0.00357483
-0.00113381
0.00422591
0.00913262
0.0268134
0.0135712
0.0254844
0.000720794
0.00609564
-0.00120529
0.00459436
0.00021487
0.00560486
-0.00122109
0.00458878
0.0116299
-0.00100886
0.00469759
0.00120864
0.00594731
0.000230857
0.00531086
0.00362223
0.00794758
0.0103639
-0.000785647
0.00472707
-0.00134358
0.00436964
-0.00170435
0.00402428
-0.00101077
0.00459353
0.0104589
0.00135183
0.0115736
0.0228114
0.00470532
0.0233972
0.0360545
0.0217322
0.0162234
0.022372
0.0191293
0.0132435
0.00952954
0.0129142
0.00985501
0.00931691
0.00549737
0.00797694
0.00498545
0.00661456
0.00409244
0.00811499
0.00625421
0.0019415
-0.000805086
0.00264869
0.0014073
0.0120641
0.00938294
0.0117105
0.00903384
0.00684007
0.00428102
0.00640546
0.0043493
0.00778497
0.00678159
0.00730257
0.00653208
0.00214383
0.000960491
0.00170789
0.000696216
0.035667
0.0194862
0.013297
0.0119972
0.00806664
0.00641854
0.0117071
0.0106365
0.006539
0.00496508
0.0126483
0.00728994
0.0119691
0.0061837
0.0120228
0.00680648
0.0108933
0.00545574
0.00299559
0.000968514
0.000563167
-0.00457026
0.00260604
-0.000616492
-6.63556e-05
-0.00531829
0.0131205
0.0100915
0.0135349
0.00955141
0.00827112
0.00518916
0.00924821
0.00558265
0.00824639
0.0072442
0.00517489
0.00362595
0.00272637
0.00148578
0.00317534
0.00147204
0.0115335
0.00622315
0.0101154
0.00488037
0.0105115
0.00515793
0.0100449
0.00437398
0.0014013
-0.00202635
-0.000170062
-0.00562169
0.000288585
-0.0036114
-0.000774106
-0.00595925
0.0229114
0.0136305
0.00966837
0.0117845
0.00725654
0.0105085
0.00622761
0.00897565
0.00389121
0.0217524
0.0113173
0.00619523
0.0117707
0.00661601
0.008878
0.00377285
0.00896833
0.00409945
0.0190472
0.00855514
0.00396528
0.00651752
0.00116282
0.00736197
0.00271265
0.00543788
-8.91177e-05
0.0175113
0.00616491
0.000719696
0.00673815
0.00136668
0.00484001
-0.000848163
0.00535655
-0.000212908
0.00572058
0.00194116
0.00337836
0.000348213
0.00243451
-0.00197024
-0.000292045
-0.00422364
-0.00190404
0.00158096
-0.000917745
0.00216167
-0.00108724
-0.00171381
-0.00619541
-0.0010665
-0.00568803
-0.00349732
0.000145056
-0.00992971
-0.00396834
-0.0136872
0.0225014
0.0123297
0.00818154
0.0141059
0.00946227
0.00959486
0.00431238
0.0114969
0.00673538
0.0253547
0.015802
0.0188284
0.00789135
0.00252133
0.0102479
0.00523073
0.00689093
0.00171448
0.00753659
0.0026532
0.0204956
0.0096062
0.0043024
0.0100757
0.00555233
0.00780709
0.00228216
0.00822115
0.00310443
0.00398253
0.000342987
0.00568151
0.00103655
0.000208876
-0.00389006
0.00152168
-0.00189473
-0.0026144
0.00670363
0.00254987
0.0082025
0.00351662
0.00376621
-0.00126545
0.00414026
0.000687865
-0.00181048
-0.00633805
-0.00205058
-0.0043537
-0.00560054
-0.00881158
-0.00259759
-0.003532
-0.00267376
-0.0117123
0.000249148
-0.00401257
0.00138348
-0.00156579
-0.00317413
-0.00791973
-0.000559601
-0.00265886
-0.00885998
-0.00942994
-0.00331102
-0.00367298
-0.00965916
-0.00995406
-0.00398232
-0.0041398
0.0112632
0.00961349
0.0133001
0.0115905
0.00614063
0.0041492
0.00842643
0.00671876
0.00882018
0.00864773
0.0109546
0.0112106
0.00319564
0.00347959
0.0058255
0.00576802
0.015984
0.0136829
0.00118056
-0.000968841
0.00383543
0.0019402
-0.00339645
-0.00584249
-0.000360633
-0.00240423
-0.00202971
-0.00179724
0.000696389
0.00014109
-0.00715882
-0.00697834
-0.00407251
-0.00463826
0.00681029
0.00544153
0.00696827
0.00828965
0.000968687
0.00121591
0.0013065
0.00289787
0.00397891
0.00350984
0.00790076
0.00732712
-4.22981e-05
-0.000923853
0.00428281
0.00347216
0.00806726
0.00784078
0.0107795
0.0105218
0.00288172
0.00267656
0.00576018
0.0055393
0.0070252
0.00636725
0.0106317
0.00967534
0.0026168
0.00152017
0.00582238
0.00529601
0.013768
0.0138821
-0.00222776
-0.00242471
0.000903054
0.00134054
-0.00706663
-0.00687375
-0.0039487
-0.00263269
-0.00219562
-0.00275617
0.00119265
0.00124832
-0.00687467
-0.00700194
-0.00258617
-0.00309797
0.00380123
0.00540432
0.0075532
0.00892742
-0.00068194
0.00146597
0.00402707
0.00557551
0.00556897
0.00515106
0.0102967
0.00963156
0.00214152
0.00162948
0.00712113
0.00656152
0.0128484
0.018669
0.00261811
0.00688833
-0.000903082
0.00460376
0.00135325
0.0061608
-0.00125749
0.00443142
0.0119629
0.00756029
0.00888469
0.004528
0.00812772
0.00189475
0.00350972
0.00228429
0.00444791
0.0110314
0.000176904
0.00545995
-0.00136641
0.0044696
-0.000743555
0.00488799
-0.000752538
0.00482119
0.0111466
0.0111759
0.0102778
0.00842147
0.00742171
0.00635318
0.00545272
0.00346296
0.0199921
0.0218403
0.0200175
0.0195591
0.0120759
0.0151046
0.0105225
0.0108235
0.00713598
0.0066921
0.00632857
0.00750151
0.00240161
0.00264802
0.0118804
0.0129371
0.00704523
0.00805849
0.00900904
0.0108721
0.00394793
0.00556107
-0.00791262
-0.0120384
-0.00487292
-0.003794
-0.00435528
-0.00259044
-0.0107145
-0.00907694
-0.0100234
-0.00800165
-0.00381495
-0.00457674
-0.000176224
0.000859078
-0.00774922
-0.00610043
-0.00454692
-0.000775669
-0.0179429
-0.0199568
-0.0164013
-0.0100891
-0.00709373
-0.00654104
-0.00209411
-0.0103626
-0.00664969
-0.00710145
-0.00221686
-0.0117852
-0.0107413
-0.00362677
-0.00169287
0.00178195
0.00321555
-0.0053312
-0.00341919
0.000365686
0.00185778
-0.000373963
-0.000934467
0.00522546
0.00433673
-0.00200436
-0.00287214
0.00364251
0.00263799
-0.0172046
-0.0145577
-0.00584385
-0.00425292
-0.000116059
0.00121712
-0.00519099
-0.00425584
0.000265766
0.00135738
-0.00288695
-0.0038155
0.00294843
0.0018043
-0.00295266
-0.0038576
0.00280899
0.00165366
-0.00362979
-0.00138636
-0.00302847
-0.000281848
-0.00921366
-0.0059611
-0.00697929
-0.00477953
0.00114304
0.00530697
0.00331523
0.00655717
-0.00217091
0.00290008
-0.000808385
0.004481
-0.00198344
0.00202292
-9.0709e-05
0.00269212
-0.00539155
-0.00370125
-0.00149634
-0.00232443
0.00219356
0.00200075
0.000183074
-0.0014615
-0.00255713
-0.0003631
-0.00508976
-0.00532178
-0.0139115
-0.00937324
-0.0118734
-0.0082276
-0.0149975
-0.00965957
-0.0128151
-0.00770312
-0.00375267
0.00149358
-0.00241522
0.00324085
-0.00434647
0.000785662
-0.0022691
0.00311672
-0.00919406
-0.00844186
-0.00342587
-0.00459344
-0.00997857
-0.00646471
-0.00414633
-0.00357211
-0.00332244
0.00103915
-0.0041304
-0.000837445
-0.000943289
0.00442406
-3.29372e-05
0.00386494
0.00730671
0.0106742
0.00316945
0.00551362
-0.00169296
0.000291071
0.00253798
0.0055079
-0.0017632
0.00162062
0.00787466
0.0102741
0.00255701
0.00505728
0.00875271
0.0116154
0.00469483
0.00741369
0.00561174
0.00875014
0.0047851
0.0117195
0.0321827
0.00943558
0.00453585
0.00831197
0.00250678
0.008954
0.00327261
0.00913087
0.00366074
0.000860469
-0.00442503
-0.00301001
-0.00440116
-0.00121453
-0.00560254
-0.00154961
-0.00261237
0.00950499
0.000562834
0.000139627
0.00561685
0.00563367
0.00279911
0.00230427
0.0076971
0.00759665
0.0092864
0.00346645
0.0101292
0.0048244
0.0101844
0.00456301
0.0115759
0.00647279
-0.00233451
-0.00468186
0.000491894
-0.000418753
-0.00100754
-0.00241687
0.00294843
0.0021967
0.0124533
0.00513693
0.0347094
0.016011
0.0272487
0.0107083
0.0403237
0.0244304
-0.00205386
0.00374598
-9.43277e-05
0.00493231
-0.00174141
0.00395673
0.00105242
0.00579798
0.00955705
0.00344304
0.0127219
-0.000308224
0.00931884
0.00649189
0.00952432
0.0061898
0.0045098
0.00132725
0.00513364
0.00142915
0.00685437
0.0107722
0.00701393
0.0129135
0.00898843
0.00692711
0.00294593
0.00975657
0.00590485
0.0149485
0.0138321
0.013588
0.0118152
0.00949309
0.00837535
0.00820664
0.00642906
0.0129705
0.0124261
0.0104729
0.00930795
0.00779364
0.00776949
0.00522092
0.00437186
0.0135058
0.0110063
0.0144626
0.0114677
0.00843448
0.00571807
0.00969032
0.00650737
0.00871901
0.00677706
0.00830893
0.00530983
0.00341561
0.00181831
0.0034384
0.000602828
0.00429782
0.00333005
0.00320278
0.00100041
-0.000667807
-0.00147755
-0.00178348
-0.0043665
0.00318204
0.00340154
-2.99604e-05
-0.00031474
-0.000934003
0.000250083
-0.00323209
-0.00138534
0.00366758
0.00054358
0.00555857
0.00213786
-0.000788437
-0.00425701
0.0021452
-0.00147375
-0.00184553
-0.00262558
-0.00133075
-0.00163826
-0.000868783
0.00202856
-0.00149231
0.00293282
0.0128121
0.0160713
0.0090177
0.0050829
0.0104818
0.00642697
0.00475328
0.000961453
0.00739539
0.00323656
0.0214549
0.0132068
0.00862523
0.00140567
-0.00216467
0.00534894
0.0016104
6.21045e-05
0.00119102
0.00489917
0.00344364
0.0169715
0.00970345
0.00361236
0.00356236
0.00748454
0.00549986
0.00338955
4.54716e-05
0.00780761
0.00376001
-0.000116777
-0.00363019
0.00120067
-0.00288597
-0.00407707
-0.00425762
-0.000105812
-0.00298934
0.0116427
0.00438012
0.000166619
0.00834575
0.00478669
0.00448838
0.00137445
0.00883193
0.00616078
0.00234707
-0.00150977
-2.61497e-05
0.00248069
0.00186469
0.00322271
0.00484583
0.00669484
0.00699147
0.012679
0.00679438
-0.00570351
-0.00457962
-0.00428148
-0.000882642
-0.00155827
-0.00121091
-0.000840231
0.0033836
-0.00261981
0.000197798
0.000906183
0.00199008
0.00139562
0.00422216
0.00403688
0.00545186
-0.00328198
-0.00109146
0.0016563
-0.000574946
-4.18282e-05
0.0022818
0.00418481
0.00349009
0.00355817
0.00221559
0.00646219
0.00499687
0.0104111
0.020585
0.00666714
0.042429
0.0516355
0.0475492
0.0508607
0.04474
0.0475015
0.0280514
0.0275506
0.0232654
0.0228634
0.0192847
0.0185926
0.0129772
0.0115688
0.0111576
0.00974765
0.00854789
0.00626299
0.00654701
0.00407698
0.0122406
0.03169
0.0217491
0.0217748
0.0248064
0.0250632
0.010864
0.00935509
0.0120466
0.0112837
0.00582776
0.00354303
0.00706644
0.00653708
0.0107843
0.0146841
0.0163427
0.0268611
0.0622536
0.00653055
0.00589212
0.00919859
0.00880114
0.00172619
0.00105706
0.00449691
0.00457954
0.00507951
0.00682319
0.00837262
0.00826451
0.000174603
0.00138795
0.00433414
0.00335758
0.0126962
0.0125495
-0.00350097
-0.00338279
9.09814e-05
-7.95489e-05
-0.00792024
-0.00813261
-0.00314013
-0.00436979
-0.00388118
-0.0044282
-0.000152291
-0.00109173
-0.00827721
-0.00918644
-0.00461904
-0.00484335
0.00464293
0.00377909
0.00958123
0.00788504
0.00150263
-8.06841e-07
0.00605986
0.00413485
0.00358193
0.00331873
0.00714577
0.00767676
-0.000947199
-0.00054553
0.00328166
0.00367073
0.00717476
0.00842213
0.00863441
0.00974009
0.00139294
0.00283916
0.00346709
0.00518381
0.0100369
0.0113953
0.0142268
-0.00424924
-0.00259898
-0.00108293
8.36209e-05
-0.00886568
-0.00726837
-0.00552912
-0.00437338
-0.000381228
0.00209934
0.0019536
0.00426403
-0.0052921
-0.00244218
-0.00208691
0.00043698
0.00263084
0.00343727
0.00710825
0.00774375
-0.000884358
-0.000145878
0.0035985
0.00479324
0.00542926
0.0208053
0.0190435
-0.0111447
-0.01282
-0.0019063
-0.00343047
0.00324532
0.00154455
-0.00402315
-0.0055791
0.00130896
-0.000150201
-0.00474907
-0.00426948
0.000577123
0.000657534
-0.00680467
-0.00734496
-0.00128716
-0.00190907
-0.0165751
-0.0192352
-0.0053585
-0.00669441
0.000293434
-0.00102333
-0.00561754
-0.00715889
-6.96074e-06
-0.00145126
-0.00780161
-0.00859181
-0.00205304
-0.00277499
-0.00805918
-0.00879263
-0.00227934
-0.00296127
-0.0136688
-0.00964866
-0.00629423
-0.0055888
-0.00275569
-0.012594
-0.00920008
-0.0080527
-0.0047195
-0.00454353
-0.00304601
0.00053989
0.00174211
-0.00716197
-0.00581671
-0.00178318
-0.000690247
-0.00104505
0.00165198
0.00360494
0.00612068
-0.00357659
-0.000399355
0.0015585
0.00426077
-0.019954
-0.0141639
-0.0104399
-0.00942996
-0.00609212
-0.0144924
-0.0103982
-0.00976428
-0.0062938
-0.00852444
-0.00699153
-0.00277207
-0.0015915
-0.00885243
-0.00710873
-0.00301289
-0.00154237
-0.00447739
-0.00140572
0.000735735
0.00345969
-0.00471565
-0.00162165
0.000474894
0.00325639
0.00848085
0.00578513
0.0131891
0.0184672
0.0185742
0.0239506
0.00420552
0.0073212
0.00742199
0.00990161
-9.6602e-05
0.00368666
0.00361311
0.00667273
0.0105582
0.0105114
0.0167035
0.0258331
0.0251866
0.036894
-0.00324065
0.00108579
0.000564875
0.00440002
-0.00520798
-0.000486393
-0.00129339
0.00268361
0.00587383
0.00471221
0.0120709
-0.00595257
-0.00125423
-0.00223928
0.00220933
-0.00595868
-0.00124667
-0.00213845
0.00220877
0.00351191
0.00213183
0.0103873
0.0151759
0.013692
0.027925
0.0113866
0.010417
0.00754102
0.00592269
0.00745513
0.0074687
0.00326204
0.00226542
0.0115197
0.00431532
0.00179682
0.00209412
-0.0012421
-0.000101912
-0.00165147
-0.00253633
0.000806275
0.00434916
0.00389926
0.00521803
-0.000754173
0.000839172
0.00190925
0.00517547
-9.54308e-05
0.00321278
0.00900406
-0.000304025
0.00583204
0.019436
0.00127202
-0.000111135
0.00270406
0.00344199
-0.00141476
0.00267735
-0.000150592
0.00469881
0.00533404
-0.00725197
0.0114821
0.00240064
0.0105925
0.00656542
0.0139056
0.0163456
0.00365369
0.0218862
0.00942821
0.0255459
0.0407012
0.0438122
0.0255172
0.0199281
0.0195399
0.0112511
0.00792032
0.00942333
0.00511453
0.0117619
0.00741454
0.00973939
0.0044006
0.026986
0.0198267
0.0209679
0.0105124
0.00680222
0.00828321
0.00253748
0.0111542
0.00693203
0.00884819
0.0032845
0.039866
0.0188247
0.0100172
0.0184025
0.0113041
0.00888681
0.00638025
0.0035556
0.012861
0.0105797
0.00842611
0.00567545
0.0204811
0.00911265
0.00393769
0.0113968
0.00638613
0.00934383
0.00399321
0.0114193
0.00634048
0.0213613
0.0142922
0.0481366
0.02821
0.0443944
0.0215559
0.0166827
0.0156274
0.00533201
0.00454723
0.000519982
-0.00128178
0.00510227
0.00480484
-0.000424289
-0.00102381
0.00413223
0.00495091
-0.00160997
-0.000791293
0.00445362
0.0044996
-0.0012822
-0.00133788
0.0168891
0.0168314
0.00524919
0.00506009
-0.000570784
-0.000779859
0.00533819
0.00520734
-0.000496208
-0.00063352
0.00515423
0.00525187
-0.000684329
-0.000555867
0.00532694
0.00535062
-0.00051009
-0.000490653
0.0170557
0.0167595
0.00561357
0.00471792
-0.000127563
-0.000813541
0.00481909
0.0048906
-0.000583523
-0.000919522
0.00553356
0.00882532
0.00100037
0.00298514
0.00641328
0.00897251
0.00224205
0.00314009
0.0167351
0.0180124
0.00511347
0.00536623
-0.000724026
-0.000151506
0.00533834
0.00521477
-0.000498597
-0.000575139
0.00768486
0.00928575
0.00316387
0.00346409
0.00652196
0.00873464
0.00228048
0.00391069
0.00300585
-0.000164948
0.00674387
0.00431841
0.000514896
-0.00279957
0.00416593
0.00150592
-0.00358061
0.00717508
0.00561231
0.00172454
0.000241382
0.00863692
0.00549673
0.00376672
0.0023563
0.00110903
-0.00454013
-0.00186248
-0.00614194
-0.000307212
-0.00610491
-0.000831969
-0.00651205
-0.0013228
-0.00557501
0.00198125
-0.000577602
-0.00135624
-0.00612331
0.00174986
-0.00109391
-0.00652289
-0.00639514
-0.0029541
-0.0068616
-0.00634712
-0.00633193
-0.00224715
-0.00279752
0.00703783
0.00479972
0.00610621
0.00459971
0.00639144
0.00436469
0.0087436
0.00737564
0.000298895
-0.00478418
0.000734774
-0.0045532
0.00277565
-0.000750089
0.00355109
-0.000821636
-0.00587712
-0.00331036
-0.0101893
-0.014941
-0.00656152
-0.00429896
-0.00869651
-0.00799357
-0.00485984
-0.00517223
-0.00321568
-0.00287468
-0.0026056
-0.00235763
-0.00837508
-0.00818106
-0.00227919
-0.00191118
-0.00535608
-0.00697982
-0.00813967
-0.00649847
-0.0090263
-0.00695676
-0.00232836
-0.000986986
-0.00329766
-0.00174532
-0.00536558
-0.00772256
-0.0054982
-0.00788902
-0.000229408
-0.00387987
0.000303766
-0.00386166
0.0172594
0.0170799
0.00598511
0.00532416
0.000658583
-0.000517033
0.00796988
0.00684778
0.00495965
0.00254638
0.00539675
0.00556293
-0.000444843
-0.00020264
0.00693366
0.00758063
0.00244896
0.00366405
0.0205269
0.0199098
0.0116526
0.0105455
0.0172576
0.0170588
0.00568155
0.00543876
0.000642441
-0.000391092
0.00830629
0.00601612
0.00500832
0.000959797
0.00540338
0.00572889
-0.000423627
0.000607546
0.00567069
0.00559149
-0.000167835
-0.000246534
0.0200964
0.0178474
0.0109515
0.00657872
0.00106768
-0.00261005
0.00361374
0.000888046
0.0051998
0.00225761
0.00707063
0.0049452
-0.00286625
-0.00134887
0.000726123
0.00171143
0.00235326
0.0041449
0.00463274
0.00608686
0.00767362
0.00566332
0.0098064
0.00766945
0.0144892
0.0128362
0.000512956
-0.00319076
0.00198755
-9.81993e-05
0.00487922
7.68396e-05
0.00669576
0.00301181
-0.00499055
-0.00394376
-0.00289544
-0.0042682
-0.00312465
-0.00521537
-0.000312269
-0.00186905
0.00345687
0.00190582
-0.000330425
0.00420299
-0.00062417
0.00410817
0.00328428
0.00744266
0.0026356
0.00805266
0.00110162
0.0129385
0.00725989
0.0289823
0.0101485
0.00645153
0.00712962
0.00213382
0.0117389
0.00760675
0.00835578
0.00381665
0.00239066
-0.00144953
-0.00159638
-0.00535037
0.00414783
0.000922331
-0.000398155
-0.00352325
0.00352539
-0.000679792
0.00108669
-0.00419997
0.00518535
0.000578262
0.00270149
-0.00280888
-0.00534392
0.013216
0.00611939
0.00333044
0.00201656
-0.00112503
0.00877962
0.00627431
0.00478322
0.00208
0.00644271
0.00255456
0.00430453
-0.000339664
0.00946619
0.00574996
0.00745474
0.00312504
-0.00141713
-0.00524271
-0.00428054
-0.00788682
0.00203941
-0.000985218
-0.00043932
-0.00353
0.021146
0.00964788
0.00391259
0.00911245
0.00329078
0.0107664
0.00552261
0.0102457
0.00491798
0.0208785
0.00944679
0.00379182
0.0106332
0.00526277
0.0106667
0.00527513
0.011968
0.00687582
0.0235124
0.0130839
0.0234348
0.0130361
-0.00121302
-0.00612412
-0.00251709
-0.00813474
0.000603583
-0.00417479
-0.000303762
-0.00527301
-0.0112715
-0.00186213
-0.00736522
0.000162726
-0.00500326
0.000187217
-0.00458696
0.00190041
-0.00286955
-0.0123226
0.00356833
-0.00117324
0.00288875
-0.00155734
0.00695044
0.00218406
0.00669943
0.00267066
-0.00599357
-0.00977474
-0.0055136
-0.0097575
-0.00194033
-0.00490451
-0.00158207
-0.00512301
0.00336235
-0.000834379
0.00496363
0.000614663
0.00716412
0.00315267
0.00576657
0.00415722
-0.00487002
-0.0082073
-0.00354788
-0.00657855
-0.000351437
-0.00343715
0.00072892
-0.00112851
0.03497
0.0185105
0.0119082
0.0129761
0.00618949
0.00359533
0.00422395
0.00127661
0.0107663
0.00836793
0.00903528
0.00609023
0.0260333
0.0206237
0.0214106
0.0155729
0.0289583
0.0103913
0.00302459
0.000243131
0.00281242
0.000602683
0.00803142
0.00524565
0.00776675
0.00615971
0.0111754
0.00747623
0.00641706
0.00504573
0.0135922
0.0117029
0.00859517
0.00715273
0.00409817
0.00166175
0.00444373
0.0038446
0.00895012
0.00709656
0.00652213
0.007132
0.018957
0.0132
0.0163859
0.0138971
-0.00366298
-0.0068441
-0.0130803
-0.0168586
0.00117729
-0.000439874
-0.00354796
-0.00525214
0.00410162
0.00282186
0.000286226
-0.00132088
-0.00165694
-0.00533941
-0.00620251
-0.007977
0.00198542
-0.00124285
-0.00138028
-0.00340959
-0.0075623
-0.00926515
-0.0106798
-0.0123256
-0.00329953
-0.00486787
-0.00583817
-0.00677011
-0.00945317
-0.010389
-0.0127023
-0.0112684
-0.00487987
-0.00512625
-0.00721376
-0.00573228
-0.0142366
-0.0179735
-0.0216414
-0.0208469
-0.00946776
-0.00807699
-0.0105013
-0.00907903
-0.00444085
-0.00276086
-0.00475317
-0.00393133
-0.0066093
-0.00845009
-0.00812959
-0.0100179
-0.00097785
-0.00447835
-0.00251289
-0.00571933
-0.0111558
-0.0100696
-0.0113467
-0.0106144
-0.00553212
-0.00467688
-0.00571266
-0.0049054
-0.00954403
-0.0212007
-0.0247493
-0.0204295
-0.0210013
-0.0126524
-0.0136797
-0.0120134
-0.0126812
-0.011928
-0.00819132
-0.00652865
-0.00687681
-0.00629401
-0.0104217
-0.011342
-0.00785407
-0.00810338
-0.00513959
-0.00582901
-0.00284439
-0.00327719
-0.0105349
-0.0107737
-0.00796792
-0.0083109
-0.00525401
-0.00526142
-0.00295611
-0.00364415
-0.0231316
-0.0229235
-0.0202202
-0.0210012
-0.0115012
-0.0113542
-0.0110808
-0.0125362
-0.00572345
-0.00574522
-0.00529815
-0.0072567
-0.0117073
-0.00982421
-0.0100683
-0.00728223
-0.0075382
-0.00431049
-0.00506405
-0.00212418
-0.0023489
-0.0113602
-0.0125614
-0.00823811
-0.0095047
-0.00603364
-0.00738999
-0.003434
-0.00487264
0.0081868
0.00625939
0.00165898
4.73722e-05
-0.000964313
-0.00110532
0.00679536
0.0054846
0.00466855
0.00413737
1.89368e-05
0.00063403
-0.00154414
-0.000551377
0.00547307
0.00572817
0.00394924
0.00468002
0.0167794
0.0155706
0.0120734
0.0109687
0.00131635
0.00352888
-0.00117266
0.00198185
-0.00290695
0.00638484
0.00171295
0.00473914
-0.00015291
7.84543e-05
0.00104839
-0.000140066
0.000343561
0.00570157
0.00678492
0.00520316
0.00553667
6.63718e-05
-0.00467145
-0.00148273
-0.00658476
0.00261422
-0.00219947
0.00105905
-0.00415554
0.0128432
0.00931595
0.00475046
0.00754439
0.00298201
0.0124332
0.00911045
0.0109111
0.00760595
0.0113787
0.0049014
0.00121623
0.00361866
-0.000734387
0.00864565
0.00572938
0.00717072
0.00427852
-0.0021161
-0.00177024
-0.00122282
-0.00225856
0.00355751
0.00395713
0.00391192
0.00350318
-0.00248137
-0.00135723
-0.00111411
-0.000615579
0.00322859
0.00387496
0.00450039
0.00483572
0.000660301
-0.000177942
0.00224218
0.00151455
0.00609365
0.00558757
0.00738815
0.00693408
-7.74575e-05
0.000327311
0.00233129
0.00170372
0.0052645
0.00561825
0.00756928
0.00719981
0.00925591
0.00897042
0.0112766
0.0107542
-0.000179738
-0.000111896
0.000210243
-0.00160684
0.00527981
0.00501492
0.00554365
0.00418057
-0.00171543
-0.00638894
-0.00171985
-0.00324046
0.00144647
-0.00340786
0.00351595
-0.00045596
0.00115895
-5.92744e-05
0.00277631
0.00256308
0.00678985
0.00504258
0.00804445
0.0074484
-0.000479052
-0.0016696
0.00148692
0.000249575
0.00470577
0.00401716
0.00655363
0.00546098
0.0108204
0.00425093
0.000237558
0.00648115
0.00278734
0.00794878
0.00502722
0.010152
0.00701349
0.0121195
0.00952801
0.0552477
0.0275482
0.0478729
0.0267262
0.0206743
0.018392
0.00899473
0.00911779
0.00315497
0.00327778
0.00913329
0.00922542
0.00329783
0.00338706
0.00844154
0.00574269
0.00333919
0.000676704
0.00942224
0.00764385
0.0035871
0.00353735
0.0210893
0.0196075
0.00942548
0.00959703
0.00359845
0.00377321
0.00836396
0.00760388
0.00401792
0.00366571
0.00970841
0.00926581
0.00388072
0.00415836
0.00669028
0.00592297
0.00272982
0.00145155
0.0167325
0.0172434
0.00506615
0.00543351
-0.000733248
-0.000285638
0.00576816
0.00544828
0.00068891
-0.000389991
0.00581784
0.00562306
0.000740136
-0.000161416
0.00560861
0.0061863
-0.00020179
0.000946791
0.0181643
0.017514
0.00769249
0.00566942
0.00376839
-6.17796e-05
0.00557846
0.00542561
-0.000213186
-0.000407623
0.00584792
0.00718749
1.48835e-05
0.00226622
0.00578328
0.00794446
0.00019
0.00330998
-0.0026848
-0.00644719
-0.00486055
-0.00579532
-0.010666
-0.0111815
-0.00601219
-0.00408565
-0.0115593
-0.00863372
-0.0155032
-0.0164967
-0.00164459
-0.00570303
-0.0022273
-0.00985534
-0.00578168
-0.00474254
-0.000494175
-0.00512403
-0.00191002
-0.0132941
-0.0107059
-0.00793601
-0.013049
-0.010404
-0.00632029
-0.00313075
-0.0092121
-0.00604389
0.0172902
0.0171473
0.00565487
0.005575
0.000131473
-0.000263829
0.00555
0.00576983
-0.000262963
0.000159294
0.0055094
0.00538061
-0.000290679
-0.000449412
0.00601122
0.00673495
0.000831175
0.00213926
0.0179435
0.0188885
0.00698003
0.00892823
0.0171441
0.0178547
0.00553826
0.00572683
-0.000264635
0.000133821
0.00720439
0.00793397
0.00317212
0.00428615
0.00672626
0.0201389
0.0218562
0.0110367
0.0133342
-0.00314917
-0.0041334
-0.00512716
-0.00492421
-0.00329731
-0.00130087
-0.000947732
0.000448523
-0.0051892
-0.0036122
-0.00435983
-0.00406799
0.00040028
0.00205935
0.000322993
-6.23151e-05
-0.00449776
-0.00710263
-0.00549103
-0.00911823
-0.000355105
-0.00263105
-0.00194488
-0.00399728
-0.00784882
-0.00815061
-0.0110592
-0.0114074
-0.0035966
-0.00411804
-0.0052705
-0.00575792
0.00216595
0.00599834
0.00432793
0.00280707
0.0030355
0.000756332
0.0099468
0.00822631
0.00775854
0.00536044
0.00114555
0.000739464
3.78982e-05
-0.000160113
0.00643283
0.00568149
0.0051371
0.00484683
-0.00269965
-0.0020452
-0.003861
-0.00177568
0.00310359
0.003765
-0.000420795
0.00212842
-0.000553282
0.00263231
0.000116677
0.00275193
0.00488261
0.00737287
0.00507594
0.00732378
-0.00797022
-0.0048744
-0.0102555
-0.00725728
-0.00351015
-0.000918749
-0.00466073
-0.00228003
-0.0027594
0.000703758
-0.00545745
-0.00155027
0.00168965
0.00428936
-9.33551e-05
0.00256163
0.00772967
0.0105406
0.00166431
0.00321836
0.00064629
0.00239768
0.00716179
0.00847103
0.00530258
0.00768535
0.00676285
0.0177928
0.0207027
0.00645863
0.00800952
0.000952067
0.00253773
0.00808183
0.00950192
0.00284264
0.00430267
0.00997186
0.0200961
0.023656
0.0100841
0.0134272
0.0252487
-0.00449281
-0.00278763
-0.00985133
-0.00801883
-0.00201648
-0.000645119
-0.00557979
-0.00491474
-0.000520025
0.00193177
-0.00557726
-0.00303751
0.00123525
0.00356501
-0.00329527
-0.000631847
-0.0129923
-0.0119579
-0.0145273
-0.0116762
-0.00812257
-0.00613593
-0.0100664
-0.006601
-0.0106012
-0.00735627
-0.0101029
-0.0104112
-0.00693206
-0.00408104
-0.00490149
-0.00578044
0.00129614
0.00309768
-0.0014699
0.000266366
0.00414733
0.00795007
0.00150727
0.00570187
0.00407166
0.00655172
3.53409e-05
0.00272758
0.00809661
0.0100174
0.00518189
0.00687795
-0.00420665
-0.000619602
-0.00675457
-0.00240251
-0.000740064
0.00315215
-0.00314268
0.00078731
-0.00128511
9.03678e-05
0.000159699
-0.000448321
0.00442325
0.00516873
0.00529208
0.00514843
0.00503482
0.00872267
0.000575968
0.00441152
0.00664182
0.0101411
0.00271692
0.0065559
0.0125412
-0.00343296
0.00135582
-0.00573666
-0.000359001
-0.000481462
0.00358942
-0.00238
0.00227004
0.00674863
0.00934344
0.0165948
0.00338265
0.0113425
0.0217185
0.0325422
0.00693995
0.0166176
-0.0212858
-0.0265442
-0.0241023
-0.0319268
-0.0254193
-0.0209906
-0.0152493
-0.0120228
-0.0149293
-0.0118941
-0.0102121
-0.00754035
-0.0101813
-0.00686833
-0.0232167
-0.0159475
-0.0270844
-0.0281152
-0.0232334
-0.0245279
-0.0173654
-0.0187867
-0.0126748
-0.012921
-0.0109735
-0.0120986
-0.00711627
-0.00721657
-0.00537688
-0.00631815
-0.0130023
-0.0131084
-0.0127012
-0.0115284
-0.00737378
-0.00783258
-0.00702762
-0.0060205
-0.0288655
-0.0252541
-0.0230714
-0.0210728
-0.01969
-0.0165773
-0.0126098
-0.0128972
-0.0101426
-0.00993872
-0.00790806
-0.0091757
-0.00475082
-0.00476336
-0.0117504
-0.00934858
-0.00915976
-0.00761728
-0.00811623
-0.00530265
-0.00433747
-0.00237131
-0.00589919
-0.0108338
-0.0077985
-0.0115257
-0.00283224
-0.00587892
-0.00486502
-0.00604442
-0.012468
-0.00944473
-0.0148742
0.00150031
-0.00056533
-7.4341e-05
-0.000865007
0.00679879
0.00496182
0.00547451
0.00418508
-0.00190645
-0.00205112
-0.00226624
-0.00193275
0.00390928
0.00365758
0.00287298
0.00353122
-0.00119796
-0.00255137
-0.00285948
-0.00322262
0.00422952
0.00304369
0.00282458
0.00252375
-0.00385383
-0.00271682
-0.0027641
-0.00278705
0.00167925
0.00212199
0.00295902
0.00300165
-0.0107947
-0.00821058
-0.0124383
-0.00972234
-0.00627491
-0.00350248
-0.00693861
-0.0047332
-0.00536007
-0.00223169
-0.00629069
-0.00215317
-0.000629785
0.00272811
-0.00180445
0.00135522
-0.0128633
-0.0103969
-0.0121088
-0.00984316
-0.00751701
-0.00561004
-0.00686444
-0.00458943
-0.00786762
-0.00357399
-0.0080636
-0.00452211
-0.00319959
0.00015379
-0.00267215
-0.000213075
-0.00112611
0.00154416
-0.00128359
0.000516771
0.00434975
0.00632542
0.00437508
0.00583592
0.00402752
-0.00185924
-9.96801e-05
-0.00147527
0.00068434
0.00384157
0.00539359
0.00397921
0.00597992
0.00176076
-0.0102648
-0.0123666
-0.00545851
-0.00721598
-0.00717157
-0.00790732
-0.00336629
-0.00481332
-0.0134554
-0.0131973
-0.00782142
-0.00783954
-0.00829881
-0.00765017
-0.00563874
-0.00538431
-0.00143258
-0.00226272
0.00018695
-0.000537681
0.00176138
0.000137306
0.00547131
0.00524279
-0.00238849
-0.0027465
-0.00121778
-0.000626429
-0.000598502
-0.000382149
0.00459354
0.00492305
-0.00179036
-0.00217859
0.000173702
-0.0010146
0.00348995
0.00340272
0.00509155
0.00426252
-0.00259911
-0.00216786
-0.00109037
-0.000654718
0.00309978
0.0034407
0.00415238
0.00493549
0.0043489
0.00261463
-0.0115263
-0.00843434
-0.00753825
-0.00662465
-0.00663491
-0.00411746
-0.00371511
-0.00225071
-0.00601374
-0.00431639
-0.00490545
-0.00337703
-0.000853366
0.000621253
0.000805978
0.00170876
-0.00367759
-0.00504515
0.000278947
-0.000941837
0.000539949
0.000498235
0.0040407
0.0031521
-0.00367075
-0.00100119
-0.000277412
0.00180704
0.00174758
0.00330761
0.0039477
0.00608672
-0.00145578
0.000390007
0.000993649
0.00226192
0.00384983
0.00571052
0.00602242
0.00731218
0.00393563
0.00389191
0.00742441
-0.0147992
-0.010638
-0.015012
-0.00975193
-0.0115337
-0.00659045
-0.0121487
-0.00706432
-0.00743456
-0.00665916
-0.00468704
-0.00141684
-0.00280948
-0.00297385
-0.00200791
0.00115572
-0.015305
-0.00432502
0.00128094
-0.00418028
0.00162029
-0.00233018
0.00313269
-0.00244301
0.0030092
-0.00869974
-0.00390759
-0.00879511
-0.00436679
-0.00416734
-0.000681134
-0.00416534
-0.000559195
0.00127864
-0.00931569
-0.00449284
-0.00922452
-0.00485954
-0.00493097
-0.00118914
-0.00546362
-0.000984458
0.000383324
-0.00602943
-0.000812144
-0.00237386
0.000837786
-0.00214896
0.00176889
0.00109255
0.00380663
0.00484505
0.00318582
0.00883115
0.00291925
0.00983983
0.00930196
0.0137615
-0.0147948
-0.00925383
-0.0136845
-0.00827561
-0.012294
-0.00713432
-0.0112733
-0.00634382
-0.00351273
0.00222837
-0.00261186
0.00308129
-0.00196719
0.00340403
-0.00117385
0.00416516
-0.011434
-0.0060842
-0.0089307
-0.00389855
-0.00929273
-0.00451332
-0.00700465
-0.00272381
-0.000825045
-0.00916602
-0.00439857
-0.00818487
-0.00370297
-0.00576595
-0.00105627
-0.00446607
-0.000506012
0.000571242
-0.00597014
-0.00169502
-0.00365401
0.000488492
-0.00210147
0.00159543
0.000398046
0.00394963
0.00295955
0.00800025
0.000646774
0.0132148
-0.000537102
0.0164913
0.0228342
0.0327352
0.0123055
0.0199614
0.0180355
0.00734937
0.00308779
0.00503402
-0.000353322
0.00853686
0.00484652
0.00588313
0.000682057
0.0156297
0.00403153
-0.0017533
0.0048076
-0.000871628
0.00453767
-0.0010726
0.00522734
-0.000274208
0.0191527
0.00876523
0.00430658
0.00646904
0.000930503
0.00810525
0.0036998
0.00597822
0.000379226
0.0173839
0.00604536
0.000217174
0.00653253
0.000884913
0.00557216
-0.000204045
0.0068794
0.00134705
-0.000246491
-0.00508323
-0.00476227
-0.00823721
0.0011412
-0.00304185
-0.00327482
-0.00694187
-0.0103709
-0.00753814
-0.0162279
0.00132041
-0.00494022
-0.00680147
-0.00920632
-0.00973585
-0.0026889
-0.00166209
-0.00830433
-0.00646956
-0.00561492
-0.0140933
-0.0129924
-0.015204
-0.0114034
-0.0137739
-0.00984184
-0.0121228
-0.00772892
0.017505
0.00637335
0.00142795
0.0071815
0.00149458
0.00705868
0.00207639
0.00802732
0.00251915
0.0187275
0.00706622
0.00123662
0.0077705
0.00282569
0.00745044
0.00180012
0.00867939
0.00408108
0.018939
0.00819316
0.00301399
0.00886263
0.0030938
0.00864786
0.00283588
0.00939147
0.00369325
0.0200693
0.0090069
0.00375064
0.0107206
0.00628413
0.0109447
0.005682
0.0131011
0.0087153
-0.00383646
-0.0151483
-0.00459297
-0.0083288
-0.000849373
-0.00276192
-0.00356945
-0.00720542
0.000265026
-0.00197501
-0.00983794
-0.0102352
-0.00405061
-0.00439303
-0.00899354
-0.00949325
-0.00342424
-0.0038565
-0.0028174
-0.00857675
-0.00268926
-0.00841241
-0.00288428
-0.00857523
-0.0016772
-0.00586407
-0.0137627
-0.00900431
-0.0117957
-0.00872707
-0.0110427
-0.00592542
-0.0084008
-0.00574538
-0.00112924
-0.00490542
0.00234545
-0.000271554
0.00127993
-0.00200369
0.00490556
0.0023999
-0.00701285
-0.0075458
-0.00161165
-0.00222211
-0.00392505
-0.00402884
0.000922883
0.000468912
0.0190083
0.00891785
0.0044969
0.00643814
0.00148018
0.0111315
0.00701599
0.00912354
0.00461386
0.0173732
0.00622404
0.000740813
0.00751921
0.00235899
0.00870403
0.00398272
0.00978097
0.00529166
0.0233048
0.014386
0.0216156
0.012238
0.00123144
-0.000477162
-0.00296079
-0.00501422
0.00436838
0.0028467
0.00116904
9.84392e-05
-0.00117465
-2.6608e-05
-0.00614527
-0.00480785
0.00144474
0.00194854
-0.00283233
-0.00250174
-0.00409367
-0.00665887
-0.00237411
-0.0073178
0.000519546
-0.00137537
0.000651053
-0.00335875
-0.00891556
-0.00695228
-0.00887284
-0.00476126
-0.0041927
-0.00363907
-0.00394954
-0.00122516
0.00853697
0.00487038
0.00570571
0.00133083
0.0200847
-0.00100527
-0.00538996
0.0011749
-0.00220261
0.00205673
-0.00132437
0.00460389
0.00168836
-0.00720623
-0.00316012
-0.00417773
-0.00231768
-0.00223875
0.000439325
0.000630393
0.00214398
0.00417159
-0.000179352
0.000424482
0.00411522
0.00414961
0.00404289
0.00481645
0.00804209
0.00836758
0.00605835
0.00275221
0.0115251
0.0085378
-0.0172281
-0.0137339
-0.0125403
-0.0105541
-0.00819553
-0.00941567
-0.00863802
-0.00648145
-0.00428423
-0.0181749
-0.00819139
-0.00386106
-0.00651922
-0.00139613
-0.00511775
-0.000579491
-0.00460027
0.000671357
-0.00608509
-0.00504659
-0.00683657
-0.00510542
-0.000445952
-3.63986e-05
-0.00294633
-0.000771074
-0.00478765
-0.00455555
-0.00194941
-0.000469951
8.35274e-07
-7.92244e-05
0.00279863
0.00369145
-0.0102773
-0.00685482
-0.0086589
-0.00556445
-0.00574489
-0.00281848
-0.00402298
-0.00151643
-0.00244376
0.00265755
-0.00170347
0.00303783
0.00121075
0.00568702
0.00220296
0.00635145
-0.0130957
-0.0126204
-0.00837989
-0.00776351
-0.00901829
-0.00865385
-0.00500687
-0.00494014
-0.0117269
-0.0129343
-0.00642141
-0.00775217
-0.00887584
-0.00990109
-0.00413665
-0.00562728
-0.00334613
-0.00278127
0.00200064
0.00251032
-0.000555745
-0.000312411
0.00448421
0.00480107
-0.00130271
-0.00250009
0.0036675
0.00260934
0.00125981
-0.00051926
0.00636067
0.00463778
-0.00448124
-0.00404869
-0.000985576
-0.000646767
0.000389542
0.000563855
0.0034899
0.00407966
-0.00475959
-0.00582488
-0.000677924
-0.00247735
-0.000123442
-0.00200507
0.00349056
0.00154959
0.0028739
0.00370056
-0.0131428
-0.0082478
-0.0114107
-0.00581534
-0.0101059
-0.00624311
-0.00897132
-0.00461893
-0.00340807
0.00125289
-0.000738087
0.00429983
-0.00187043
0.00278909
0.000853909
0.00601601
-0.0100205
-0.00513115
-0.00418796
-0.00309284
-0.00917812
-0.00363393
-0.00363754
-0.00246626
0.000590937
-0.00558526
-0.00294242
-0.00436386
-0.000924753
-0.00142864
0.00100775
-0.000670367
0.00323548
0.000602601
-0.00551823
-0.00112961
-0.00200931
-0.000486983
-0.00122158
0.00224984
0.0010453
0.00310522
0.00370943
0.00621463
0.00303582
0.00478761
-0.000362147
0.00372277
0.00476796
0.00910419
0.00166061
0.00655046
0.0047327
-0.00193753
0.00527738
0.00758774
0.015162
0.00443254
0.0139284
0.00509273
0.00189524
0.0156436
0.0208341
0.00164456
0.0300082
0.0163441
0.0383074
0.0266304
-0.0146325
-0.0186726
-0.00465014
-0.00646277
0.00061959
-0.000949408
-0.00253566
-0.00459581
0.00229991
0.0004727
-0.00768148
-0.00817753
-0.0019788
-0.00243158
-0.00588641
-0.00615099
-0.00082171
-0.00103865
-0.00800605
-0.00931598
-0.00440392
-0.00610847
-0.0032046
-0.00434298
5.00586e-05
-0.00159931
-0.0100727
-0.0102923
-0.00695581
-0.00677039
-0.00496037
-0.00515065
-0.00221563
-0.00259145
6.49462e-05
-0.00175171
0.00469201
0.00308328
0.00339505
0.00196256
0.00766394
0.00621458
-0.00268548
-0.00276174
0.00193078
0.00189452
0.00120317
0.00139075
0.00543027
0.00547989
-0.0188916
-0.0139205
-0.0102111
-0.00941769
-0.00583326
-0.0111426
-0.00828796
-0.00747676
-0.00425829
-0.00815344
-0.00659774
-0.00248918
-0.00125186
-0.00608759
-0.00507684
-0.0010043
0.0001793
-0.00418347
-0.00142793
0.000978912
0.00356236
-0.0024822
-5.7686e-05
0.0022776
0.00445757
-0.00903892
-0.00756123
-0.00625838
-0.00516543
-0.00370233
-0.00226079
-0.00147684
0.000138203
-0.0064846
-0.00434716
-0.00388277
-0.00110981
-0.00143764
0.000111077
0.000911168
0.00304556
-0.0026907
-0.00175585
0.00201446
0.00272529
0.00181923
0.00257679
0.00545893
0.006263
0.000353218
0.00611715
0.00318576
0.00174303
0.0016372
0.0156049
0.0137038
-0.00570084
-0.000912076
-0.00197973
0.00240358
-0.00428707
0.000186999
-0.00101251
0.00325555
0.00402684
0.0023516
0.0106058
-0.00138501
0.00286606
0.00178005
0.00564925
0.00230151
0.00616346
0.00531996
0.00854443
0.00707787
0.00569661
0.0130639
0.0143016
0.0114461
0.0270922
0.0064547
0.0220968
0.0194826
0.0328997
0.0221145
0.0320969
0.0205009
0.0248234
0.0477511
0.0507798
