0.045310841
0.042598661
0.041294103
0.045617723
0.047989992
0.043110382
0.047126777
0.039926260
0.046246969
0.042017757
0.037451538
0.036480442
0.036197269
0.046133228
0.043446062
0.046057355
0.042506939
0.042364161
0.039880984
0.046661577
0.043172972
0.043283993
0.037981182
0.042505016
0.045216442
0.044592182
0.042749775
0.040990130
0.040593023
0.043716406
0.043434367
0.044672764
0.042848349
0.040993064
0.043148837
0.043464369
0.044613139
0.044693753
0.044759458
0.042373365
0.045701710
0.042751818
0.046306653
0.043473083
0.043498340
0.041001777
0.044125208
0.044295302
0.044380645
0.044447418
0.044544486
0.044566453
0.044689180
0.043768741
0.046763618
0.039389992
0.043152815
0.043236304
0.043290048
0.044293616
0.044392187
0.044437961
0.044756318
0.044875284
0.044951225
0.043188415
0.044218185
0.044378366
0.044447375
0.044482238
0.044697485
0.044852050
0.045101419
0.043794042
0.046550988
0.045069973
0.047229684
0.043123705
0.043273783
0.043387476
0.043482115
0.043593524
0.044228852
0.044264186
0.044460193
0.044690914
0.045172924
0.045072447
0.045342414
0.044927016
0.045296370
0.043283269
0.043574714
0.048065760
0.044043112
0.044146580
0.044292504
0.044395282
0.045351812
0.045240184
0.045513866
0.046369589
0.043456623
0.042097990
0.038398024
0.044255418
0.044700103
0.044680877
0.044949930
0.045345211
0.043249083
0.043777755
0.045001794
0.045186570
0.045347628
0.043137753
0.043375108
0.047019599
0.043320563
0.043797616
0.045430305
0.045587252
0.047363699
0.045769516
0.043447532
0.043640921
0.043789559
0.039399228
0.045234155
0.045558744
0.045712466
0.045589018
0.044490450
0.045669311
0.040814047
0.043547537
0.043749378
0.045206635
0.045359325
0.045553477
0.045791060
0.047728113
0.045956689
0.043655123
0.043859492
0.043941839
0.044053293
0.045528778
0.045664518
0.045774840
0.045883402
0.045790780
0.046084228
0.045465183
0.045999939
0.039982113
0.043204228
0.045968555
0.046262638
0.047964526
0.039907433
0.043970375
0.044051440
0.045138039
0.045576910
0.045663897
0.038707091
0.046566319
0.047313935
0.046152609
0.043495437
0.043029627
0.043754456
0.043957931
0.044102462
0.045326351
0.045265609
0.045803305
0.046278718
0.039371254
0.043153252
0.041237877
0.047841653
0.046200843
0.046225517
0.042085551
0.042820739
0.043454901
0.038963851
0.043934281
0.044058295
0.045250042
0.045643042
0.045860825
0.046418491
0.046374674
0.045470856
0.046060482
0.046579805
0.047626477
0.046185212
0.033148707
0.038209991
0.043869432
0.044162611
0.044238989
0.044363881
0.045498997
0.045445956
0.046305009
0.044394015
0.041797515
0.041187843
0.041662150
0.043842283
0.044152790
0.044458257
0.046358056
0.045677274
0.045618816
0.045790613
0.046284073
0.046730669
0.034142157
0.046914790
0.039761476
0.039635446
0.044310892
0.041061667
0.040264233
0.042519467
0.043660946
0.043683798
0.044005757
0.047454703
0.045922580
0.046070392
0.046457214
0.046026079
0.035628208
0.042710468
0.043413631
0.043835443
0.044094653
0.046558531
0.047135406
0.045841878
0.048228911
0.041986440
0.043510590
0.044225242
0.044483937
0.044403315
0.045832074
0.046133032
0.046400906
0.046372067
0.046614996
0.043550658
0.041712963
0.043209264
0.044164183
0.045633539
0.046723438
0.044671575
0.045225407
0.046250963
0.046808390
0.041932834
0.042716224
0.040338147
0.043543190
0.043880474
0.043956681
0.044312189
0.044324103
0.045961548
0.046810524
0.047555783
0.041930248
0.042208333
0.043391075
0.043700955
0.043780566
0.043976987
0.044267126
0.044534216
0.040378509
0.046205563
0.046365758
0.046712972
0.045039514
0.046664240
0.043439638
0.042452110
0.038428872
0.044180609
0.043758209
0.043880916
0.044033271
0.044097609
0.044360722
0.044462250
0.044516840
0.044701992
0.046048307
0.046534743
0.046623024
0.045465834
0.041942863
0.043617821
0.047913046
0.047706999
0.046752610
0.043614479
0.046573777
0.044135467
0.046102405
0.046232212
0.046577985
0.046728771
0.046991542
0.045250805
0.047014485
0.042350581
0.038772644
0.039121928
0.037294154
0.043288936
0.043532903
0.044072863
0.044236537
0.044598014
0.046341831
0.047144429
0.048316152
0.044009103
0.042744867
0.043154795
0.043869093
0.044650795
0.044658129
0.044642822
0.046048144
0.047286098
0.047527695
0.041277218
0.041155191
0.047704551
0.036720350
0.042318949
0.043360507
0.043567143
0.043638915
0.044328872
0.044535479
0.047067729
0.042232937
0.047546093
0.046811138
0.045892394
0.039129031
0.043268417
0.043666123
0.044185761
0.044224423
0.044228897
0.044294367
0.044578981
0.044856572
0.046415820
0.046466686
0.046733784
0.047490296
0.043830412
0.044100499
0.044656974
0.046635136
0.046260710
0.044360210
0.043442298
0.045108702
0.043850892
0.043927034
0.043992066
0.044141876
0.044833232
0.044986730
0.046391327
0.046954484
0.043174421
0.047960408
0.039134752
0.042986501
0.043125238
0.043219039
0.043555276
0.044425880
0.045091228
0.045296401
0.046461075
0.047323734
0.047452360
0.043838159
0.043352475
0.048130619
0.047922671
0.043902867
0.044747269
0.045029826
0.045701578
0.046643664
0.046885615
0.047301343
0.047555845
0.042562401
0.043474085
0.043791350
0.045330301
0.046724127
0.047402215
0.047689241
0.047917559
0.046525000
0.042791857
0.044940500
0.043616918
0.044209729
0.044286528
0.044549487
0.045030783
0.045245576
0.042168483
0.047025926
0.047221356
0.047471319
0.047648555
0.043569214
0.044629802
0.042471475
0.043506742
0.043119791
0.043934691
0.044278230
0.044728514
0.044860507
0.045651975
0.043107160
0.047355794
0.047710520
0.044089493
0.037799590
0.042982125
0.047387059
0.043300678
0.044484973
0.044848801
0.045249255
0.045446954
0.046338674
0.039132822
0.047319276
0.047723014
0.047881733
0.042145418
0.041456768
0.044162277
0.044155409
0.046413874
0.044349286
0.047045695
0.047427484
0.044169104
0.045591071
0.042591513
0.043286096
0.043517386
0.044431326
0.045244672
0.045805925
0.046054372
0.047218218
0.047963034
0.047468873
0.047536053
0.043101262
0.043837283
0.043968069
0.044001093
0.044369845
0.044645421
0.045110877
0.046004588
0.047012573
0.044121425
0.048245304
0.039321971
0.041938940
0.041798364
0.042460409
0.043673679
0.044537844
0.045704645
0.046241085
0.046402080
0.046947029
0.047104902
0.041339046
0.044451856
0.044999181
0.045539510
0.045943029
0.046689439
0.047366699
0.047666683
0.047984260
0.048097431
0.043670027
0.043457136
0.047573759
0.047839543
0.042696286
0.043198243
0.043870112
0.044541318
0.045260545
0.046575331
0.047201254
0.047469475
0.047538148
0.048061219
0.043563267
0.042855339
0.043759832
0.043828185
0.044145159
0.044370485
0.047093347
0.047804702
0.048049685
0.043957921
0.038762115
0.044911543
0.045889824
0.046911175
0.045557687
0.047806405
0.036762545
0.046106817
0.042516403
0.040383525
0.042545481
0.043215815
0.043342241
0.044663533
0.039936291
0.042752915
0.048381717
0.043202736
0.044427695
0.044758190
0.043493679
0.043248951
0.044308143
0.044663416
0.038983124
0.043275678
0.044227822
0.044503018
0.044789955
0.047760815
0.043255751
0.043350343
0.043411461
0.044333105
0.044403963
0.044470668
0.044920061
0.044887524
0.044940340
0.040287461
0.043399030
0.047133882
0.042561843
0.042422962
0.044942275
0.044997110
0.045003702
0.044969907
0.044799764
0.039814663
0.040570882
0.048273995
0.043986066
0.043338901
0.048027524
0.042542106
0.044983425
0.044852815
0.044999301
0.045129914
0.045264104
0.045170962
0.042979355
0.043135922
0.043355090
0.039593778
0.043274392
0.042832206
0.048274104
0.045161601
0.042963446
0.048289694
0.042234879
0.042394144
0.043502258
0.043188779
0.045191165
0.045064580
0.045106765
0.042372033
0.042772741
0.042784177
0.042346605
0.045505698
0.045177665
0.045237159
0.045442416
0.043756385
0.048050357
0.042219342
0.043574944
0.042373177
0.047725236
0.045519475
0.045464683
0.045322345
0.045221200
0.045783002
0.045593839
0.045719993
0.043026467
0.047628814
0.048148212
0.042488594
0.045827195
0.042888960
0.045469314
0.045337596
0.045663087
0.045678838
0.045814889
0.043040998
0.048322407
0.042345258
0.042612663
0.042241033
0.045681647
0.045355938
0.048419735
0.043694360
0.041505529
0.042262295
0.045741710
0.045817807
0.045784596
0.045570063
0.045687006
0.046914230
0.046030568
0.046596100
0.043484266
0.043482055
0.042236525
0.043567884
0.043223035
0.043293431
0.043738823
0.045705003
0.045777191
0.045793092
0.045870206
0.046073158
0.047944643
0.043784978
0.042329315
0.043215551
0.046009319
0.046099283
0.042269085
0.043585581
0.046004440
0.046027659
0.046063139
0.043574410
0.042797544
0.034303253
0.045953370
0.045906092
0.046168884
0.046245444
0.046064213
0.046237257
0.046380867
0.045959188
0.043609199
0.046408357
0.046092463
0.046116622
0.046331244
0.043374402
0.046572595
0.046317667
0.043405994
0.043440751
0.042677418
0.046352124
0.046594270
0.042818315
0.042256096
0.043487644
0.046153927
0.046075912
0.043502049
0.040310618
0.043381710
0.042605649
0.043563359
0.043948373
0.046307688
0.046473276
0.046456244
0.046263274
0.048195805
0.043113908
0.043983269
0.043463607
0.046241890
0.042311349
0.043698235
0.042653822
0.042706193
0.043590111
0.047840514
0.043335291
0.046489978
0.046529649
0.046662947
0.046848475
0.046326010
0.046394478
0.048149593
0.043788740
0.043207818
0.042822734
0.042690458
0.043041431
0.043343765
0.046671282
0.046576800
0.046577492
0.046691048
0.043570674
0.043683152
0.046766157
0.046579459
0.046838040
0.046643843
0.041529376
0.047820926
0.047120866
0.042635168
0.048206274
0.046727401
0.046872130
0.043628168
0.043623779
0.048038494
0.042695927
0.043757081
0.046930660
0.046977601
0.046915594
0.046960838
0.047076805
0.046883367
0.046933167
0.046747266
0.033265167
0.042426622
0.042218610
0.043344429
0.043307145
0.047088465
0.047113917
0.043491214
0.042438016
0.042160674
0.042083447
0.042140518
0.048029312
0.043699606
0.046788667
0.047030422
0.047268244
0.047289241
0.046713715
0.039605949
0.043184247
0.047454910
0.048193566
0.042222215
0.043856743
0.043830384
0.047303466
0.047212048
0.047137521
0.046980459
0.043718311
0.038732299
0.042445242
0.043467662
0.043845074
0.046071106
0.043362426
0.043271755
0.046962934
0.047327823
0.042447360
0.043671390
0.043142269
0.042334705
0.043154214
0.047165121
0.047478944
0.042227559
0.048144443
0.043822808
0.042322609
0.043668399
0.042775016
0.043076773
0.048237088
0.043273550
0.047031633
0.047184865
0.047366642
0.047377544
0.047433130
0.047216801
0.048003878
0.048359538
0.042912087
0.043706356
0.043365198
0.042656833
0.042631411
0.048385493
0.047147661
0.048191309
0.047498913
0.047445263
0.047349252
0.043602009
0.047946124
0.043726272
0.043298412
0.042763590
0.042810311
0.047812654
0.047478169
0.048161957
0.043977220
0.042699013
0.042751235
0.042373186
0.048168504
0.043708147
0.043579572
0.043469037
0.043132303
0.047623097
0.047843567
0.047684211
0.043412347
0.048104043
0.043663770
0.042421167
0.043435022
0.043589458
0.043071893
0.042237418
0.043517830
0.043722578
0.045514371
0.043443523
0.043345415
0.047402780
0.047443119
0.047412584
0.043505353
0.047761986
0.047763089
0.043452186
0.043486319
0.044013829
0.043414010
0.046803549
0.043796040
0.042208767
0.047649076
0.048318462
0.042601337
0.043515580
0.042649029
0.048407460
0.041414366
0.043181983
0.042622306
0.043386842
0.043872186
0.043655900
0.043637812
0.047541202
0.043318105
0.047974320
0.043755317
0.043289420
0.043553996
0.043569960
0.043582609
0.043399103
0.048024356
0.048171262
0.047941252
0.036946771
0.042803257
0.042593992
0.044535393
0.043950175
0.043615962
0.043089316
0.043043394
0.042497450
0.043855190
0.043640175
0.042824257
0.042632884
0.042375296
0.041294815
0.042660949
0.039805974
0.040810643
0.044290819
0.043062087
0.043007144
0.042788090
0.042506892
0.044446957
0.044742656
0.044593137
0.038248386
0.042497725
0.044061276
0.043120399
0.042661507
0.042579155
0.039116481
0.043331745
0.039391376
0.033792591
0.042516964
0.044676956
0.044155327
0.043216609
0.042928963
0.042999239
0.045326806
0.044115538
0.045256833
0.045184884
0.044551777
0.044571775
0.044206034
0.044176739
0.043194386
0.042929760
0.035242020
0.041068760
0.043501038
0.044999419
0.044751478
0.043428084
0.042862469
0.037436974
0.043088930
0.044782673
0.042143615
0.042013149
0.037401529
0.045475339
0.044507329
0.041308273
0.043067364
0.044960011
0.043317567
0.043035337
0.042553271
0.041776775
0.034024432
0.042848799
0.041330682
0.039124674
0.048029090
0.045259457
0.043598329
0.043183840
0.042939232
0.037737010
0.039054387
0.045344300
0.046551543
0.037780130
0.039548076
0.036532597
0.045856529
0.045688767
0.044603856
0.043524829
0.043241995
0.041287273
0.042558578
0.045701517
0.038037608
0.039441461
0.047328130
0.045864119
0.044977620
0.040739590
0.043952791
0.043884117
0.043472680
0.043822296
0.045267687
0.038915776
0.044149232
0.034570572
0.038655467
0.035660149
0.045637622
0.044361217
0.044133211
0.043800319
0.043482451
0.043065698
0.038003856
0.042320113
0.042702359
0.046485591
0.046026136
0.040031853
0.044633314
0.044008513
0.043665192
0.043262142
0.042200150
0.042509553
0.046457489
0.046266013
0.043532400
0.039262580
0.038597043
0.035291642
0.046238139
0.042287727
0.046073204
0.046229295
0.040116345
0.044207441
0.043768604
0.036184413
0.032809285
0.034868630
0.038072079
0.045764286
0.044423364
0.044427185
0.044029917
0.043620522
0.043410846
0.039223125
0.036837874
0.042516540
0.042804840
0.036763415
0.046479347
0.045999126
0.044864259
0.042110170
0.038435868
0.043235475
0.041343596
0.042860191
0.041073577
0.044860273
0.044274610
0.043623808
0.035995910
0.042540458
0.040636402
0.043806983
0.042452531
0.038971733
0.042771325
0.042749287
0.043332392
0.038290921
0.039416162
0.040161661
0.040497040
0.044093956
0.044047334
0.040669417
0.041723137
0.045958178
0.038800923
0.040906375
0.045283251
0.039078690
0.036222201
0.047029270
0.042435113
0.039376664
0.039757424
0.034940420
0.039614083
0.046029395
0.045163783
0.044302733
0.039895758
0.040953710
0.043320354
0.042360836
0.042327368
0.043058890
0.042791642
0.045634534
0.045215126
0.044788318
0.044527367
0.040247867
0.046697700
0.043060417
0.045735345
0.038425677
0.042025906
0.046250926
0.039507866
0.040478330
0.041096185
0.038710139
0.041857583
0.035053619
0.046743180
0.044661718
0.044382067
0.039422333
0.039519691
0.040987772
0.043120180
0.039424166
0.044115818
0.042538284
0.041720862
0.041935293
0.046127569
0.045630560
0.044925534
0.039016714
0.047224529
0.046438737
0.045991896
0.045583441
0.045118655
0.044836933
0.040477648
0.038646206
0.038787182
0.041662621
0.041564861
0.038799747
0.046615661
0.046435248
0.046012292
0.045250924
0.039781158
0.039537659
0.036268794
0.036072458
0.036856414
0.033490366
0.042668294
0.033223672
0.033654825
0.041888670
0.033988389
0.033387634
0.032951685
0.044008778
0.044972168
0.033916062
0.032813852
0.033175232
0.042455857
0.044625485
0.041734536
0.041755533
0.042288336
0.043328982
0.039330482
0.039376125
0.041953429
0.034735349
0.044865501
0.037790457
0.041232660
0.042400309
0.041610373
0.043977272
0.046572058
0.042533322
0.046648804
0.034644715
0.042985188
0.041821600
0.047860641
0.040768407
0.042497238
0.033927204
0.033687425
0.033222030
0.039712455
0.043086246
0.042323266
0.041046173
0.047735022
0.042453702
0.035378224
0.043173055
0.041177017
0.039954017
0.042723431
0.034048351
0.041624303
0.047285342
0.034367050
0.042530100
0.041085901
0.038623922
0.042330425
0.037749888
0.039760020
0.043222277
0.042451739
0.038973776
0.035655225
0.039603188
0.039544474
0.039063767
0.039806015
0.040955331
0.042555670
0.035424979
0.033813699
0.046484470
0.032807617
0.039770428
0.043400618
0.043006268
0.044970765
0.047164201
0.043186126
0.042733486
0.043050298
0.034892424
0.039592451
0.039426918
0.039977072
0.040645211
0.044404611
0.039035687
0.043448070
0.047212838
0.044249099
0.042495569
0.034324436
0.046306328
0.046272489
0.039758206
0.042032073
0.046469117
0.046898744
0.038026025
0.040357113
0.040183271
0.041372748
0.038824750
0.043700493
0.041427428
0.043127538
0.041400220
0.041661249
0.039453080
0.044458351
0.039223894
0.042275329
0.041116294
0.035708891
0.041913713
0.038476431
0.038685859
0.046574753
0.046132292
0.046160443
0.044794253
0.046695728
0.039654984
0.040064975
0.040761792
0.039481988
0.042944866
0.043687196
0.043074347
0.047180703
0.034933642
0.043531843
0.043345939
0.041987334
0.047404110
0.047083471
0.046657237
0.046415811
0.037687497
0.041591877
0.041644448
0.043201737
0.042751308
0.042591445
0.042382031
0.036390531
0.035017455
0.045168718
0.040287033
0.046600759
0.047381024
0.043148843
0.039121675
0.039825401
0.039295423
0.038881263
0.036530301
0.035651408
0.041016778
0.046905977
0.046446773
0.046043668
0.042771996
0.039548477
0.048004927
0.039437585
0.042102410
0.048196901
0.042349944
0.042815106
0.037168452
0.047943601
0.042630969
0.047785989
0.046660584
0.046234635
0.043817794
0.039364369
0.039556071
0.042083231
0.039461314
0.046767421
0.042681784
0.042232860
0.046849239
0.046691433
0.046346865
0.047039098
0.046344549
0.039787758
0.040399466
0.041866300
0.039866757
0.042468218
0.036219270
0.042423007
0.045985507
0.046295073
0.046787557
0.041361113
0.043266633
0.047110702
0.046729936
0.032881641
0.032855132
0.039360604
0.041174962
0.048237876
0.042165188
0.035863684
0.043001055
0.046681959
0.046326908
0.046391543
0.038877658
0.041847835
0.046058424
0.038882080
0.042992870
0.047896525
0.047454873
0.047300015
0.047244381
0.036811121
0.040754501
0.046009351
0.043819013
0.042184381
0.037222643
0.046691515
0.046571639
0.044500682
0.046993598
0.045453759
0.040616418
0.039963464
0.041658338
0.042488412
0.042111656
0.046358447
0.046427805
0.042770317
0.047179805
0.047979515
0.047641989
0.047388705
0.046706331
0.046063929
0.039462223
0.041840656
0.042067610
0.042410675
0.042457909
0.042605377
0.042878563
0.043411948
0.041779139
0.042004186
0.042369203
0.042448018
0.042504535
0.042696015
0.043044270
0.043153223
0.041038828
0.043419164
0.043594488
0.043800655
0.043937846
0.043990664
0.044020599
0.039892148
0.041658923
0.042210038
0.042304330
0.042346803
0.042428192
0.042488676
0.042574762
0.042761651
0.042963421
0.043614798
0.041237951
0.040197480
0.045705959
0.041644217
0.041695403
0.041744970
0.042313751
0.041599238
0.043677855
0.043839594
0.044210855
0.041966061
0.042653687
0.041616333
0.041997665
0.042222566
0.042361900
0.043059187
0.043857887
0.044088433
0.042568157
0.041704528
0.043022830
0.036569260
0.043511766
0.040886265
0.041674362
0.041743435
0.041897162
0.042075441
0.045638731
0.042982851
0.042194044
0.043773544
0.044116908
0.045792259
0.046101691
0.041782082
0.036992586
0.042163293
0.043013273
0.043101629
0.043584493
0.043886351
0.044100042
0.041542209
0.041842771
0.041972158
0.042129140
0.046017302
0.043737041
0.037529908
0.041432477
0.042372166
0.041944644
0.042829959
0.035399360
0.042380608
0.041421192
0.041457562
0.037796983
0.039982053
0.041796303
0.041210220
0.045833097
0.041895971
0.042317370
0.045958444
0.042923123
0.043149353
0.040996258
0.043696145
0.043716783
0.043891462
0.044118010
0.042411656
0.045353122
0.045616673
0.042842576
0.037175092
0.042044477
0.042243462
0.043773298
0.043927137
0.041644991
0.044919304
0.042240168
0.042099249
0.040952776
0.043009229
0.043810619
0.043961224
0.041185598
0.045167699
0.041410362
0.042420583
0.038421870
0.043271438
0.042097947
0.043878454
0.045314672
0.040663188
0.042508757
0.043163263
0.044092222
0.044346640
0.044491402
0.042186729
0.042384657
0.042474407
0.042562862
0.041727438
0.040285610
0.044952485
0.042668763
0.042448496
0.042525844
0.042614519
0.042739879
0.043177944
0.044688682
0.041450442
0.042565433
0.036510257
0.041614456
0.034105150
0.040987574
0.041763209
0.042532441
0.042631810
0.042887833
0.043029922
0.043518024
0.042990548
0.044270591
0.044565977
0.044949946
0.043088522
0.042628179
0.042747373
0.032933473
0.042092015
0.041359892
0.046173973
0.034600892
0.041661982
0.043046323
0.042101954
0.042387168
0.043360017
0.039228987
0.042578719
0.046122533
0.041322392
0.044641883
0.039380653
0.043585621
0.045585430
0.045793108
0.039135400
0.046197347
0.045863769
0.043203597
0.042198833
0.045564041
0.044756606
0.041325936
0.041165364
0.039557593
0.040150678
0.036090342
0.042227714
0.045868610
0.044295557
0.044928387
0.042804630
0.033325896
0.045556161
0.042638712
0.040406878
0.043649977
0.042776911
0.041088658
0.042265640
0.044770239
0.038170355
0.043928145
0.042889188
0.042583782
0.045029824
0.039537956
0.046040494
0.040863761
0.040055031
0.045272102
0.039471928
0.039720039
0.042916301
0.045797575
0.041934565
0.040889591
0.042809192
0.040835663
0.040846437
0.041760140
0.045360915
0.041030359
0.036717966
0.045179268
0.045257903
0.044908691
0.042899643
0.041786942
0.044885100
0.045667685
0.041367737
0.041402523
0.040259116
0.042396290
0.034145196
0.041371758
0.032898062
0.041356805
0.041395047
0.041558540
0.038589845
0.042372289
0.042385726
0.042422239
0.042487682
0.034753165
0.033920780
0.033034454
0.032875319
0.041273540
0.041473014
0.041533053
0.042451005
0.036036886
0.038699793
0.039732086
0.041295675
0.041399040
0.041471635
0.041597093
0.041529322
0.041566743
0.037171100
0.042350802
0.042636884
0.041088269
0.041588783
0.039712050
0.038247091
0.042394615
0.042555038
0.039584244
0.035120339
0.041339054
0.039728239
0.042452472
0.042596215
0.042482791
0.042632694
0.042817108
0.034763452
0.036507432
0.039320111
0.041366848
0.041346864
0.041559818
0.041580197
0.041569109
0.041679122
0.041699722
0.041817343
0.042447939
0.042721537
0.042794426
0.042847188
0.040806929
0.041520259
0.040776392
0.044758914
0.041641893
0.041754358
0.038184624
0.042455363
0.042505935
0.042507496
0.042697973
0.042983263
0.033616571
0.041396463
0.035714196
0.040095878
0.039374158
0.042645530
0.042780138
0.042915319
0.042993537
0.035208403
0.041485629
0.041567045
0.041664753
0.041738993
0.042620060
0.042746475
0.038552508
0.041013344
0.035316288
0.039499708
0.042460822
0.041600404
0.041635972
0.041716021
0.041764749
0.046400107
0.041578870
0.038687092
0.038661299
0.041388727
0.041514010
0.041552489
0.041637740
0.035628485
0.042845553
0.041714587
0.041841647
0.041806361
0.041956696
0.042591606
0.042731898
0.035907469
0.033350549
0.033084578
0.041585178
0.041501000
0.041644003
0.041969371
0.042152466
0.039028150
0.041439830
0.041509678
0.041760839
0.041646256
0.041758166
0.041996879
0.039189034
0.034248401
0.036334842
0.041981441
0.041832283
0.041419643
0.041493988
0.039437796
0.034419907
0.040850754
0.035296336
0.033532812
0.040845197
0.041944600
0.041404859
0.041520470
0.041665552
0.040510517
0.043568694
0.034041024
0.033651859
0.033576785
0.042120095
0.041389935
0.041741253
0.041278284
0.043040302
0.041197050
0.040644480
0.039942502
0.039964924
0.039347184
0.034011864
0.037346474
0.041207382
0.042397695
0.034372232
0.041283755
0.041426789
0.041718518
0.039638075
0.041115400
0.041084461
0.041373873
0.042502052
0.041722153
0.041604449
0.041061680
0.039995442
0.036381822
0.041407056
0.034021186
0.040796645
0.041299571
0.041542470
0.041610446
0.045242386
0.041033838
0.040954560
0.040984812
0.040668467
0.041394767
0.033590406
0.041393549
0.038635920
0.041185156
0.041257444
0.041548077
0.045229758
0.040292363
0.040007177
0.038681050
0.034098202
0.034478477
0.042062776
0.041339280
0.040728568
0.040757172
0.040762733
0.038592254
0.038375590
0.033890352
0.034113989
0.041925617
0.040646608
0.041195076
0.041175287
0.041448803
0.041071148
0.042324326
0.040536677
0.040528750
0.040779234
0.041212665
0.042925054
0.038820355
0.036819057
0.040514439
0.040638020
0.037452211
0.040973868
0.036173115
0.033921514
0.038877578
0.041436716
0.046025760
0.040395769
0.040302837
0.040400917
0.040791592
0.040918051
0.041165287
0.041391162
0.038867879
0.038893747
0.035030022
0.039828044
0.035156077
0.036685696
0.035527193
0.041310973
0.040648491
0.039219858
0.038676203
0.039152613
0.044199855
0.040634803
0.041051444
0.044087278
0.038135779
0.039952912
0.043307460
0.040962549
0.041064780
0.041044178
0.041041656
0.041147566
0.041303255
0.044537430
0.040419624
0.040808067
0.043765959
0.038265682
0.034687951
0.036032988
0.040904504
0.041174119
0.039952572
0.040065938
0.040142974
0.040641376
0.040757802
0.041330850
0.040763723
0.038604028
0.038680130
0.037171959
0.035827103
0.034617832
0.040869028
0.041279190
0.033611313
0.039955689
0.040281382
0.040497628
0.038912782
0.038702849
0.037774469
0.043938467
0.041152087
0.039813166
0.039863084
0.039872604
0.040332679
0.040438147
0.040604473
0.040935291
0.041139280
0.041405007
0.041513901
0.039717896
0.040880161
0.046550248
0.037275281
0.040834851
0.036219226
0.040866719
0.041014402
0.039772587
0.040097195
0.040879917
0.041184198
0.040724058
0.041214228
0.039884684
0.034698632
0.037517859
0.044451556
0.040459949
0.040769307
0.039673384
0.041071037
0.038582933
0.038812125
0.035008879
0.040788837
0.040923547
0.041075616
0.046330113
0.039704603
0.039616086
0.039917754
0.039961583
0.040107410
0.040238892
0.040622912
0.039296704
0.039160694
0.036941138
0.039473129
0.038649641
0.040903867
0.041649755
0.039694539
0.039752038
0.039085368
0.037314940
0.035567381
0.033804073
0.035573472
0.037921156
0.041079917
0.040083862
0.039827410
0.039939378
0.040069504
0.040187723
0.037279725
0.034781353
0.039223380
0.034597756
0.039378251
0.040898608
0.041076499
0.039595936
0.039680859
0.039589980
0.039871325
0.039920877
0.040457855
0.038701301
0.040274860
0.038977844
0.040703640
0.038720995
0.038014992
0.038515646
0.036968288
0.037577332
0.036529997
0.039067849
0.038665066
0.039489907
0.041562154
0.042175330
0.045781556
0.043628168
0.045298280
0.042640164
0.044961292
0.042099286
0.042383879
0.044241959
0.044070932
0.043124831
0.045756598
0.041650448
0.042239911
0.040793893
0.043114703
0.044520421
0.045547685
0.041654892
0.042693942
0.045019415
0.041470228
0.042224436
0.045489129
0.041078986
0.044149773
0.043626831
0.040653388
0.040520213
0.033833311
0.040245692
0.041460774
0.042303315
0.041326636
0.043211562
0.042815582
0.046242801
0.045888808
0.040416414
0.040562025
0.044948577
0.040738051
0.042526161
0.041457030
0.041303588
0.040682734
0.042339730
0.042005860
0.040097364
0.040400772
0.044330087
0.041721751
0.042181713
0.042296959
0.040429275
0.040718502
0.044947102
0.040202844
0.044889405
0.044143944
0.045666295
0.041268855
0.039998817
0.043000891
0.046002169
0.043608715
0.043424655
0.043463487
0.044526255
0.041082633
0.043384098
0.042858780
0.041564769
0.039792478
0.040266829
0.044897658
0.042576340
0.039726443
0.043804887
0.041486714
0.042123158
0.045487355
0.042238794
0.041527091
0.041966160
0.044791935
0.043469870
0.043071481
0.043424244
0.044540981
0.043944950
0.044341588
0.044634060
0.041756278
0.043690745
0.045517783
0.041272887
0.041344163
0.043520153
0.041280351
0.040168738
0.043028135
0.043283662
0.041610508
0.046162988
0.040655913
0.041288810
0.043824303
0.042704218
0.041896618
0.042576393
0.041578838
0.041299200
0.044475660
0.043277056
0.033020168
0.042944437
0.043288470
0.041761593
0.040177666
0.042244298
0.041450953
0.041526694
0.045639197
0.040367559
0.041396368
0.043805491
0.041259012
0.044469166
0.042729930
0.039975493
0.045899546
0.042482649
0.043218144
0.042054953
0.043909552
0.045072171
0.045257846
0.043939757
0.040108355
0.044155769
0.041633642
0.041320100
0.044746539
0.043690296
0.040992984
0.045695151
0.042636512
0.041560883
0.043662036
0.042180659
0.045058543
0.043606236
0.042207686
0.043394797
0.041325023
0.041934636
0.040932245
0.041750582
0.041570381
0.044499793
0.039829549
0.042823925
0.041600173
0.043695918
0.041074167
0.041724164
0.044154540
0.040665434
0.045719892
0.041374176
0.041807767
0.042804593
0.042398491
0.042792160
0.043322436
0.043884581
0.041878240
0.040382086
0.040571040
0.043989028
0.041946023
0.040999733
0.041827856
0.041282474
0.042495902
0.041690569
0.042709024
0.045379688
0.041345441
0.044140196
0.043812783
0.045327097
0.041906276
0.044622793
0.043615725
0.044314662
0.045155153
0.045035249
0.045698660
0.041285992
0.044805263
0.041489952
0.041506908
0.042119835
0.045996778
0.033030786
0.041285809
0.040819120
0.042176640
0.045537085
0.046057301
0.041953823
0.044606291
0.045144202
0.044234788
0.041529181
0.041702750
0.041302884
0.041566048
0.041050976
0.041421941
0.044583285
0.043853424
0.044585338
0.044771295
0.043696612
0.043874955
0.044879597
0.043388514
0.045889888
0.042602021
0.040123521
0.041240812
0.040591857
0.041361027
0.041303759
0.042232942
0.045243829
0.042118182
0.040703071
0.042287763
0.044339181
0.044942157
0.045279427
0.045620517
0.042811126
0.045429416
0.033422564
0.044860744
0.045418203
0.043053333
0.040902780
0.043204986
0.046039721
0.045120476
0.044061501
0.046422195
0.041240119
0.041427683
0.042158013
0.042989729
0.043028910
0.043606757
0.044070681
0.044947653
0.042191038
0.042134122
0.042004298
0.041950222
0.041866877
0.041712741
0.040566758
0.041480714
0.042104175
0.042007207
0.041933610
0.041768961
0.041688607
0.041461969
0.041766073
0.040007331
0.041540325
0.042363421
0.041992997
0.038956498
0.039650403
0.039395101
0.041363619
0.041476629
0.041523520
0.041479154
0.041543089
0.043133226
0.042232309
0.042100301
0.041886166
0.041522080
0.038810602
0.039674647
0.041504440
0.041497786
0.041565323
0.043435738
0.043158387
0.042239968
0.041762986
0.041345202
0.041946453
0.040002169
0.041617907
0.041522733
0.042307182
0.042128449
0.041971526
0.041851413
0.041551095
0.039886473
0.043854495
0.041436030
0.041554567
0.043409892
0.043192096
0.039587958
0.042386630
0.042154507
0.042054078
0.041968921
0.041598185
0.041504152
0.041508234
0.041630480
0.043293776
0.043733229
0.042535930
0.042310146
0.042041444
0.041789201
0.041675400
0.041749221
0.041649959
0.041457368
0.041508824
0.039475418
0.041568202
0.041529550
0.041472603
0.043909913
0.043778197
0.043611860
0.043555044
0.043465366
0.043363178
0.039856529
0.042749574
0.042277945
0.042177796
0.041949605
0.041858688
0.041647298
0.041570630
0.041550258
0.041344348
0.033429468
0.043173749
0.042532735
0.041631442
0.041552298
0.041339684
0.043922021
0.042931389
0.042744645
0.042623048
0.042431559
0.042294820
0.042212665
0.042075399
0.041931862
0.041750074
0.041534442
0.041576117
0.039689226
0.042598796
0.042436911
0.041997527
0.041813369
0.041650449
0.041560996
0.042387009
0.043915689
0.043634032
0.043582700
0.042787840
0.042539350
0.042465919
0.042156971
0.041639509
0.041535803
0.041531814
0.041072332
0.041728655
0.041781803
0.041674632
0.041607184
0.042002837
0.044063634
0.043809534
0.038948266
0.042890809
0.042690992
0.041866917
0.041618673
0.034628475
0.041876166
0.044140145
0.043769930
0.043129665
0.042676606
0.042595969
0.042245924
0.042228239
0.042118801
0.042016688
0.041757780
0.041884325
0.041763305
0.041559175
0.041590212
0.039118664
0.044085556
0.043887673
0.039622659
0.042799612
0.042446030
0.042167673
0.042053421
0.041535023
0.041541716
0.041913694
0.039361577
0.044426072
0.044135960
0.042606586
0.041566415
0.041445550
0.041873999
0.041592566
0.041542832
0.039512986
0.042674627
0.041947474
0.041835671
0.041742141
0.041396116
0.040748241
0.041167558
0.041865980
0.041758526
0.041524836
0.044873860
0.044484789
0.044300993
0.044304572
0.038986561
0.038922886
0.042948656
0.042477216
0.042258228
0.042046279
0.041310193
0.041773349
0.041453704
0.038793445
0.042528318
0.041930853
0.041741504
0.041577726
0.041442219
0.041446669
0.041816878
0.041851518
0.041438873
0.041035881
0.041778820
0.041475827
0.040166476
0.039465198
0.039097885
0.040116131
0.043000208
0.042633672
0.042016055
0.041796598
0.041368644
0.041223144
0.041188211
0.041684111
0.041289546
0.041341718
0.041356282
0.041412975
0.038769875
0.039951807
0.040143689
0.038655443
0.039873037
0.038825531
0.042546584
0.042423045
0.042252978
0.041380064
0.041181176
0.033481329
0.041687168
0.041516845
0.041290657
0.041305176
0.041230031
0.041305002
0.041293594
0.041196394
0.041254353
0.042592310
0.043259567
0.042865567
0.042693732
0.041964182
0.041779865
0.041261334
0.041249713
0.042072190
0.041206223
0.042136328
0.040896766
0.041270740
0.039686958
0.040456840
0.039908524
0.041226828
0.043082200
0.043016906
0.042859195
0.042658720
0.042308932
0.042143545
0.041751551
0.041630021
0.041062399
0.041628235
0.041543229
0.041478239
0.041234170
0.041163211
0.041187975
0.041042200
0.040967899
0.041117544
0.040705457
0.042329557
0.039697774
0.039635258
0.043288526
0.042260302
0.039177216
0.041548763
0.041354056
0.041104492
0.041133898
0.043430258
0.041110430
0.043103984
0.039258137
0.038711412
0.041323582
0.043424463
0.042413280
0.041608900
0.041427739
0.041031455
0.039922139
0.040888144
0.040684553
0.040832770
0.040848154
0.038582617
0.041416312
0.044060461
0.040888490
0.042769580
0.041564363
0.041033954
0.041361944
0.040633429
0.040696412
0.040578766
0.040681239
0.039645728
0.041854556
0.042537338
0.042440227
0.041671780
0.041425602
0.040934356
0.040902627
0.034407891
0.041185988
0.041146939
0.041053478
0.041005793
0.040856062
0.040348782
0.040352667
0.039176525
0.038801120
0.042409363
0.043428921
0.043188837
0.042745198
0.042210835
0.042092985
0.041869074
0.040785027
0.040465517
0.040381639
0.042763458
0.038616662
0.041720617
0.041031377
0.034942614
0.041683598
0.044095977
0.043305211
0.042943424
0.042528996
0.041236246
0.041371566
0.040418834
0.040288374
0.040392467
0.039621978
0.040876664
0.041326923
0.040553171
0.040824251
0.043625130
0.042817289
0.041312746
0.040819663
0.041052121
0.041000289
0.040817012
0.040539941
0.040463728
0.040192257
0.040204430
0.040129145
0.040184513
0.041642255
0.040706754
0.039479320
0.042579304
0.042357207
0.041579319
0.041235402
0.041036493
0.040937945
0.040904495
0.042430781
0.034703840
0.041312874
0.041276983
0.040772189
0.040405834
0.040062459
0.040212763
0.033225740
0.041399172
0.041250462
0.040647789
0.043178494
0.039449561
0.042647007
0.042028500
0.041829663
0.041688747
0.041579547
0.040987030
0.040810988
0.040552676
0.040734323
0.044290544
0.043504251
0.043252876
0.043011593
0.042882296
0.042277336
0.042017808
0.040801297
0.038590024
0.042500941
0.040008829
0.041177807
0.040895962
0.040456524
0.040360026
0.040255930
0.039960180
0.039956275
0.039683352
0.041988398
0.042487257
0.041804772
0.034267003
0.039804675
0.040067012
0.039385587
0.040571379
0.034122357
0.040749569
0.044565340
0.044227100
0.043678783
0.043326861
0.042331338
0.041583950
0.041147905
0.040944672
0.041110506
0.041034535
0.040978808
0.040097706
0.040536072
0.043962808
0.040430560
0.040661647
0.042233699
0.043063668
0.042470201
0.041943229
0.038654560
0.040825766
0.040396657
0.041043274
0.040762758
0.040397990
0.040231713
0.040194873
0.039864024
0.039944121
0.041896277
0.040662315
0.043962708
0.042059284
0.041987775
0.041464904
0.041137840
0.041091209
0.040899953
0.041029717
0.040777893
0.041306066
0.041427867
0.041282975
0.041377585
0.041541387
0.041620749
0.041700277
0.041843604
0.042034569
0.042310479
0.041902065
0.041320901
0.041396382
0.041722284
0.041788373
0.041872803
0.041984131
0.042119002
0.042239850
0.042381137
0.042527109
0.041401735
0.041601515
0.041641096
0.041848801
0.041918081
0.042005151
0.042426173
0.042378712
0.041451520
0.041739813
0.042102656
0.042253458
0.042325838
0.042542924
0.041588452
0.042150503
0.042536652
0.042764345
0.041670845
0.041678316
0.041803180
0.041901943
0.042131021
0.042334091
0.042326120
0.042687304
0.041506775
0.041747476
0.041909373
0.042273249
0.042431865
0.042563692
0.041557320
0.041672387
0.041819021
0.042002653
0.042096175
0.042212428
0.042450220
0.042681890
0.042666854
0.042819347
0.042949263
0.041591494
0.041700586
0.041671255
0.041754505
0.041997967
0.042472927
0.042538533
0.042876266
0.043051069
0.043050997
0.041604043
0.041747753
0.041759220
0.042210381
0.042590860
0.042603664
0.042737745
0.042734425
0.042751912
0.042767711
0.043056051
0.043144830
0.043204046
0.043283817
0.043353044
0.043515099
0.041553643
0.041606691
0.041820942
0.041800456
0.043004826
0.043212491
0.043266065
0.041545572
0.041574105
0.041663666
0.041680122
0.041905982
0.041924512
0.041820457
0.042842439
0.042897839
0.042985022
0.043128425
0.043341951
0.043451986
0.043434343
0.041527987
0.041565742
0.041692463
0.041895648
0.042511424
0.042806724
0.043057659
0.043166077
0.043254889
0.043369136
0.043749689
0.041541819
0.042230709
0.042126341
0.042779653
0.042908133
0.042948794
0.043044821
0.043086939
0.043325567
0.043618892
0.042747190
0.041820445
0.041867293
0.042054329
0.041929377
0.042365996
0.042429357
0.042559127
0.042818140
0.042893105
0.043071191
0.043111466
0.043453509
0.043735275
0.043871636
0.041955774
0.042070909
0.042223114
0.042103039
0.042189560
0.042839851
0.043097087
0.043495436
0.043616090
0.043547674
0.043894085
0.044388061
0.041618238
0.041805862
0.042029898
0.042197272
0.042895754
0.042989751
0.042940600
0.043064461
0.043145815
0.043099358
0.043171049
0.043161778
0.041598238
0.041674308
0.042084776
0.042324228
0.042401847
0.042764863
0.043225305
0.043648797
0.043756352
0.041622109
0.041727711
0.042136536
0.042453593
0.042325306
0.042306447
0.042658140
0.042702682
0.043247151
0.043687674
0.043701726
0.044143688
0.044271073
0.044479616
0.044622061
0.043300383
0.041899647
0.042235738
0.042488304
0.042640978
0.043094576
0.043074173
0.043391193
0.043735557
0.043804574
0.043950785
0.041692941
0.041806217
0.041846918
0.042152551
0.042164690
0.042565712
0.042892204
0.043175594
0.043217156
0.043355953
0.043481751
0.043465936
0.043515273
0.043745910
0.043758586
0.043754627
0.043906768
0.044421002
0.041606466
0.042186174
0.042229118
0.042268106
0.042289984
0.042356626
0.042555292
0.043348297
0.043296191
0.043461965
0.043629319
0.043647380
0.043672945
0.044150772
0.040853348
0.042193389
0.042223842
0.042232250
0.042441600
0.042598335
0.042620629
0.042826875
0.043090229
0.043250422
0.043261147
0.043602862
0.043689121
0.044210730
0.044236834
0.044902888
0.041740801
0.041979037
0.042194383
0.042254769
0.042552751
0.042774662
0.042915532
0.043446512
0.043602378
0.043882462
0.044575169
0.044685203
0.041975913
0.042106665
0.042287759
0.042638841
0.042733749
0.042923732
0.043073163
0.043562356
0.043488657
0.043743679
0.043892304
0.044651766
0.041714567
0.042287676
0.042843616
0.042815548
0.042835236
0.043640561
0.043907599
0.044107506
0.044304381
0.044862715
0.041151606
0.041955716
0.041940116
0.042131847
0.042383925
0.042383431
0.042737477
0.042750097
0.042890292
0.043728018
0.043785173
0.044027151
0.044424547
0.044877496
0.045016238
0.042092277
0.042436018
0.042945593
0.043127310
0.043270480
0.043435079
0.044172724
0.044466532
0.044556062
0.044586099
0.043164609
0.042726376
0.042320127
0.042445601
0.042489203
0.042871371
0.042952313
0.043017262
0.043093006
0.043887519
0.043992548
0.044045252
0.045277950
0.042919928
0.041486464
0.041267674
0.042571031
0.042326929
0.042267751
0.042487267
0.042846151
0.042865474
0.042985138
0.043351165
0.044037554
0.044058272
0.044037554
0.044388060
0.042829113
0.037318154
0.041912611
0.041040622
0.042809481
0.042833309
0.042907648
0.042987370
0.043073134
0.043128990
0.043295308
0.043476463
0.043661045
0.043756194
0.044115581
0.044118621
0.044063436
0.044207529
0.044271937
0.044382629
0.041802177
0.041340499
0.042331802
0.042416706
0.042646831
0.042605852
0.042794297
0.042910570
0.043123060
0.043203824
0.043936131
0.043732772
0.044026795
0.037118706
0.041579305
0.042364999
0.043520498
0.043504603
0.043837219
0.044059711
0.044101784
0.044013435
0.044466156
0.044570090
0.043010060
0.043540979
0.041807550
0.036267917
0.042608058
0.042134507
0.041453537
0.042527254
0.042649116
0.043109389
0.043333664
0.044135356
0.044142529
0.044366571
0.043279813
0.041264042
0.041544038
0.036755165
0.042644460
0.042868955
0.042787526
0.042883974
0.042891533
0.043187434
0.043237982
0.043309066
0.043360288
0.043317205
0.043659043
0.044013062
0.043941247
0.044277762
0.044314786
0.044529992
0.042111610
0.043322403
0.041958613
0.043073453
0.043358952
0.043906492
0.043974857
0.044123342
0.044218721
0.044415078
0.044475399
0.041932164
0.043388775
0.041898760
0.041262972
0.041110771
0.041842756
0.042008493
0.042474328
0.042870850
0.043041267
0.043234315
0.043430270
0.043661060
0.043802052
0.043861924
0.043882317
0.044352346
0.044502286
0.043171987
0.041608326
0.043151663
0.043483440
0.041251079
0.041470850
0.041633434
0.042189971
0.042613707
0.042599673
0.043326725
0.043472179
0.043553473
0.043876275
0.043836573
0.044059582
0.044290997
0.044352938
0.044458412
0.042821377
0.040741344
0.042224215
0.041581475
0.041062549
0.041237095
0.041534842
0.041840190
0.043158617
0.043616913
0.043694422
0.043732195
0.044113585
0.044205826
0.042400001
0.041478868
0.041693956
0.042299709
0.042514538
0.042708941
0.042941514
0.043245641
0.043884426
0.043964046
0.044121000
0.044208919
0.044296006
0.043309202
0.042256999
0.042052282
0.043354015
0.043447220
0.043629356
0.044007887
0.042958237
0.042383126
0.043457534
0.042733288
0.040572056
0.040841485
0.042906832
0.041349127
0.041551067
0.041656278
0.042333309
0.042842654
0.042806227
0.042881264
0.043159528
0.043215810
0.043334671
0.042597814
0.043476996
0.043766665
0.044148370
0.044243016
0.041486035
0.043431393
0.042302864
0.041684552
0.042261528
0.041727641
0.041057572
0.041049648
0.042179607
0.042451353
0.042952267
0.043074121
0.043148307
0.041970518
0.043612080
0.043600487
0.043886294
0.044014067
0.042823408
0.040044753
0.043242573
0.035256222
0.041803475
0.041079820
0.041375243
0.043310053
0.043069051
0.037728312
0.042798342
0.034292797
0.037785425
0.041547223
0.043049349
0.037637183
0.037922569
0.042638756
0.034211347
0.037824013
0.035666463
0.041565184
0.039021350
0.034437503
0.035485114
0.034803335
0.034605875
0.042872587
0.037398521
0.042613307
0.042481618
0.035893908
0.038219391
0.042324186
0.035081755
0.038189708
0.037564212
0.034975156
0.042589100
0.041761493
0.038859978
0.039875511
0.041724719
0.042828681
0.038582961
0.042386690
0.038018987
0.035014719
0.035204936
0.039299424
0.038331628
0.041826133
0.037151584
0.036043761
0.039691498
0.042765169
0.035679577
0.042680483
0.042764973
0.039142497
0.038337018
0.039375284
0.041321912
0.039485168
0.039152469
0.042298820
0.035992460
0.042938405
0.038059521
0.038538612
0.034712907
0.036791890
0.041978418
0.041196809
0.043064411
0.038925716
0.036348437
0.036812616
0.041937393
0.041474502
0.035277735
0.037132131
0.038679586
0.043097774
0.035475453
0.041487264
