 0.002487552
 0.030079328
 0.033062239
 0.003171463
 0.018193892
 0.021430420
 0.022620838
 0.028989980
 0.005272457
 0.031702409
 0.037796972
 0.040596886
 0.040945505
 0.003217508
 0.036856747
 0.002944256
 0.028556714
 0.029105077
 0.028630588
 0.012972215
 0.036258445
 0.033928054
 0.036684346
 0.032423654
 0.001836854
 0.031252867
 0.032859080
 0.026115393
 0.026870002
 0.000792574
 0.029822559
 0.032361901
 0.006928585
 0.021040523
 0.033941920
 0.028844865
 0.030121065
 0.031153600
 0.031924472
 0.026946679
 0.000346421
 0.007810318
 0.027722786
 0.028936169
 0.028055478
 0.021547763
 0.030311140
 0.030175619
 0.029099139
 0.028136378
 0.027651612
 0.028674671
 0.030134774
 0.007652095
 0.009302229
 0.029247068
 0.031719336
 0.031473923
 0.030575254
 0.028350701
 0.026887642
 0.026113035
 0.029392455
 0.031863336
 0.033014188
 0.027903414
 0.027716787
 0.024641213
 0.025455241
 0.026621130
 0.028175941
 0.030824451
 0.033643131
 0.031911492
 0.007872702
 0.032569083
 0.012512839
 0.028316801
 0.028004466
 0.027952623
 0.026586066
 0.024830068
 0.025860709
 0.024740904
 0.024694779
 0.027176760
 0.032555944
 0.032368045
 0.033907127
 0.030562703
 0.033191592
 0.026484206
 0.024959470
 0.016252930
 0.023476942
 0.023475783
 0.023861980
 0.024184687
 0.034061365
 0.031102258
 0.033828876
 0.006345397
 0.023918180
 0.029085652
 0.034936572
 0.023166737
 0.025083275
 0.025941856
 0.029454723
 0.032704229
 0.028079287
 0.020107828
 0.027547725
 0.030977318
 0.032700146
 0.033983566
 0.035359056
 0.023617466
 0.031829606
 0.020064303
 0.030232446
 0.033615958
 0.013383307
 0.034215234
 0.025979716
 0.023617630
 0.021053147
 0.025839448
 0.029772732
 0.032332861
 0.033374040
 0.000263379
 0.004248376
 0.031142157
 0.030530027
 0.024565645
 0.023686530
 0.026935548
 0.028876887
 0.031859148
 0.033751393
 0.016968787
 0.034361467
 0.024316149
 0.021686486
 0.018510927
 0.019409223
 0.030144078
 0.031762929
 0.033132209
 0.033750066
 0.032230930
 0.033695983
-0.000877063
 0.033199476
 0.016410199
 0.036998548
 0.030293753
 0.033902164
 0.017582107
 0.027174987
 0.019914056
 0.017990227
 0.025039033
 0.029090577
 0.030460762
 0.024529862
 0.007856153
 0.013655056
 0.032698100
 0.002813414
 0.021116301
 0.023777411
 0.022263348
 0.017974797
 0.025132876
 0.026250580
 0.031619147
 0.033354249
 0.019161005
 0.031932640
 0.020402491
 0.015501097
 0.031460696
 0.032401468
 0.036276608
 0.024374406
 0.003906728
 0.032572980
 0.022498643
 0.021244887
 0.024368137
 0.026509801
 0.028632551
 0.030834347
 0.032687494
 0.024861844
 0.030316710
 0.026294077
 0.015786049
 0.029096592
 0.047160900
 0.035870383
 0.022444914
 0.020027564
 0.017310491
 0.017302015
 0.023352504
 0.024511757
 0.030824785
 0.004598260
 0.013792477
 0.031888810
 0.025946045
 0.022669175
 0.018207132
 0.016931868
 0.026194177
 0.023710824
 0.024323771
 0.025672095
 0.030366057
 0.032449534
 0.047042420
 0.010514112
 0.016543825
 0.027784412
 0.017685778
 0.022822868
 0.015077309
 0.028631984
 0.023744214
 0.022583142
 0.021716513
 0.014981033
 0.025064117
 0.028681597
 0.030516137
 0.002612926
 0.043622154
 0.034958444
 0.025367208
 0.022143035
 0.020578120
 0.030532504
 0.012128253
 0.002819712
 0.018807816
 0.032269650
 0.024160513
 0.019790628
 0.016335176
 0.016721732
 0.023060003
 0.026774543
 0.027090770
 0.029302026
 0.032074729
 0.035142436
 0.031739812
 0.025661010
 0.020652395
 0.023053765
 0.029719999
 0.003476452
 0.001788202
 0.005009244
 0.009642590
 0.023491370
 0.032798817
 0.027781996
 0.025039925
 0.023140403
 0.020879346
 0.018907146
 0.018332301
 0.023046388
 0.009430156
 0.015030329
 0.035483148
 0.033964522
 0.024984879
 0.024534700
 0.023421515
 0.021916942
 0.019256581
 0.015898773
 0.031373715
 0.025902070
 0.026182294
 0.029947169
 0.001925634
 0.008192559
 0.033192734
 0.027279906
 0.034985714
-0.002133659
 0.024374651
 0.022841247
 0.021102071
 0.019271868
 0.018912007
 0.018387647
 0.016250830
 0.015487790
 0.023288554
 0.025722675
 0.028012285
 0.002378030
 0.026974935
 0.006080269
 0.020661697
 0.018773057
 0.027427494
 0.001297527
 0.012940359
 0.021086782
 0.022165332
 0.021068127
 0.024398593
 0.027006409
 0.028954087
-0.002835712
 0.011616120
 0.028063936
 0.033576446
 0.031920392
 0.038937114
 0.026031751
 0.023949131
 0.022113834
 0.018345478
 0.016265637
 0.023413631
 0.029218935
 0.019017583
 0.006443039
 0.033537377
 0.026074090
 0.023303155
 0.015669308
 0.015153244
 0.010524870
 0.013835801
 0.029903509
 0.031062068
 0.020120375
 0.021563433
 0.021426359
 0.040392495
 0.031966463
 0.025170190
 0.024496221
 0.023430512
 0.017320141
 0.017719319
 0.026791486
 0.026189681
 0.028037855
 0.026203934
 0.002430290
 0.020867530
 0.025793447
 0.023197422
 0.020429664
 0.019197022
 0.017866905
 0.017239908
 0.016388571
 0.015317064
 0.021640151
 0.022379650
 0.023774268
 0.021515820
 0.022357030
 0.021703166
 0.015849650
 0.021359496
 0.008095369
 0.006198045
 0.030980380
 0.001242383
 0.022045254
 0.021331324
 0.019905045
 0.019245753
 0.015853618
 0.014630982
 0.018347127
 0.023773169
 0.037331717
 0.017148644
 0.031082057
 0.024212854
 0.023136900
 0.025067399
 0.023191129
 0.015295705
 0.013795256
 0.013312626
 0.019882661
 0.027469572
 0.025679164
 0.029589771
 0.026448986
 0.016671261
 0.018138254
 0.019231178
 0.015474065
 0.014267824
 0.000387948
 0.020149590
 0.021074445
 0.025442072
 0.027711099
 0.030904792
 0.020562574
 0.021488516
 0.011622683
 0.017879538
 0.024232522
 0.026695350
 0.027345949
 0.025408833
 0.007180137
 0.006337194
 0.019803601
 0.018968370
 0.017154760
 0.014343776
 0.013995827
 0.013316533
 0.015702128
 0.020173370
 0.023057355
 0.023412775
 0.024828587
 0.031810522
 0.002303196
 0.036015740
 0.035937429
 0.019962135
 0.016851073
 0.015402405
 0.012255725
 0.013208556
 0.010535359
 0.032412895
 0.022534637
 0.023859387
 0.002062914
 0.037038263
 0.022608144
 0.014343910
 0.020878643
 0.014124140
 0.009943174
 0.010997307
 0.010806114
 0.011350996
 0.020657547
 0.020756775
 0.022532421
 0.023506277
 0.025324996
 0.031082490
 0.017134031
 0.014162800
 0.011122876
-0.000636426
 0.016553983
 0.019829825
 0.005834898
 0.008424502
 0.019079370
 0.019783145
 0.017833591
 0.014141587
 0.009049083
 0.007718612
 0.006877444
 0.017554649
 0.023091838
 0.014696304
 0.022863597
 0.035946691
 0.018276803
 0.014796291
 0.012914786
 0.013161187
 0.008380613
 0.012515146
 0.006910152
 0.015033363
 0.004958811
 0.017581631
 0.030404257
 0.034216309
 0.030208880
 0.018200355
 0.016452954
 0.011229681
 0.008960664
 0.006664031
 0.009846788
 0.012619623
 0.012686109
 0.033175236
 0.011455889
 0.006636779
 0.008124810
 0.005276844
 0.010501667
 0.015823830
 0.018792795
 0.019139804
 0.022131551
 0.033743480
 0.011829865
 0.014097945
 0.016546704
 0.016591953
 0.013332164
 0.013068413
 0.006422521
 0.005288259
 0.007136993
 0.014705659
 0.014881516
 0.016205123
 0.020351869
 0.010625625
 0.015984079
 0.013648050
 0.010661937
 0.011281434
 0.007090698
 0.012837076
 0.016249942
 0.018223194
 0.008665027
 0.023962924
 0.003211020
 0.002843161
 0.009680536
 0.001532079
 0.017837425
 0.038502408
 0.030554415
 0.029879617
 0.017150431
 0.029197430
 0.013305365
 0.011944630
 0.004912714
 0.022713887
 0.017242447
 0.020041007
 0.004737309
 0.032199725
 0.034441380
 0.029708707
 0.035913343
 0.031154509
 0.034745003
 0.026565897
 0.035541235
 0.031636140
 0.030968941
 0.033748323
 0.023433410
 0.036512823
 0.033380857
 0.031062815
 0.029180990
 0.029164703
 0.029876098
 0.034044785
 0.034435668
 0.033773774
 0.024668714
 0.031233010
 0.025052471
 0.029328364
 0.030572922
 0.032486824
 0.032953117
 0.032893395
 0.032197009
 0.030432333
 0.030114161
 0.022973047
 0.020248585
 0.029142882
 0.032538119
 0.027208680
 0.030022755
 0.032977515
 0.032319273
 0.033777781
 0.032568832
 0.032805216
 0.031723132
 0.032682585
 0.021840380
 0.030225044
 0.021615352
 0.020512495
 0.034017743
 0.023010801
 0.032552303
 0.028313063
 0.019711964
 0.022090232
 0.026529024
 0.022694817
 0.031454543
 0.033451259
 0.032761229
 0.032584438
 0.024062567
 0.037454912
 0.033491150
 0.020740520
 0.034604063
 0.032892926
 0.032355221
 0.033975001
 0.019686231
 0.028184828
 0.022955597
 0.030140021
 0.024714381
 0.015826479
 0.034359809
 0.033253627
 0.032442724
 0.031406927
 0.033821593
 0.032048249
 0.031248171
 0.015446874
 0.028809394
 0.024138543
 0.021891251
 0.030627975
 0.034704615
 0.033748729
 0.032447987
 0.034462681
 0.033865969
 0.033029611
 0.028574584
 0.019839053
 0.019827633
 0.021526112
 0.020796215
 0.033456484
 0.031213157
 0.019964378
 0.016024702
 0.021493299
 0.027580195
 0.033987938
 0.034776277
 0.033315916
 0.031829170
 0.030975334
 0.014474158
 0.034367289
 0.012167371
 0.026242451
 0.006970344
 0.024016938
 0.027866793
 0.025064930
 0.023377928
 0.015813343
 0.034726412
 0.034879839
 0.033803236
 0.033497104
 0.033516199
 0.028004275
 0.023457986
 0.028980100
 0.023906507
 0.032518375
 0.032058725
 0.026772083
 0.033260543
 0.033895351
 0.034012850
 0.033981479
 0.008082359
 0.022711874
 0.047084364
 0.033406936
 0.033421177
 0.033637256
 0.033296826
 0.034475539
 0.033153305
 0.032874848
 0.030533026
 0.023372645
 0.033353970
 0.034093940
 0.033724078
 0.031292638
 0.026094726
 0.032131306
 0.034150514
 0.033889517
 0.034896080
 0.037094727
 0.033214917
 0.032674121
 0.025961442
 0.023821787
 0.027889287
 0.033563805
 0.029791250
 0.023678315
 0.020097653
 0.030483378
 0.033002344
 0.023081597
 0.026405172
 0.033969716
 0.033350270
 0.032292244
 0.033616338
 0.025977121
 0.024327987
 0.028608140
 0.022550028
 0.028457693
 0.028650854
 0.024075773
 0.031266521
 0.032143046
 0.012067756
 0.017485076
 0.015496627
 0.033222282
 0.033558867
 0.031773130
 0.030377486
 0.029451191
 0.027896005
 0.024594541
 0.014713237
 0.022827840
 0.034783920
 0.036484608
 0.021562751
 0.017225492
 0.033370586
 0.031940912
 0.032431137
 0.013724784
 0.025355164
 0.010927073
 0.033174339
 0.033432782
 0.032089883
 0.031788308
 0.021084610
 0.016659258
 0.024311916
 0.031597940
 0.023037828
 0.032985592
 0.032309531
 0.015079154
 0.009773551
 0.027160764
 0.024990458
 0.021412567
 0.033125103
 0.033554383
 0.033394152
 0.032862951
 0.032374107
 0.031853331
 0.031613828
 0.027410326
 0.047397613
 0.021378975
 0.018581030
 0.020374584
 0.021557502
 0.033164490
 0.032483473
 0.029226043
 0.027723697
 0.023294275
 0.018803658
 0.012755558
 0.018212005
 0.030707879
 0.032423366
 0.032521421
 0.032600835
 0.029556899
 0.029480975
 0.017340008
 0.022015268
 0.021233908
 0.022579066
 0.023588757
 0.028521673
 0.023782184
 0.032850627
 0.032163120
 0.031158868
 0.026227905
 0.010712034
 0.027124585
 0.030413040
 0.017992860
 0.019310199
 0.029752253
 0.022891976
 0.024022467
 0.030778181
 0.031737446
 0.027438739
 0.022791105
 0.014485292
 0.025529826
 0.019146250
 0.032992852
 0.031225586
 0.024871769
 0.026213449
 0.026583760
 0.025902920
 0.024808965
 0.021493722
 0.025884516
 0.021015587
 0.022243661
 0.030050681
 0.030616803
 0.030058437
 0.031931696
 0.030164290
 0.028514417
 0.028833104
 0.021816322
 0.015906141
 0.021444790
 0.029007669
 0.034053922
 0.021661055
 0.020555880
 0.030629706
 0.020611504
 0.031467243
 0.030687093
 0.026426909
 0.020129065
 0.029133010
 0.012663291
 0.026841692
 0.032601909
 0.021939745
 0.030844212
 0.028064979
 0.024805068
 0.031386001
 0.028060110
 0.024050943
 0.026153734
 0.019334536
 0.033990735
 0.021596217
 0.022074149
 0.015718145
 0.031310428
 0.029767694
 0.028446800
 0.021831922
 0.023008768
 0.033610563
 0.020519984
 0.028346571
 0.036109107
 0.014130689
 0.025992721
 0.027253773
 0.022885690
 0.033662227
 0.028725286
 0.021179648
 0.029140269
 0.030127814
 0.029774048
 0.012765006
 0.029671612
 0.029784836
 0.031550050
 0.029509057
 0.027652078
 0.024677002
 0.027262154
 0.015576657
 0.018944894
 0.026734595
 0.018351294
 0.020685651
 0.032146981
 0.031222919
 0.020266691
 0.028253712
 0.021357722
 0.022284849
 0.025945939
 0.026452410
 0.008564199
 0.007704942
 0.028917292
 0.032832753
 0.028849864
 0.032852464
 0.023660012
 0.006211266
 0.018433557
 0.011057030
 0.032491103
 0.025494127
 0.018789438
 0.026437718
 0.039728893
 0.033524824
 0.035614395
 0.033335115
 0.033247070
 0.034300497
 0.031853879
 0.032380822
 0.036357185
 0.034958057
 0.035654801
 0.034212740
 0.035956497
 0.037218228
 0.019172557
 0.039509264
 0.020264030
 0.022302753
 0.034464924
 0.033416133
 0.034627831
 0.035914441
 0.037162330
 0.020791146
 0.033418072
 0.031839642
 0.035404232
 0.040146368
 0.036185186
 0.033510526
 0.037571513
 0.037984547
 0.021303244
 0.033851331
 0.020558511
 0.047840177
 0.020672493
 0.032280329
 0.036968040
 0.034227171
 0.035511704
 0.035628057
 0.034355876
 0.031041685
 0.030693436
 0.031536909
 0.033698843
 0.036713907
 0.036191550
 0.038094189
 0.035956358
 0.035908822
 0.044616170
 0.028646632
 0.026716631
 0.033758339
 0.035962091
 0.034463131
 0.036625777
 0.038250579
 0.036148127
 0.037195006
 0.017320200
 0.019987427
 0.037668551
 0.031506236
 0.037715270
 0.038365949
 0.037368755
 0.035938344
 0.036915092
 0.038515282
 0.018856045
 0.014692341
 0.047623446
 0.037687640
 0.015662321
 0.030341976
 0.022980868
 0.034408600
 0.035535270
 0.038078123
 0.018815719
 0.036931035
 0.031289726
 0.036983940
 0.028847367
 0.037242599
 0.018383069
 0.040287327
 0.031769300
 0.035015375
 0.038678278
 0.036793426
 0.037971181
 0.022172537
 0.023551363
 0.032854693
 0.033318994
 0.025327664
 0.022562553
 0.032546114
 0.038530084
 0.019334660
 0.035181558
 0.036254671
 0.037149256
 0.033615169
 0.037733902
 0.023653537
 0.034930312
 0.046330193
 0.033457170
 0.043436196
 0.036501038
 0.034788982
 0.036299483
 0.036774057
 0.037568479
 0.038384508
 0.036169286
 0.020780046
 0.016842320
 0.032014401
 0.034499580
 0.015028388
 0.034360439
 0.036612557
 0.037557016
 0.037979213
 0.013485555
 0.015383855
 0.030567972
 0.032386403
 0.037447567
 0.021948138
 0.030273479
 0.044505651
 0.030831899
 0.019785096
 0.031464049
 0.034147175
 0.013752076
 0.036567865
 0.037401161
 0.040275323
 0.048077658
 0.045474608
 0.035404800
 0.036516682
 0.035629773
 0.036388441
 0.036887772
 0.036725488
 0.037039294
 0.023231144
 0.037747122
 0.009260908
 0.038820049
 0.040514322
 0.032195952
 0.035338403
 0.033905507
 0.019147014
 0.034089847
 0.016384123
 0.017812354
 0.017289111
 0.012834389
 0.034915765
 0.036512111
 0.037156051
 0.042582143
 0.011413465
 0.027745549
 0.036689603
 0.009102948
 0.022201181
 0.021080947
 0.011012892
 0.033039340
 0.032048651
 0.020002418
 0.023953580
 0.012146898
 0.036613842
 0.036472584
 0.022006522
 0.017193147
 0.031981593
 0.023635682
 0.025192696
 0.032972563
 0.021957870
 0.041726568
 0.024718095
 0.024393780
 0.018738569
 0.020272600
 0.045429882
 0.023772476
 0.029202269
 0.034040501
 0.035644217
 0.014428734
 0.025470374
 0.029142942
 0.018127956
 0.020357491
 0.038177047
 0.014367767
 0.031765688
 0.033859427
 0.034817477
 0.035154414
 0.013317897
 0.028048845
 0.021790257
 0.033041797
 0.031026356
 0.018119386
 0.027174575
 0.024516352
 0.011135998
 0.013196194
 0.032458653
 0.018729150
 0.043864856
 0.024000061
 0.034987343
 0.035737476
 0.023603368
 0.021764957
 0.030452899
 0.035932546
 0.026993206
 0.030435444
 0.014453251
 0.020759558
 0.017461435
 0.029848741
 0.032533088
 0.034652506
 0.028300519
 0.024599723
 0.027611676
 0.030871670
 0.032771366
 0.034910357
 0.035595670
 0.016977555
 0.025292542
 0.028623505
 0.018868482
 0.018561695
 0.033107938
 0.025159183
 0.028606166
 0.030718357
 0.033868385
 0.015506662
 0.020292277
 0.041868188
 0.042434289
 0.039526486
 0.047856731
 0.008324238
 0.048133183
 0.047750219
 0.012555897
 0.047046495
 0.047607188
 0.047988248
-0.001361867
-0.004244065
 0.046809929
 0.047914125
 0.047625260
 0.009325398
-0.001926742
 0.027581868
 0.029118067
 0.030179768
 0.008406713
 0.029999344
 0.030642216
 0.025237059
 0.045361353
 0.000809038
 0.037461920
 0.028939937
 0.011517592
 0.028666660
-0.001050229
 0.029047972
 0.039636011
 0.015457738
 0.045710469
 0.031677028
 0.022972084
 0.017749187
 0.026436883
 0.009689320
 0.046517901
 0.046657831
 0.047361172
 0.029523128
 0.025078548
 0.019485758
 0.026426806
 0.016267344
 0.038802842
 0.044122274
 0.030088284
 0.013530067
 0.022038255
 0.007726814
 0.047132564
 0.014003834
 0.013058853
 0.045710473
 0.029557512
 0.023903166
 0.029575502
 0.031488693
 0.034817877
 0.022483525
 0.003025181
 0.038320514
 0.030813181
 0.043412581
 0.016682515
 0.030252334
 0.029277080
 0.021197188
 0.016905242
 0.037174029
 0.043791787
 0.046194137
 0.015479463
 0.047813607
 0.028702484
 0.005937862
 0.011709170
-0.000500399
 0.012696611
 0.003442562
 0.036018569
 0.005925296
 0.044639171
 0.026499179
 0.027971734
 0.020539656
 0.024450312
 0.000490619
 0.030340809
 0.003658428
 0.021191218
 0.002791364
 0.019773785
 0.045529555
 0.033425688
 0.032272188
 0.018278691
 0.027900160
 0.006758986
 0.023916209
 0.032883327
 0.016360485
 0.019821811
 0.024057311
 0.024620637
 0.004842714
 0.033951884
 0.033315185
 0.024599220
 0.023790525
 0.019300349
-0.001754384
 0.031526713
 0.036308975
 0.025539651
 0.043080990
 0.026301710
 0.034493783
 0.033213633
 0.029573990
 0.032019428
 0.027982862
 0.001908454
 0.009155109
 0.023601919
 0.021547415
 0.016734814
 0.018530515
 0.033569790
 0.001359771
 0.006708582
 0.019149273
 0.044359397
 0.002564700
 0.012973566
 0.022092463
 0.020594189
 0.022568240
 0.022623637
 0.022427024
 0.034390749
 0.027110753
 0.023713349
 0.005294844
 0.035500052
 0.035842940
 0.035492132
 0.041618436
 0.043959848
-0.001739174
 0.028090268
 0.030340628
 0.014244023
 0.004855343
 0.024613184
 0.024387303
 0.019397151
 0.032324948
 0.041149064
 0.042972407
 0.026433021
 0.015547303
 0.028883345
 0.003481738
 0.023639925
 0.019514093
 0.018427541
 0.030061776
 0.011518115
 0.019737167
 0.034853505
 0.026812856
 0.039437863
 0.017649638
 0.033013500
 0.017073828
 0.029995307
 0.027846100
 0.002456086
 0.030361863
 0.030083815
 0.024305711
 0.018383872
 0.009568664
 0.034255125
 0.021452218
 0.009914353
 0.028232427
 0.025844981
 0.018566222
 0.019143057
 0.018354539
 0.010930727
 0.034261155
 0.028955220
 0.034532454
 0.041739881
 0.026911393
 0.002887822
 0.026221321
 0.009835734
 0.025258189
 0.002940485
 0.021782649
 0.020586211
 0.047795435
 0.047967236
 0.023510822
 0.025261300
 0.019775393
 0.033883344
 0.042194840
 0.022757741
 0.029317954
 0.025473958
 0.024691464
 0.031230979
 0.023396910
 0.003645162
 0.031772297
 0.005359319
 0.015637015
 0.020477664
 0.021502797
 0.019642884
 0.037665184
 0.026823532
 0.003138100
 0.000900841
 0.020156148
 0.039255328
 0.031440778
 0.026641542
-0.003791925
 0.017447560
 0.013579484
 0.013431823
 0.017970690
 0.033168248
 0.033261869
 0.033141001
 0.026643246
 0.025227409
 0.035544018
 0.012876216
 0.015779446
 0.018351999
 0.016365399
 0.017209505
 0.018096282
 0.021353810
 0.032828554
 0.029011738
 0.030145714
 0.031571481
 0.033897679
 0.036847244
 0.031251124
 0.032589432
 0.029086517
 0.028539026
 0.030532684
 0.032216947
 0.035759166
 0.037896909
 0.037460676
 0.020478523
 0.030232570
 0.031660366
 0.033014442
 0.032806375
 0.033667060
 0.033429377
 0.025707283
 0.034436384
 0.026816047
 0.025608705
 0.024862757
 0.028891901
 0.030540169
 0.031725143
 0.033561337
 0.035854333
 0.030408596
 0.019749329
 0.024341195
 0.033408466
 0.032789443
 0.033326318
 0.031867518
 0.023907089
 0.031406558
 0.030977253
 0.032422012
 0.031909532
 0.020766198
 0.036030784
 0.033876384
 0.027605620
 0.025263987
 0.021207076
 0.030232840
 0.030660024
 0.032533413
 0.022202473
 0.030913546
 0.034551421
 0.038649208
 0.028892139
 0.023329026
 0.030280565
 0.029515493
 0.028048688
 0.026281575
 0.022875756
 0.033130198
 0.024556305
 0.029556345
 0.029416276
 0.009642145
 0.009729668
 0.034695440
 0.039009483
 0.024410737
 0.031786246
 0.036618580
 0.025879100
 0.027633203
 0.028080554
 0.020026839
 0.027655881
 0.025527651
 0.023658385
 0.010206963
 0.028558672
 0.037034269
 0.028603457
 0.025236057
 0.035834335
 0.020322289
 0.042839690
 0.020807074
 0.029812677
 0.034487537
 0.035820434
 0.030330600
 0.023436467
 0.019596880
 0.017180463
 0.025984808
 0.020481605
 0.022960486
 0.024671302
 0.026280913
 0.018601594
 0.022251060
 0.024807616
 0.025025207
 0.026013066
 0.018029548
 0.017172747
 0.012794991
 0.031700116
 0.038038052
 0.023829918
 0.033569866
 0.022810169
 0.023713439
 0.026992069
 0.016029350
 0.025032843
 0.022206712
 0.031725905
 0.024546421
 0.021045003
 0.021629863
 0.014339452
 0.019118116
 0.030027792
 0.018108162
 0.033401512
 0.025477336
 0.029855001
 0.019912646
 0.013799448
 0.023573612
 0.016788273
 0.023973144
 0.022197448
 0.022880552
 0.024211352
 0.020205301
 0.017810856
 0.016588283
 0.017056653
 0.029325890
 0.030567497
 0.025794154
 0.025918707
 0.016918659
 0.017095105
 0.017736125
 0.019087039
 0.022212310
 0.023656831
 0.014216337
 0.035221794
 0.038738017
 0.021337044
 0.045655311
 0.015445537
 0.023185659
 0.018375147
 0.018359519
 0.020270546
 0.022024573
 0.023924729
 0.022995948
 0.020621907
 0.020549465
 0.024167282
 0.035659252
 0.019945031
 0.019502747
 0.047582765
 0.027578326
 0.034478146
 0.009477015
 0.044649913
 0.016091206
 0.027095678
 0.031445075
 0.024673076
 0.022379965
 0.021284587
 0.032932240
 0.016488460
 0.018179487
 0.016672703
 0.020493680
 0.019657333
 0.011503500
 0.010466720
 0.021538786
 0.014300879
 0.008757250
 0.029632131
 0.017820263
 0.019248763
 0.018872230
 0.026929177
 0.025125374
 0.024143095
 0.026953734
 0.040290007
 0.036162332
 0.015160948
 0.018085284
 0.022996816
 0.037199129
 0.046964430
 0.022243399
 0.036805861
 0.025137818
 0.022746107
 0.029501333
 0.029193806
 0.035427598
 0.020772944
 0.035087919
 0.034010964
 0.027735668
 0.031308866
 0.020894155
 0.024841993
 0.019417646
 0.032867796
 0.027889382
 0.022189336
 0.020609842
 0.027484612
 0.029303613
 0.021581966
 0.021999496
 0.016672192
 0.024259473
 0.018239201
 0.016738407
 0.032143287
 0.022236393
 0.033610934
 0.039525923
 0.023260502
 0.022660820
 0.018954812
 0.025470806
 0.031088704
 0.017547864
 0.015614321
 0.037441935
 0.037671673
 0.023955523
 0.026971550
 0.046033660
 0.032568219
 0.047550469
 0.036507062
 0.036107325
 0.034354955
 0.025997743
 0.024342693
 0.026070632
 0.028276025
 0.030072131
 0.044132708
 0.047021106
 0.047392446
 0.047670076
 0.037524151
 0.035260574
 0.034094004
 0.027975163
 0.040889839
 0.025748464
 0.015989749
 0.037015919
 0.034003032
 0.033368001
 0.032431055
 0.032506507
 0.032456918
 0.036949743
 0.022879632
 0.031622251
 0.030704800
 0.031486236
 0.020913646
 0.032780357
 0.021522053
 0.027065476
 0.021862900
 0.043498802
 0.035299325
 0.026950537
 0.021845467
 0.022610369
 0.026098802
 0.029730621
 0.032175252
 0.044055009
 0.039301034
 0.018979185
 0.033149919
 0.034125087
 0.031427375
 0.030303153
 0.031081000
 0.029150110
 0.029341097
 0.027340291
 0.020142848
 0.026314927
 0.027863826
 0.030564607
 0.029602674
 0.031185521
 0.020735764
 0.023427966
 0.029201037
 0.027744750
 0.034002182
 0.019306861
 0.018647395
 0.020586863
 0.024498204
 0.028634032
 0.046776385
 0.032757145
 0.041881533
 0.013337243
 0.027357038
 0.022513971
 0.024309543
 0.026408692
 0.027031165
 0.043360816
 0.030669640
 0.029790643
 0.027962550
 0.026207752
 0.020265463
 0.022149604
 0.029225668
 0.029839438
 0.042778028
 0.019235001
 0.009261200
 0.028955611
 0.028508611
 0.027425285
 0.027055429
 0.025024369
 0.029189571
 0.029661514
 0.027999974
 0.013757318
 0.029863931
 0.029399633
 0.028151297
 0.042063247
 0.021526563
 0.026762289
 0.025673062
 0.023993804
 0.023261058
 0.017929232
 0.019772409
 0.041272729
 0.046900839
 0.048062531
 0.027802062
 0.027811715
 0.026062317
 0.022087193
 0.020198672
 0.024012914
 0.029334374
 0.028995378
 0.025362700
 0.025011203
 0.023426244
 0.021301031
 0.025301803
 0.045190691
 0.039387303
 0.035492292
 0.024148370
 0.026330345
 0.025952578
 0.023604126
 0.044805552
 0.026633141
 0.043293365
 0.046556754
 0.031208051
 0.035305304
 0.028954311
 0.027463989
 0.025684003
 0.026029532
 0.021870406
 0.045976607
 0.046351685
 0.046455434
 0.035613599
 0.029392942
 0.024338956
 0.038136739
 0.015866082
 0.027689340
 0.022225841
 0.026190717
 0.026283538
 0.025341968
 0.047589833
 0.036873110
 0.031734938
 0.029879168
 0.046351621
 0.029422881
 0.026995654
 0.024236395
 0.028471450
 0.032615298
 0.032086783
 0.030906164
 0.009085645
 0.023693423
 0.031943576
 0.027920815
 0.027465118
 0.039283583
 0.014781412
 0.045619430
 0.027993675
 0.028635443
 0.026390624
 0.024896537
 0.031592942
 0.027516285
 0.027364839
 0.022893890
 0.029351282
 0.030159686
 0.047127501
 0.033542424
 0.027163532
 0.028436395
 0.028146573
 0.024784196
 0.032562174
 0.022057104
 0.020117135
 0.026382258
 0.045537641
 0.045446218
 0.036341340
 0.026908184
 0.028906900
 0.028325166
 0.027873997
 0.031063783
 0.032191872
 0.045930045
 0.045745102
 0.034791177
 0.017333550
 0.029208704
 0.027730385
 0.025695414
 0.016540985
 0.011294617
 0.029758922
 0.029517488
 0.027037471
 0.021875763
 0.031776947
 0.026105861
 0.038851541
 0.028913918
 0.027474975
 0.035306448
 0.031415631
 0.040483563
 0.046736630
 0.030629680
 0.023659915
 0.022254886
 0.029403219
 0.028526333
 0.027530913
 0.025179178
 0.022705667
 0.020770626
 0.019025364
 0.029219643
 0.028883697
 0.044227415
 0.021938378
 0.043703712
 0.038665642
 0.042382244
 0.026011660
 0.024960591
 0.025542043
 0.031102656
 0.029636191
 0.033515438
 0.024174594
 0.028453676
 0.032614490
 0.033558788
 0.021011842
 0.016847733
 0.029383778
 0.028470796
 0.027191745
 0.026444329
 0.026036567
 0.024993703
 0.028705297
 0.026180717
 0.022070271
 0.021398761
 0.031694692
 0.044547308
 0.040777586
 0.027752740
 0.024857710
 0.030131051
 0.028884881
 0.027658452
 0.023212514
 0.021426116
 0.019874772
 0.027113797
 0.030346439
 0.031234182
 0.036519250
 0.041580339
 0.044831457
 0.028644280
 0.023611935
 0.048048655
 0.028401122
 0.025765587
 0.024182948
 0.030059839
 0.031727448
 0.034977776
 0.020931953
 0.024161728
 0.029666725
 0.028802100
 0.028438115
 0.024237097
 0.022722098
 0.021229911
 0.020326291
 0.018771409
 0.020709468
 0.021795150
 0.025281983
 0.032408004
 0.024750587
 0.036644234
 0.030712707
 0.040340627
 0.027391493
 0.026700668
 0.030118352
 0.025767613
 0.018773562
 0.019486834
 0.028532179
 0.015636370
 0.030042733
 0.045350892
 0.035690245
 0.034350363
 0.021329570
 0.017637237
 0.026951834
 0.032077004
 0.030312883
 0.030031353
 0.043480181
 0.027323785
 0.025822688
 0.023950368
 0.024707874
 0.030509524
 0.029168966
 0.027631720
 0.025688117
 0.024600275
 0.022521504
 0.019632094
 0.026313280
 0.027540056
 0.037919630
 0.028076552
 0.028177811
 0.025824800
 0.033722352
 0.027715698
 0.026830299
 0.027361713
 0.036511602
 0.042075278
 0.047697236
 0.042354473
 0.034080265
 0.023251522
 0.013231380
 0.025310311
 0.024502812
 0.023328664
 0.026200160
 0.035986246
 0.044147835
 0.020450415
 0.045373201
 0.020942908
 0.025007745
 0.023016338
 0.029748275
 0.027999911
 0.027335819
 0.023624226
 0.023027905
 0.019076504
 0.030299886
 0.029237123
 0.027853928
 0.030442131
 0.029528250
 0.033143377
 0.031911161
 0.037710637
 0.034994032
 0.039340131
 0.021599355
 0.028077124
 0.026465995
 0.012839576
 0.017054828
 0.036091592
 0.018095916
 0.023211373
 0.036386191
 0.035113276
 0.013915458
 0.036955774
 0.020947974
 0.021598071
 0.013842841
 0.031566144
 0.034142293
 0.037183136
 0.015845497
 0.022844235
 0.019238010
 0.037141607
 0.030814231
 0.018747448
 0.023734138
 0.018410966
 0.037900146
 0.035631468
 0.015201548
 0.023773837
 0.032274813
 0.028160566
 0.017174215
 0.047917341
 0.018780050
 0.034471257
 0.039349472
 0.013704755
 0.020322149
 0.013986153
 0.027127026
 0.028764255
 0.027289800
 0.027330177
 0.022707491
 0.030386439
 0.040174877
 0.034788162
 0.020640956
 0.018014583
 0.039921161
 0.015487079
 0.028213907
 0.027129224
 0.022393744
 0.012841174
 0.038678929
 0.009744363
 0.026287919
 0.017608214
 0.023885632
 0.027322494
 0.030181910
 0.027405656
 0.031523874
 0.035529641
 0.027760831
 0.019158671
 0.029035414
 0.026368210
 0.007068076
 0.024327227
 0.024781933
 0.014894946
 0.028469704
 0.020933240
 0.035572306
 0.028637003
 0.025540125
 0.024987909
 0.017679872
 0.019991788
 0.013969513
 0.021732310
 0.010265800
 0.025131102
 0.015860080
 0.037058067
 0.011864465
 0.034632315
 0.029149761
 0.025956766
 0.015051282
 0.022557077
 0.023486431
 0.021846688
 0.031839707
 0.012206388
 0.028760581
 0.030603075
 0.034999184
 0.033225347
 0.022816982
 0.035873690
 0.019220334
 0.007275554
 0.007809042
 0.017339125
 0.025534274
 0.023178788
 0.014200211
 0.033345485
 0.029340448
 0.024677539
 0.010530046
 0.019584110
 0.036818668
 0.030323737
 0.013171103
 0.048213816
 0.030013314
 0.016105201
 0.011247559
 0.024744053
 0.025360560
 0.034633535
 0.032226171
 0.031455285
 0.018592269
 0.027020147
 0.019936760
 0.036500217
 0.017088316
 0.008936283
 0.024957895
 0.034707481
 0.027028548
 0.031141932
 0.010436908
 0.035719365
 0.034262157
 0.037332192
 0.015385182
 0.019315675
 0.029100378
 0.029471597
 0.033770133
 0.037391648
 0.027055566
 0.016340026
 0.024972050
 0.030976832
 0.023806074
 0.010956024
 0.028432427
 0.033682804
 0.013658506
 0.022901675
 0.032066995
 0.035979860
 0.011383374
 0.020158675
 0.013478686
 0.030066115
 0.035186909
 0.020041175
 0.010555595
 0.034704473
 0.019998899
 0.023350223
 0.016213656
 0.024722343
 0.016794776
 0.024848300
 0.032678883
 0.031834054
 0.016336861
 0.009561581
 0.011490411
 0.011186554
 0.025922411
 0.021783545
 0.022772034
 0.020883474
 0.031976629
 0.027230650
 0.024735597
 0.016122954
 0.038398942
 0.019755127
 0.011955922
 0.024060163
 0.028783079
 0.016246074
 0.034661476
 0.035004589
 0.032424302
 0.014393930
 0.034270859
 0.024703891
 0.005989588
 0.015026549
 0.033164116
 0.023691323
 0.038095199
 0.028586416
 0.025086615
 0.013161391
 0.015238118
 0.026698727
 0.048086461
 0.037636837
 0.019307429
 0.011221719
 0.017735649
 0.020652638
 0.012421489
 0.022989472
 0.024446848
 0.030736943
 0.036264518
 0.012715513
 0.021322343
 0.027040970
 0.016668668
 0.015011147
 0.032861152
 0.016219739
 0.023536849
 0.033346929
 0.003756179
 0.008805145
 0.014708913
 0.018805997
 0.025585831
 0.008594780
 0.019240465
 0.023440263
 0.018107320
 0.036325238
 0.038775397
 0.037019582
 0.026205569
 0.010668071
 0.019238151
 0.016941034
 0.014988052
 0.019194229
 0.020260127
 0.022303924
 0.027839067
 0.024599809
 0.048072807
 0.034082854
 0.027215367
 0.021072820
 0.017454356
 0.006072433
 0.024399158
 0.036787768
 0.018496669
 0.028408217
 0.015896531
 0.015031033
 0.011301413
 0.006142340
 0.006247119
 0.005491238
 0.012718889
 0.020939181
 0.035676324
 0.035038155
 0.034484810
 0.033663286
 0.032670205
 0.030826218
 0.021561065
 0.034175487
 0.035790905
 0.034741943
 0.033609362
 0.031538073
 0.030561894
 0.033927218
 0.032181134
 0.025081555
 0.037862540
 0.037279787
 0.034068229
 0.024259958
 0.025215315
 0.026610515
 0.028455065
 0.037088626
 0.038013063
 0.037489633
 0.037597255
 0.032174064
 0.036801030
 0.035295679
 0.032361162
 0.032947606
 0.027589552
 0.020383939
 0.036697313
 0.036913962
 0.036148793
 0.033872016
 0.032857487
 0.035558115
 0.030765699
 0.034196352
 0.022155336
 0.021523278
 0.034065159
 0.035227040
 0.036671515
 0.034044865
 0.032580442
 0.030724106
 0.031073622
 0.021541896
 0.026955226
 0.036068235
 0.035271059
 0.034525842
 0.033243815
 0.024194674
 0.037349504
 0.034236693
 0.032943617
 0.032369342
 0.032550067
 0.034014611
 0.034151347
 0.033884905
 0.033777079
 0.033552068
 0.037682510
 0.036598526
 0.033390148
 0.032177283
 0.030330282
 0.029678262
 0.029138710
 0.031846784
 0.030438912
 0.024641155
 0.032083780
 0.034227711
 0.017030208
 0.035906442
 0.036764842
 0.035971863
 0.035668552
 0.034620105
 0.033946901
 0.025104821
 0.037361972
 0.035678757
 0.034945819
 0.033712601
 0.032838029
 0.028923663
 0.029718716
 0.030172400
 0.033479047
 0.048106902
 0.037401274
 0.034872610
 0.030643751
 0.031287153
 0.023011844
 0.037444069
 0.038143625
 0.037431576
 0.037310403
 0.037003924
 0.036699884
 0.035653504
 0.035160672
 0.034123646
 0.031306865
 0.029838059
 0.030687963
 0.024593760
 0.037364735
 0.037455752
 0.034750446
 0.032608629
 0.029015715
 0.030095835
 0.037371091
 0.037646442
 0.034749617
 0.034731605
 0.038353954
 0.037559727
 0.037240633
 0.035327716
 0.030698560
 0.029536483
 0.029894886
 0.015703442
 0.027783868
 0.026719494
 0.027743808
 0.029655097
 0.032574858
 0.038147660
 0.036706754
 0.028212473
 0.038368192
 0.038498273
 0.033199126
 0.031644435
 0.045961289
 0.025486921
 0.038004875
 0.034901065
 0.037850955
 0.038708167
 0.038308689
 0.036335784
 0.035984858
 0.034720484
 0.033729723
 0.032540137
 0.025350987
 0.026210973
 0.027651567
 0.028394459
 0.025034076
 0.037296124
 0.035619953
 0.026458521
 0.038873895
 0.037153111
 0.034791490
 0.034486991
 0.030338879
 0.029462125
 0.024390739
 0.024447443
 0.038613914
 0.035663014
 0.037845395
 0.030626236
 0.029297805
 0.023935276
 0.026842989
 0.028962324
 0.026901335
 0.036854250
 0.033440533
 0.032726151
 0.031900902
 0.029443203
 0.028142767
 0.028057625
 0.024304656
 0.024964163
 0.028675743
 0.038573670
 0.038190896
 0.036863254
 0.034883057
 0.026376304
 0.023724232
 0.038477895
 0.035720437
 0.034529672
 0.034198064
 0.029558702
 0.024133637
 0.028294567
 0.026957664
 0.013921885
 0.033235911
 0.032472305
 0.030933288
 0.030307030
 0.032011358
 0.023602334
 0.023771495
 0.027480206
 0.018452470
 0.023621817
 0.026098626
 0.020763249
 0.024122663
 0.022755299
 0.022856194
 0.037577741
 0.036502301
 0.033823018
 0.032787227
 0.029800027
 0.029314629
 0.029475170
 0.024848797
 0.027129094
 0.027717288
 0.026872228
 0.026336389
 0.026163103
 0.023029130
 0.022418509
 0.027043012
 0.024360660
 0.025773723
 0.034882731
 0.035635807
 0.034634999
 0.029576324
 0.029340796
 0.047837548
 0.023733339
 0.025127636
 0.026788061
 0.027550683
 0.027026566
 0.026769665
 0.026932736
 0.027613897
 0.027462363
 0.025649309
 0.037006185
 0.037187601
 0.036252471
 0.032084378
 0.031523827
 0.028929840
 0.026921635
 0.029143327
 0.026591867
 0.036317635
 0.028749175
 0.030824440
 0.020172643
 0.018618608
 0.020546927
 0.018441942
 0.037459153
 0.037041669
 0.036381438
 0.035981561
 0.034065264
 0.032976838
 0.031454381
 0.030497497
 0.029206939
 0.023602985
 0.023804283
 0.024160368
 0.026667616
 0.027090690
 0.027155285
 0.027965022
 0.028603869
 0.028151913
 0.022283712
 0.038745741
 0.022045287
 0.020157258
 0.037085739
 0.034037430
 0.027182915
 0.024069717
 0.025691195
 0.026745151
 0.027040794
 0.018224727
 0.030468941
 0.025785490
 0.023438569
 0.029305037
 0.021699787
 0.036977105
 0.034565583
 0.030299358
 0.029826678
 0.028954680
 0.019676094
 0.028550032
 0.029805532
 0.028980990
 0.028595422
 0.026392927
 0.020143816
 0.031869139
 0.027234333
 0.035722878
 0.030295750
 0.029551040
 0.024135381
 0.029562783
 0.029918494
 0.029945063
 0.029163836
 0.021888772
 0.034497709
 0.034958426
 0.034116676
 0.030439890
 0.029141324
 0.029310276
 0.029240025
 0.046706754
 0.025856340
 0.026153581
 0.026079645
 0.026529096
 0.028180347
 0.030831313
 0.030217718
 0.022743630
 0.025404004
 0.026871145
 0.036450322
 0.036393923
 0.034133781
 0.033019075
 0.032939033
 0.031415374
 0.027860403
 0.030541390
 0.030154481
 0.018749158
 0.025767357
 0.030717083
 0.021976191
 0.044708491
 0.032957977
 0.036326803
 0.035298638
 0.034874395
 0.034325951
 0.028436070
 0.023652043
 0.030132099
 0.030764336
 0.030513662
 0.022736364
 0.030904940
 0.033104184
 0.025523945
 0.026164826
 0.036829022
 0.034027811
 0.027896517
 0.028428031
 0.025070245
 0.025617343
 0.027093889
 0.028916530
 0.029723132
 0.031095465
 0.031184571
 0.030985617
 0.030428019
 0.015256841
 0.029496023
 0.020248611
 0.033298926
 0.032266496
 0.029662060
 0.027625463
 0.027374930
 0.027879218
 0.028849619
 0.014622167
 0.045555219
 0.022933599
 0.023649701
 0.026627536
 0.029222607
 0.030023813
 0.029765470
 0.048192629
 0.016224884
 0.016697089
 0.027586146
 0.021815508
 0.022039731
 0.032104932
 0.031363496
 0.030497169
 0.030565632
 0.028739912
 0.017422240
 0.026100243
 0.028174284
 0.019770495
 0.035697550
 0.035222009
 0.034568586
 0.033441941
 0.032706916
 0.031304044
 0.031169565
 0.028374515
 0.028736213
 0.031813456
 0.024244441
 0.023466893
 0.024971845
 0.027638826
 0.028803866
 0.029586613
 0.030863730
 0.030928048
 0.023639418
 0.019120597
 0.032321943
 0.030182180
 0.046802730
 0.030988963
 0.029640343
 0.024558736
 0.028065226
 0.047221870
 0.024020505
 0.035705077
 0.034863402
 0.034551898
 0.033369654
 0.030289369
 0.028380994
 0.025922446
 0.026569734
 0.022973114
 0.023584318
 0.023846060
 0.029250104
 0.027351295
 0.029588340
 0.025088730
 0.026186207
 0.032976539
 0.032618479
 0.030556526
 0.030321390
 0.027695706
 0.026712011
 0.018684047
 0.023337944
 0.024854274
 0.026409063
 0.027691503
 0.028791329
 0.029009107
 0.019752995
 0.019473726
 0.018243194
 0.034124530
 0.034329179
 0.028914732
 0.031134662
 0.025204297
 0.022693314
 0.023013137
 0.022868277
 0.023753435
 0.038117949
 0.035872764
 0.038832465
 0.036832265
 0.034040804
 0.032413209
 0.030904656
 0.031598370
 0.033780622
 0.036611183
 0.032250986
 0.038590981
 0.036912649
 0.031366377
 0.029908544
 0.029363130
 0.030544203
 0.031975457
 0.033432819
 0.034362515
 0.035405364
 0.037485668
 0.034009898
 0.032945233
 0.029013888
 0.028322556
 0.029272058
 0.033321483
 0.036391207
 0.037294117
 0.031030385
 0.029418923
 0.031915512
 0.032666052
 0.033469888
 0.034575563
 0.030853649
 0.031576663
 0.032063534
 0.033877719
 0.032289553
 0.029407344
 0.027818406
 0.028071632
 0.029073515
 0.030410062
 0.031456321
 0.036261277
 0.030489794
 0.027703666
 0.027915752
 0.030480681
 0.032504682
 0.035975737
 0.034402554
 0.029281437
 0.026205886
 0.026430932
 0.026127254
 0.028682450
 0.029675667
 0.030905867
 0.032783405
 0.032446709
 0.035607554
 0.033241295
 0.033171761
 0.030434892
 0.026921503
 0.026930087
 0.030279017
 0.028083078
 0.031403519
 0.031832111
 0.035726095
 0.032094997
 0.030652241
 0.023697986
 0.027109173
 0.028545035
 0.027962868
 0.028836356
 0.028587608
 0.028670394
 0.029845883
 0.031347550
 0.031935460
 0.032643488
 0.033680075
 0.034875326
 0.036690393
 0.035845596
 0.031842033
 0.030268664
 0.029060111
 0.030253507
 0.031057416
 0.037227214
 0.036773761
 0.035419388
 0.034595528
 0.030991472
 0.030462343
 0.031260731
 0.026029661
 0.026141076
 0.026933745
 0.028743149
 0.030354948
 0.031034513
 0.032225087
 0.037733334
 0.037137253
 0.034662168
 0.028797398
 0.023954977
 0.026667479
 0.028067466
 0.027938510
 0.029268954
 0.028584468
 0.033903508
 0.037605360
 0.024254132
 0.025172065
 0.023701837
 0.025170593
 0.025452413
 0.025619271
 0.026085607
 0.027786242
 0.030589424
 0.023931396
 0.033015092
 0.031805401
 0.028490643
 0.028756475
 0.022183238
 0.021876522
 0.020780692
 0.024936616
 0.024152350
 0.024689089
 0.025108323
 0.028292279
 0.029596474
 0.031036186
 0.030743980
 0.028571655
 0.026308295
 0.026398153
 0.025011104
 0.021740748
 0.023617297
 0.027009498
 0.026688990
 0.028768217
 0.029516811
 0.032538409
 0.036705302
 0.033434050
 0.029519652
 0.026994677
 0.019458413
 0.021557225
 0.023723963
 0.021929746
 0.021999762
 0.022972170
 0.022598404
 0.022998965
 0.037113791
 0.035798074
 0.029054685
 0.023337527
 0.022084423
 0.019468981
 0.022352421
 0.025597956
 0.027776173
 0.036497414
 0.035183082
 0.028115197
 0.023204773
 0.024789817
 0.023690259
 0.018857735
 0.018360854
 0.021506999
 0.024693803
 0.025119812
 0.028842218
 0.030935091
 0.028622838
 0.029676566
 0.023735737
 0.032125025
 0.026503929
 0.021348996
 0.019412737
 0.019389878
 0.020541964
 0.021363811
 0.024079093
 0.026010449
 0.025566259
 0.035554741
 0.033872578
 0.033025990
 0.028174995
 0.027769621
 0.021389149
 0.017262557
 0.016793467
 0.019799763
 0.020888740
 0.020354400
 0.020854359
 0.021147283
 0.022789425
 0.024182861
 0.023893141
 0.025780575
 0.028336397
 0.036049304
 0.027383040
 0.026171391
 0.025520276
 0.025141290
 0.024652513
 0.021755877
 0.018702951
 0.019713130
 0.019835102
 0.022258116
 0.022774350
 0.023110928
 0.026879582
 0.018050395
 0.027470257
 0.026650163
 0.026124545
 0.022841365
 0.021147595
 0.020815786
 0.016650011
 0.015679695
 0.018001156
 0.018391100
 0.021857255
 0.023283456
 0.027894306
 0.027999182
 0.030224445
 0.034263988
 0.031102864
 0.027692876
 0.026775739
 0.021328354
 0.017667399
 0.015719541
 0.016769763
 0.021923619
 0.026008668
 0.030006984
 0.030141950
 0.031180302
 0.029106431
 0.026321015
 0.020262359
 0.019133047
 0.015816276
 0.014527882
 0.018406639
 0.019399193
 0.024162890
 0.026397708
 0.030602030
 0.019338076
 0.026405107
 0.019355272
 0.017842289
 0.017058451
 0.021246335
 0.026229943
 0.028172254
 0.029166214
 0.031039352
 0.018961857
 0.017946987
 0.031170584
 0.028727753
 0.024999128
 0.025181136
 0.019084543
 0.019188652
 0.018975974
 0.020880033
 0.024206703
 0.027836060
 0.029141501
 0.031949957
 0.032286392
 0.029096195
 0.024512585
 0.016921638
 0.014016271
 0.014740339
 0.016792255
 0.030275778
 0.030317638
 0.030322571
 0.029797494
 0.022216095
 0.021668424
 0.025932176
 0.024704770
 0.025135889
 0.021780375
 0.022965667
 0.017915115
 0.017322265
 0.022849972
 0.024374077
 0.028903465
 0.033719090
 0.020825887
 0.020266112
 0.020704266
 0.017748013
 0.027288653
 0.026608574
 0.026079407
 0.022124720
 0.021742629
 0.019399036
 0.017167386
 0.025793086
 0.027519708
 0.028416563
 0.031476924
 0.023752818
 0.035886078
 0.020330795
 0.016842660
 0.024933506
 0.024941102
 0.024001763
 0.021922899
 0.022155321
 0.020847822
 0.017442625
 0.017696567
 0.020283069
 0.021136720
 0.026130057
 0.027137530
 0.029346148
 0.031863333
 0.032257734
 0.032851187
 0.022460509
 0.026628237
 0.028193768
 0.029436846
 0.027665096
 0.026582874
 0.026355499
 0.025403022
 0.025433412
 0.021467176
 0.024151063
 0.021069352
 0.028918228
 0.036764563
 0.025021924
 0.029057292
 0.019533578
 0.018366745
 0.022984831
 0.025547760
 0.026083355
 0.028890781
 0.034266003
 0.034302084
 0.023070771
 0.022716488
 0.015981046
 0.039947375
 0.017829715
 0.024331290
 0.025477449
 0.028888540
 0.029501945
 0.026224494
 0.020887024
 0.031044695
 0.030980391
 0.033721896
 0.025364684
 0.026584922
 0.024805320
 0.038295406
 0.032028666
 0.030005568
 0.027987421
 0.027491735
 0.026316454
 0.026394165
 0.024190232
 0.024006266
 0.022832851
 0.019010700
 0.021512742
 0.025118057
 0.027895840
 0.032894667
 0.033374695
 0.034784288
 0.017059174
 0.024039232
 0.023691362
 0.028081148
 0.028148578
 0.027592321
 0.028389862
 0.031073279
 0.032163396
 0.034063168
 0.034528107
 0.022985708
 0.027091293
 0.016222329
 0.016296807
 0.026534419
 0.022162519
 0.020643634
 0.031849741
 0.032769756
 0.029669946
 0.027800866
 0.024669868
 0.024136847
 0.022741000
 0.026969667
 0.027485046
 0.033298317
 0.033870233
 0.019646189
 0.015195029
 0.027066501
 0.029623652
 0.026204812
 0.024769661
 0.023648902
 0.018791273
 0.034616567
 0.033688074
 0.031071310
 0.028600069
 0.024815977
 0.023659564
 0.026909524
 0.030292294
 0.032405717
 0.032851101
 0.032975250
 0.025616448
 0.012491829
 0.022604370
 0.016598369
 0.025854238
 0.025049403
 0.023739260
 0.021403933
 0.032932356
 0.028829019
 0.028269520
 0.029296918
 0.030960805
 0.031849563
 0.018170485
 0.020433161
 0.022712392
 0.017629763
 0.033190149
 0.036002716
 0.031925852
 0.031771276
 0.029776507
 0.029047840
 0.030844834
 0.031564402
 0.031813442
 0.022381270
 0.022008426
 0.019513962
 0.031730520
 0.031402875
 0.031673970
 0.029748636
 0.026071938
 0.029213766
 0.022015336
 0.022188851
 0.026923678
 0.025735528
 0.020812024
 0.023877947
 0.022412780
 0.022239107
 0.017355689
 0.037481838
 0.036754711
 0.036582869
 0.035509713
 0.034666421
 0.033186570
 0.027077629
 0.031949279
 0.032671982
 0.030834802
 0.030632185
 0.014633647
 0.022432038
 0.023918673
 0.020581974
 0.019793089
 0.024201678
 0.024161036
 0.025102147
 0.019007881
 0.018867941
 0.037802743
 0.036840631
 0.024038577
 0.020788185
 0.032816620
 0.032512761
 0.032649664
 0.030979106
 0.023856511
 0.023905169
 0.023446054
 0.043928827
 0.028075464
 0.023041467
 0.023782525
 0.027630082
 0.029785261
 0.034910380
 0.033761881
 0.047122584
 0.035852450
 0.026107642
 0.034005835
 0.034532936
 0.033694294
 0.037337454
 0.047347614
 0.035156548
 0.042786442
 0.022339703
 0.029151825
 0.046849827
 0.043460234
 0.045808105
 0.046357598
 0.021630368
 0.036651795
 0.028065843
 0.023299702
 0.041842485
 0.032061530
 0.025297364
 0.044963713
 0.033453483
 0.035120438
 0.045010031
 0.038907425
 0.024025657
 0.029201973
 0.026574540
 0.019195772
 0.036157969
 0.030421854
 0.021071747
 0.032785619
 0.045064637
 0.044397704
 0.028155343
 0.032337167
 0.021333274
 0.037105832
 0.041764519
 0.026190471
 0.022390817
 0.043201638
 0.025782449
 0.030175537
 0.028120146
 0.033370938
 0.026870452
 0.020681698
 0.027381912
 0.029143130
 0.022739604
 0.041213890
 0.025435822
 0.032973961
 0.031918764
 0.046097305
 0.038620895
 0.022415814
 0.023120333
 0.022808217
 0.030436499
 0.040345103
 0.038958369
 0.025641472
 0.021034610
 0.043514442
 0.038335470
 0.030817894
 0.021956481
 0.042813679
 0.024500372
 0.002698568
 0.003094763
 0.003136863
 0.022208249
 0.022425784
 0.002405763
 0.002408880
 0.002537843
 0.006290706
 0.002537537
 0.003863857
 0.003236590
 0.002882773
 0.002602671
-0.001419552
-0.000380221
-0.002233090
-0.001456489
 0.027616051
 0.026446654
 0.028752297
 0.008421585
 0.008208209
 0.009081773
 0.028676151
 0.028067323
 0.025889384
 0.024832899
 0.024551181
 0.024403679
 0.013022186
 0.011627381
 0.024193841
 0.015630685
 0.015641858
 0.015465350
 0.015670884
 0.024706271
 0.002682328
 0.022839142
 0.023331221
 0.024727208
 0.024654774
 0.024437100
 0.022201138
 0.013126113
 0.013255825
 0.013399718
 0.000476161
 0.004460931
 0.027578274
 0.028607927
 0.027830997
-0.001629826
-0.004393212
-0.001037230
 0.015941178
 0.015439271
 0.013951968
 0.017411260
 0.017842115
 0.016680995
 0.024177227
 0.023768631
 0.015418328
 0.015429559
 0.015391534
 0.023402715
 0.023501852
 0.023620373
 0.023364463
 0.023298680
 0.012362447
 0.024959828
 0.024382682
 0.022858855
 0.013143287
 0.002432416
 0.002397916
 0.022709320
 0.022857139
 0.022715062
 0.002515720
 0.009587261
 0.009152657
 0.027416912
 0.026762252
 0.022801314
 0.028631262
 0.006845223
-0.001817082
-0.003809194
 0.022075883
 0.017464928
 0.018730434
 0.015592488
 0.016608025
 0.015586711
-0.001115110
 0.000575360
 0.021271698
 0.020350416
-0.002901852
-0.005182805
-0.004566548
 0.018182797
 0.019666550
 0.020220811
 0.002110131
 0.005667660
 0.006943189
 0.005428729
 0.007013394
 0.004696584
 0.000965934
-0.001644885
-0.004062453
 0.017142739
 0.014873462
 0.018054684
 0.018768915
 0.016182315
 0.014384054
 0.014301767
 0.015485901
 0.014916306
-0.004879103
-0.004898528
 0.023191483
 0.001689680
 0.002130237
 0.013786178
 0.013405719
 0.011981614
 0.006829058
 0.005742174
 0.020831845
 0.021145984
 0.006954745
 0.006900257
 0.018112177
 0.015216761
 0.002767119
 0.009612681
 0.012101267
 0.011616042
 0.002821834
 0.002696498
 0.013893195
 0.019642060
 0.013081233
 0.012744172
 0.013358063
 0.003119485
 0.014910483
 0.014320429
 0.015362927
 0.018548100
 0.010098029
 0.011732674
 0.009403076
 0.010901352
 0.008817679
 0.007107512
 0.009885433
 0.016144699
 0.018145700
 0.004336154
 0.013232196
 0.028886441
 0.029421029
 0.029004114
 0.030290767
 0.029008168
 0.030921080
 0.028421490
 0.027016181
 0.022981085
 0.034095363
 0.030646074
 0.030874393
 0.019809430
 0.018354249
 0.019282797
 0.019346395
 0.024050057
 0.025233770
 0.030954409
 0.034628067
 0.023082407
 0.023721035
 0.022939057
 0.035772876
 0.035344521
 0.035979282
 0.012988082
 0.012166571
 0.017295248
 0.017592636
 0.015922310
 0.014069000
 0.018889371
 0.020083560
 0.019123876
 0.015440375
 0.019637468
 0.032662820
 0.019900447
 0.032285778
 0.014198211
 0.019253152
 0.018553790
 0.030477043
 0.029496243
 0.030357919
 0.030536507
 0.023591605
 0.030953211
 0.018193269
 0.031008152
 0.021414890
 0.019872619
 0.030541860
 0.019095291
 0.016246825
 0.016566164
 0.016711637
 0.014868647
 0.013875891
 0.030532946
 0.030518224
 0.006569763
 0.006985661
 0.029583203
 0.010190671
 0.010016110
 0.006699173
 0.011732492
 0.010249605
 0.006763781
 0.019929637
 0.011031267
 0.012771971
 0.011176134
 0.022825078
 0.023219052
 0.015752163
 0.023493175
 0.022031123
 0.024115055
 0.011533790
 0.013214413
 0.013278393
 0.018075544
 0.019690577
 0.010269225
 0.023584096
 0.023726878
 0.023989207
 0.030225241
 0.019298458
 0.019398057
 0.015878890
 0.015089890
 0.015418216
 0.015631105
 0.018260964
 0.019281778
-0.001680882
-0.004390637
 0.024707858
 0.006682043
 0.009965007
 0.013654711
 0.013864020
 0.013098961
 0.002918873
 0.002637120
 0.037195346
 0.013534153
 0.028015916
 0.036924451
 0.037001178
 0.037044163
 0.037077660
 0.014194458
 0.028635640
 0.003945864
 0.002064345
 0.019753332
 0.019714846
 0.002960665
 0.024888490
 0.013330698
 0.014606449
 0.019378246
-0.004325537
 0.024315899
 0.025862576
 0.023584348
 0.027948442
 0.026593237
 0.016897318
 0.016211290
 0.018409603
 0.006659080
 0.020792954
 0.016748369
 0.019652924
 0.024755665
 0.022862042
 0.004652766
-0.004539602
 0.026148842
 0.029364248
 0.028074814
 0.026510913
 0.021395683
 0.021418303
 0.026442320
 0.001681976
 0.021492877
 0.018203518
 0.010926551
 0.009985714
 0.010265630
 0.002531862
 0.026157684
 0.025086210
 0.024329843
 0.020038214
 0.020102629
 0.018697590
 0.018927923
 0.025609220
 0.026301694
 0.023925995
 0.025043584
 0.023907203
 0.023898274
 0.008525110
 0.010036737
 0.012340128
 0.009686041
 0.017230743
 0.016722400
 0.016413390
 0.016590668
 0.016499109
 0.016248736
 0.016423061
 0.016265758
 0.024146718
 0.016573712
 0.016738378
 0.019502534
 0.018456875
 0.015030772
 0.020913537
 0.022874336
 0.022749233
 0.020914248
 0.020913424
 0.021176438
 0.020544988
 0.021685311
 0.019802969
 0.023875516
 0.022950164
 0.018918010
 0.018401727
 0.018079235
 0.012797077
 0.026476422
 0.027951502
 0.024917038
 0.025011144
 0.013067964
 0.011426678
 0.035342427
 0.021780831
 0.015729525
 0.030454589
 0.029314333
 0.030475358
 0.030426909
 0.036828076
 0.036470308
 0.035853137
 0.009361344
 0.009440667
 0.010334136
 0.009911657
 0.009877041
 0.011008778
 0.018978993
 0.018963579
 0.018887280
 0.019015564
 0.028033952
 0.016723478
 0.016851478
 0.021011093
 0.021919174
 0.019861743
 0.018230518
 0.018654169
 0.017805026
 0.024844043
 0.017661070
 0.017343724
 0.025937243
 0.020068220
 0.013651096
 0.037191982
 0.016026515
 0.030565732
 0.030485113
 0.022214759
 0.017924575
 0.016478408
 0.016990660
 0.018269617
 0.019508386
 0.013933856
 0.014646122
 0.013433279
 0.019381794
 0.015036300
 0.015443895
 0.014579561
 0.022444956
 0.010762424
 0.009446151
 0.023882002
 0.023893644
 0.006276800
 0.015782625
 0.014523176
 0.024381914
 0.022793521
 0.005338524
 0.007174792
 0.025427596
 0.009067470
 0.011044737
 0.018380077
 0.019507440
 0.011381345
 0.023483558
 0.025039397
 0.008783450
 0.008488052
 0.011135350
 0.010400490
 0.023200280
 0.020168369
 0.009097860
 0.014101230
 0.003115835
 0.023317995
 0.025492624
 0.004867735
 0.017717927
 0.025352789
 0.025459238
 0.024591515
 0.005136948
 0.030410876
 0.029740682
 0.029024071
 0.028930386
 0.028903502
 0.028885996
 0.028886126
 0.029014428
 0.031260494
 0.032951392
 0.028979777
 0.029023524
 0.029034121
 0.029015818
 0.028737238
 0.028728304
 0.028772732
 0.028797854
 0.028786572
 0.034841545
 0.020168514
 0.020141532
 0.019664030
 0.019914287
 0.019464055
 0.027938483
 0.019463018
 0.027971461
 0.027492926
 0.026761818
 0.026734486
 0.025906638
 0.019098601
 0.019081810
 0.025839351
 0.025702411
 0.032980462
 0.019427333
 0.019428602
 0.030236399
 0.029593351
 0.028959244
 0.028344074
 0.028101104
 0.027758953
 0.026587180
 0.025920407
 0.025811630
 0.023779938
 0.023675075
 0.023320783
 0.021455809
 0.021717950
 0.021933755
 0.023206326
 0.021384555
 0.020566558
 0.018679994
 0.026469920
 0.025324143
 0.026302439
 0.018085166
 0.017463019
 0.019337453
 0.023728838
 0.024206879
 0.027481540
 0.026613048
 0.027697846
 0.028019382
 0.028216564
 0.028302168
 0.029230220
 0.028910267
 0.020219060
 0.023119394
 0.023552541
 0.025252650
 0.024776414
 0.016374458
 0.013989865
 0.015242882
 0.020178340
 0.019454527
 0.020230306
 0.020551779
 0.021036828
 0.020835590
 0.022696999
 0.022611122
 0.024358761
 0.021219812
 0.021111953
 0.016796414
 0.018328167
 0.019131796
 0.018592390
 0.020459554
 0.015432872
 0.013587042
 0.016729374
 0.015667131
 0.016735723
 0.019994764
 0.014401509
 0.013560568
 0.018291439
 0.015823367
 0.013827240
 0.014983321
 0.013462047
 0.013298133
 0.013305828
 0.017856720
 0.019041867
 0.017510716
 0.016665234
 0.016131527
 0.024506846
 0.024679917
 0.024440978
 0.024420539
 0.019042209
 0.019031992
 0.019070250
 0.019122484
 0.019118680
 0.013863632
 0.015481528
 0.025885697
 0.025712641
 0.025858986
 0.025806796
 0.022551025
 0.022094374
 0.019647157
 0.020007326
 0.016817869
 0.026321759
 0.017419649
 0.021458988
 0.018547305
 0.019558526
 0.022819527
 0.019643439
 0.021633017
 0.022013246
 0.025007273
 0.022668318
 0.016517800
 0.014820982
 0.017194766
 0.023023075
 0.026169900
 0.017186101
 0.023951866
 0.026523113
 0.026683165
 0.027290358
 0.017113323
 0.028558575
 0.029650090
 0.017337081
 0.018343204
 0.029752604
 0.023751708
 0.025373268
 0.025772609
 0.028321879
 0.026489571
 0.010017306
 0.012862082
 0.014257814
 0.009224253
 0.012862082
-0.005279761
 0.009224253
 0.010017306
-0.005279761
 0.014257814
 0.009224253
 0.010017306
 0.012862082
 0.002377240
 0.014257814
 0.012862082
-0.005279761
 0.002377240
 0.010017306
-0.005279761
 0.002377240
 0.014257814
