0.0297803
0.0292959
0.0208065
0.0395501
0.0318884
0.0345859
0.0389921
0.0519792
0.0519092
0.00968494
0.0190701
0.0031427
0.00648896
-0.00267834
-0.00308282
-0.00615528
0.00968494
0.05121
0.0031427
0.0197161
-0.00267834
0.00283823
-0.00615528
-0.000798685
0.0190701
0.0031427
0.027301
0.0102622
-0.00308282
-0.00615528
0.0133267
-0.000137013
0.0031427
0.0197161
0.0102622
0.0610281
-0.00615528
-0.000798685
-0.000137013
0.0249453
0.00648896
-0.00267834
-0.00308282
-0.00615528
0.0542877
0.0144812
0.0167304
0.00515204
-0.00267834
0.00283823
-0.00615528
-0.000798685
0.0144812
0.0585855
0.00515204
0.0213033
-0.00308282
-0.00615528
0.0133267
-0.000137013
0.0167304
0.00515204
0.0577809
0.0291946
-0.00615528
-0.000798685
-0.000137013
0.0249453
0.00515204
0.0213033
0.0291946
0.0769525
