1
0.0816894
0.048908
0.0634336
0.042429
0.0438122
0.0206743
0.0180355
-0.0146325
2
0.048908
0.0805059
0.042429
0.0738553
0.0206743
0.0376174
-0.0146325
0.0356581
3
0.0634336
0.042429
0.0481075
0.0507027
0.0180355
-0.0146325
0.0565528
0.0372839
4
0.042429
0.0738553
0.0507027
0.100578
-0.0146325
0.0356581
0.0372839
0.0956552
5
0.0438122
0.0206743
0.0180355
-0.0146325
0.0861761
0.0621996
0.0689011
0.0599696
6
0.0206743
0.0376174
-0.0146325
0.0356581
0.0621996
0.0931715
0.0599696
0.0858892
7
0.0180355
-0.0146325
0.0565528
0.0372839
0.0689011
0.0599696
0.0967731
0.103875
8
-0.0146325
0.0356581
0.0372839
0.0956552
0.0599696
0.0858892
0.103875
0.128932
