 0.013141015
 0.086651059
 0.154399389
 0.016101602
 0.093979297
 0.139019316
 0.012757306
 0.081529482
 0.169369641
 0.117562880
 0.064167076
 0.056170613
 0.059833804
 0.044587863
 0.067664586
 0.003252267
 0.094351138
 0.090270754
 0.167453442
 0.174733357
 0.015612686
 0.013191048
 0.005219974
 0.081534527
 0.041729253
 0.013049568
 0.073322325
 0.055523053
 0.033001193
 0.096566419
-0.004957148
 0.016178457
 0.050427117
-0.071087649
 0.012235935
-0.010086618
 0.006994599
 0.009132427
 0.010626645
 0.103933771
 0.166293211
 0.065875021
-0.023035875
-0.007280679
-0.011435028
 0.046259189
 0.017656442
 0.016573319
 0.010124853
 0.004000732
 0.000874176
 0.003404548
 0.005970350
 0.023982488
 0.011697651
 0.187414111
 0.005374177
 0.004321662
-0.000399009
 0.012186522
 0.003624618
-0.000882804
 0.004703900
 0.010607268
 0.013548759
-0.012438064
 0.010635038
-0.003045392
-0.002608930
-0.000556458
 0.002578549
 0.007672222
 0.013800177
 0.047452403
 0.150134475
 0.011743414
 0.036393425
-0.010353694
-0.011088420
-0.010870447
-0.015076289
-0.018990606
 0.003072360
-0.001417971
-0.003861486
 0.001237228
 0.008778983
 0.010875869
 0.009532017
 0.000016573
 0.011490493
-0.015050688
-0.016440285
 0.062457562
-0.008017874
-0.006471217
-0.004104786
-0.003338003
 0.010814923
-0.002997474
 0.012770655
 0.188981742
 0.152265465
 0.086880393
 0.000121288
-0.006152856
-0.000926098
-0.001089884
 0.004944398
 0.004882683
 0.124314120
-0.029470151
 0.001564941
 0.004062137
 0.003651149
 0.055740905
 0.058000576
-0.001922300
 0.065865349
-0.028545349
-0.003247581
 0.001499342
 0.013694874
 0.013455765
-0.013503449
-0.020542707
-0.024636062
-0.000835113
 0.000941647
-0.003155236
-0.005752830
 0.138565747
 0.034849910
-0.009254555
 0.152806645
-0.006538006
-0.008654744
-0.000010280
-0.001580419
-0.003827715
-0.000125910
 0.113663047
 0.013895334
-0.005322432
-0.016354689
-0.030009135
-0.023003254
-0.004333722
-0.006357863
-0.007913103
-0.010643494
-0.002134576
 0.007620502
 0.169719139
-0.014066613
 0.059351894
 0.075465106
-0.018208411
 0.009075799
 0.027273972
 0.004517851
-0.020165550
-0.028218096
 0.001421203
-0.005200394
-0.007391092
 0.061531773
 0.124849794
 0.077432401
-0.000690862
 0.074802580
-0.029080719
 0.000492128
-0.004463349
-0.027126676
-0.001984600
-0.000320584
-0.009428972
-0.011048610
 0.056707613
 0.049956028
-0.095063962
 0.116955549
-0.016772250
-0.018533826
 0.042003931
 0.008212734
 0.070304765
 0.019023348
 0.001303760
-0.003792286
-0.000185450
-0.007670698
-0.010140777
-0.008649384
-0.002021335
-0.005674066
-0.012540230
-0.008297659
 0.071816219
-0.023992656
 0.034619450
 0.042754980
 0.001826172
-0.008361288
-0.024503867
-0.022293811
-0.006280011
-0.004398292
-0.014893937
 0.077655700
-0.035662127
 0.089959952
-0.000150454
 0.005625964
-0.021665637
-0.020757448
-0.023824834
-0.009645024
-0.008658415
-0.009789652
-0.011798849
-0.013880866
 0.014178547
 0.089453786
 0.007313552
 0.005485289
-0.016917769
-0.042577565
 0.003913745
-0.017392441
 0.007232758
 0.001365085
 0.006462112
 0.139917130
-0.011594643
-0.010351299
-0.016925972
 0.079486028
 0.018049791
 0.053409440
 0.007158521
 0.003434501
 0.000733174
-0.014603723
 0.066698508
 0.061446371
 0.076614694
 0.080692459
 0.004936445
-0.004085059
-0.018893830
-0.020928725
-0.012831195
-0.012803407
-0.015325411
-0.012557528
-0.017804556
 0.063377007
 0.074459534
-0.000144453
 0.007595355
-0.002452049
-0.017544427
 0.056408128
 0.082354287
 0.103984358
 0.176262549
 0.113683496
 0.076097745
 0.142677769
 0.005717428
 0.009942886
 0.000910275
-0.000872551
-0.007024396
-0.013248852
 0.072274445
 0.043346787
 0.133534871
 0.129521258
-0.003042667
 0.006373010
 0.006297412
 0.005782563
 0.004245224
-0.018639668
 0.174332842
-0.013725163
-0.015182122
-0.018951228
 0.058911944
 0.065732266
 0.054010809
 0.099650083
 0.028765643
 0.095321660
 0.008617349
 0.005345157
 0.004543461
-0.001547845
 0.006630025
 0.000354516
-0.014516984
-0.017029247
-0.015723450
-0.018665861
-0.016787633
 0.076600830
 0.098665652
 0.042847476
 0.005073225
 0.003103293
 0.003205607
 0.098283109
-0.004584242
 0.007737272
-0.016274638
-0.021233804
-0.020245649
-0.018321747
-0.018192708
 0.152675993
 0.127776106
 0.097409161
 0.049143281
 0.071274566
 0.040002221
-0.003034249
-0.006842216
 0.008603032
 0.000217492
-0.008845918
-0.019133383
-0.019021696
 0.054394784
 0.047787830
 0.068161156
-0.004285319
 0.004390160
-0.010861371
-0.016677878
 0.123554264
 0.169240386
-0.016434340
 0.007200302
-0.085343995
-0.079432240
 0.010688492
 0.048602789
 0.082603859
-0.007796911
-0.004421825
-0.006895813
 0.001032738
 0.003584763
-0.013445714
 0.108548658
-0.001534347
 0.000002738
 0.109135164
 0.043351397
 0.134360567
-0.003461035
 0.007166869
 0.003054906
 0.001646750
 0.000994745
 0.004708913
-0.014644824
-0.015185058
-0.017751899
-0.011358836
 0.009723129
-0.000767512
 0.007717131
-0.002135388
-0.004806399
 0.176474342
 0.033906392
 0.148630704
 0.156200195
 0.003378404
 0.001534807
 0.001424178
 0.004651828
 0.002738104
-0.011471267
-0.001635773
-0.002906621
 0.071718163
 0.119133213
 0.098808339
-0.008532438
-0.009100432
-0.006975081
-0.003193888
 0.004491096
-0.007566921
-0.004246162
-0.005445923
-0.007944863
 0.004130432
 0.042993390
 0.108850907
-0.000830552
 0.104914020
 0.000542674
 0.008916010
 0.003305743
 0.177005049
 0.001130028
 0.007006697
 0.002510323
 0.004634104
 0.085169655
-0.008076871
 0.002194473
-0.007878334
 0.012909074
 0.009185057
 0.001620256
 0.004840097
-0.005936708
 0.079098898
 0.143168405
-0.005024869
 0.010858024
 0.006861251
 0.007422100
 0.007168878
 0.003089301
 0.075550010
 0.014426210
 0.011653461
 0.004097662
 0.004171887
 0.047752278
 0.072942058
 0.110408294
 0.059543579
-0.007232637
 0.000374551
 0.006249576
 0.006570373
 0.007096970
-0.003974255
 0.136305847
 0.008543327
 0.007836499
 0.106398046
 0.056278293
-0.004636925
 0.154905031
-0.010646932
 0.006832156
 0.002083420
 0.001296036
 0.002507000
-0.004534199
 0.047546764
 0.002718264
 0.010546601
 0.009112985
 0.112912489
 0.133074488
 0.007948336
 0.002416279
-0.005369420
 0.118687983
-0.003681297
 0.005388732
 0.064681553
 0.164431354
-0.005470684
-0.007017526
-0.004646945
 0.008873419
 0.001969537
-0.001667079
-0.005045262
-0.000671181
 0.006789262
 0.094811301
 0.013085976
 0.082306652
 0.001846038
-0.000492873
-0.001989018
 0.008169064
-0.002206437
 0.007655169
-0.003591964
-0.001447592
 0.090548097
 0.030730671
 0.008001694
 0.140742947
 0.073658487
-0.004089521
-0.001934560
 0.005463311
 0.001888244
 0.003263981
-0.002140775
 0.008586027
 0.171090308
 0.081650198
 0.008014050
-0.002175896
 0.002513175
 0.000912374
 0.008625502
-0.003261237
 0.004547818
 0.000297549
-0.001269614
 0.056323575
 0.001805252
 0.142229494
 0.124079183
-0.004274258
-0.009878044
-0.001483779
-0.004057815
-0.003800260
 0.012909696
-0.002677110
-0.002639046
-0.002481576
 0.000423472
 0.002507488
-0.008804547
-0.002375282
-0.004721405
 0.001887545
 0.004609250
 0.007257136
 0.017339979
 0.003462190
 0.006944182
 0.059601942
 0.034729507
 0.015070199
 0.024821942
 0.116294512
 0.000998270
 0.072366891
-0.000623064
 0.085657318
 0.045895382
 0.086499191
-0.005821058
-0.006554412
-0.004379714
 0.000989821
-0.028329151
 0.043089740
 0.064175248
 0.020992240
 0.025492962
 0.083795804
 0.021886065
 0.018110739
 0.027379467
 0.110827575
 0.019862945
 0.012785842
 0.014562699
 0.021217333
 0.009930602
 0.019456848
 0.012361718
-0.001490509
 0.004930968
 0.006956315
 0.010151544
 0.019830056
 0.022851829
 0.018230930
-0.031568802
 0.002282407
 0.010621388
 0.096653731
 0.089187476
 0.009272388
 0.011165348
 0.011748845
 0.008709676
 0.001557929
 0.002746611
-0.047128583
 0.071685267
 0.044914789
 0.006589254
 0.004411762
 0.088614133
 0.011854703
 0.010442288
 0.016522610
 0.006268630
 0.016128403
 0.014465650
 0.090626063
 0.118325157
 0.106857961
 0.011669513
 0.096694417
 0.059785612
 0.001177117
 0.005336650
 0.100918631
 0.034053085
 0.127013330
 0.094321409
 0.145996606
 0.113234088
 0.010500673
 0.008427554
 0.006462679
 0.099869075
 0.070840062
 0.065433983
 0.130244632
 0.012473670
 0.007128637
 0.002866859
 0.017440790
 0.067272428
 0.000321625
 0.119002189
 0.046863286
 0.092828076
 0.026973027
 0.012088642
 0.005041924
 0.001520806
-0.002307834
 0.014328803
 0.001027207
-0.000888914
-0.009519459
 0.004879757
 0.000567724
 0.136166396
 0.003683939
 0.079126407
 0.008019206
 0.001234141
 0.017231008
 0.016203294
 0.003231611
-0.009071517
 0.050411174
 0.112550249
 0.139884743
 0.124666388
 0.003615712
-0.005297350
 0.021537088
 0.028082470
 0.006217314
 0.084937233
 0.006197535
 0.012451790
-0.000564088
-0.006420087
-0.011366713
-0.000645241
 0.014810591
-0.004379020
 0.139401505
 0.066471879
 0.120813524
 0.151209486
 0.041360039
 0.057667433
 0.092306862
 0.009991874
 0.013241503
 0.005359195
 0.001446770
-0.002760026
 0.001349191
 0.030236706
 0.094085738
 0.058797149
-0.008716321
-0.014011417
 0.082952453
 0.057573332
-0.012242784
 0.004830746
 0.004586213
 0.039261700
 0.128659182
 0.021574028
-0.003230380
-0.001261325
 0.001078584
 0.000011363
 0.009024061
-0.005231542
-0.008357457
-0.017925457
 0.040014345
-0.006204465
-0.007785488
 0.002842422
-0.013921703
 0.031810764
 0.001986201
 0.010840175
 0.066456465
 0.066809366
 0.048773420
-0.006639761
-0.001418674
 0.115088532
 0.104457726
 0.085088004
-0.004583926
-0.024182356
 0.141807284
 0.006434825
 0.056023033
 0.066103915
 0.149492397
 0.037999985
 0.002544542
 0.004581755
-0.003199941
 0.000736954
-0.000658835
 0.127351919
 0.044361620
 0.151944034
-0.023897074
 0.089890527
 0.034377200
 0.085370778
 0.081435391
 0.096197092
 0.087624818
 0.003763375
-0.005932575
 0.004942599
-0.008537189
-0.007709610
-0.019118811
-0.019553698
-0.000617879
 0.053807633
 0.125779506
 0.051182896
 0.036702990
 0.139348614
 0.003830783
 0.008056639
-0.004852845
-0.006121469
-0.006634503
 0.150204153
 0.074671560
-0.000291871
 0.006744550
 0.001784278
-0.006581162
 0.013471659
 0.041970291
 0.004036867
 0.083488223
-0.000527329
 0.005219361
 0.001496943
 0.102240610
 0.015439062
 0.000047636
 0.105491047
 0.055139427
 0.003112315
 0.012483533
 0.011920939
 0.009102188
 0.003011743
-0.003995172
-0.003884893
-0.007503857
 0.026121763
 0.134527030
 0.103592951
 0.088187725
 0.145216677
 0.013105122
 0.008454144
 0.140945305
 0.089306635
 0.125918708
 0.095132063
-0.043006713
 0.002324494
 0.048900205
-0.008180051
-0.001334998
 0.011814583
-0.000094253
-0.008371113
 0.007894469
 0.137984870
 0.003755024
-0.000296856
 0.111553212
 0.041691938
 0.028485256
 0.014096463
 0.007273856
-0.002479147
 0.001199461
 0.047181231
 0.106146512
 0.090188646
 0.096567968
 0.048967079
 0.003390448
 0.109852666
 0.078097572
-0.014960183
 0.002638971
 0.100624709
 0.025487944
-0.007255265
 0.082580344
 0.104110485
 0.008861994
 0.002507602
 0.094760718
-0.001757264
 0.037865776
 0.109170220
 0.031655271
 0.136500404
 0.121605870
 0.002081002
 0.149542940
-0.018643060
-0.013330739
-0.000970987
 0.009138241
-0.002019348
 0.001898153
 0.001255602
 0.004389776
-0.004291108
 0.029886388
 0.048426460
 0.048675356
 0.113336008
 0.008329860
-0.005247071
 0.001802228
 0.008818855
 0.000873047
 0.010135004
 0.018569928
 0.003408951
 0.067727856
 0.046738876
 0.060820721
 0.138347998
 0.005308734
 0.005992290
-0.001256767
 0.050411833
 0.104989762
 0.102502700
 0.102063378
 0.045872521
 0.058405437
 0.075193164
 0.149912130
-0.002206069
 0.009127317
 0.002481103
 0.001033897
 0.141216953
 0.001947396
 0.057749468
 0.128659062
 0.121532713
 0.065260691
-0.008765951
 0.084429441
 0.036123974
 0.035190457
-0.001039303
 0.043137327
 0.079157116
-0.007297949
-0.003398359
-0.001952811
 0.008852946
 0.006361139
 0.002202385
 0.140835951
 0.104351929
 0.041485449
 0.036127461
 0.011448259
 0.066834030
 0.107602842
 0.005680941
 0.003798334
 0.114362819
 0.055969801
 0.078131946
 0.024995611
 0.069147424
 0.136215321
 0.132958461
 0.078685882
 0.035083971
 0.031153739
 0.030371083
 0.002588190
 0.127667494
 0.004762416
 0.055613937
 0.119036573
 0.046560068
 0.019003795
 0.018922597
 0.062504941
 0.005126479
 0.013455053
 0.002413358
 0.010287361
-0.052748486
-0.038385823
 0.023384568
 0.011546869
 0.008792343
-0.061368158
-0.059926777
-0.038598455
 0.014070832
 0.009633436
-0.053349128
-0.041281130
-0.040641675
 0.035728982
 0.077433388
-0.018097272
-0.060845373
 0.018075259
-0.056064181
-0.050854675
-0.043493044
-0.040112645
 0.074832725
 0.021212560
 0.016624954
-0.000794304
 0.079204553
 0.018478640
-0.053921780
-0.031472698
-0.034276847
 0.062271549
 0.139216049
 0.003076705
 0.022536409
 0.101371407
 0.012086704
 0.020033043
-0.036585358
-0.044000287
 0.124586379
 0.001181362
 0.015015784
 0.004473809
-0.000957950
 0.015875728
 0.019188150
 0.020625871
 0.020018454
-0.013019635
-0.039873091
 0.014407996
 0.098631378
 0.153282100
 0.003164142
 0.012330726
-0.013426860
-0.036337199
 0.008740455
 0.123699149
 0.011807384
 0.084683310
 0.086015364
 0.003470798
-0.008019789
 0.022243591
-0.016524119
-0.004478948
 0.005117355
 0.008155453
-0.001469885
-0.069969854
 0.049840024
 0.024068351
 0.110952036
-0.021503277
 0.011931131
 0.002310530
-0.005471645
-0.003840099
 0.008891900
 0.108404706
 0.002239675
 0.009819483
-0.005107457
 0.007833959
 0.006129678
 0.065506715
 0.002099810
-0.009983195
-0.016886180
 0.020696319
 0.003702749
 0.004486160
-0.017461836
 0.010547437
 0.003379138
 0.076776496
 0.001688362
 0.012545915
-0.026444570
 0.010122937
 0.045203672
-0.009657434
-0.003864247
 0.004834209
 0.029781766
-0.001472500
 0.083810460
-0.013269669
 0.016416418
 0.003194487
 0.013003010
-0.013544099
-0.017014558
-0.006076177
-0.000240007
 0.003420517
-0.022055266
 0.002089673
-0.000612976
 0.115778618
-0.016695964
-0.025921996
 0.003366747
-0.023061091
-0.004925288
 0.004681463
-0.018021897
 0.065272034
 0.087755528
-0.023780565
-0.034067903
 0.001428679
 0.092578110
 0.107924280
 0.017856792
 0.000049049
 0.103903187
-0.002460940
-0.014411624
 0.001899682
-0.003597442
 0.002435105
 0.028139273
 0.019978587
 0.017202247
 0.003218033
-0.006485756
-0.012949605
-0.002351711
-0.000464228
-0.011560210
-0.028668440
 0.102864371
 0.039640851
 0.029670050
 0.101687422
 0.014442634
-0.018544812
-0.004249623
-0.021987217
 0.097138413
 0.003442678
 0.092803819
 0.034965671
 0.103600589
-0.005470294
-0.010071796
-0.001450610
-0.007733471
 0.015002894
 0.074103837
 0.116271391
 0.000263212
 0.031646940
 0.058631370
 0.109619278
 0.079923141
 0.143961013
 0.080177618
-0.001272989
 0.105301808
-0.002167835
 0.000069450
 0.000430634
 0.067276461
 0.053735619
-0.000849178
 0.064572725
-0.010363487
-0.018787618
 0.076218167
 0.007799179
 0.012405544
 0.022937342
 0.028733923
 0.010740572
 0.016925659
 0.122035818
-0.014026030
-0.009316611
-0.002940155
 0.022620071
 0.079689706
 0.146831931
 0.107515210
 0.094963055
 0.022522938
 0.086649444
-0.013614828
-0.008512466
-0.006961499
-0.007084363
-0.000619203
 0.005676008
 0.134511130
 0.003510362
 0.057754650
 0.084548839
-0.018248835
 0.007588314
-0.003785040
-0.005496983
 0.010493177
 0.075097988
 0.022874934
-0.005485908
-0.005878202
 0.001047105
 0.009781777
 0.009750756
 0.122671307
 0.114852681
 0.000772511
 0.014486922
 0.086291549
 0.006823590
 0.070626978
-0.003313428
-0.010072426
-0.005554767
 0.028695006
 0.012078239
-0.000346399
-0.004402274
-0.008306594
 0.001105252
 0.003190681
 0.003166282
 0.078937185
 0.106770500
 0.060089540
 0.050594801
 0.001371129
-0.007323709
 0.005270646
-0.005660799
-0.006485558
 0.012076677
 0.090604473
 0.015860679
 0.018788027
 0.000544652
 0.013879169
 0.073272556
 0.016809702
 0.015747368
 0.042617064
 0.011470500
 0.015034809
 0.017283479
 0.097468820
 0.150852121
 0.021467876
 0.024056541
 0.021296115
 0.065832957
 0.096394853
 0.090961940
 0.081824140
 0.081947103
 0.092495820
 0.168118012
 0.028315451
 0.108194447
 0.024707163
 0.082872771
 0.024363700
 0.122937439
 0.069349776
 0.105761291
 0.092470690
-0.007219255
 0.055492020
 0.008259581
 0.019901628
 0.085069744
 0.087763058
 0.127065038
 0.047444141
 0.068673692
 0.028598315
 0.032249031
 0.028737597
 0.047531387
 0.133161748
 0.114736772
 0.061002938
 0.143663950
 0.044252230
 0.020930956
 0.100164055
-0.001606291
 0.008001372
 0.071090213
 0.018931853
 0.043539172
 0.170752172
 0.031573145
 0.079636679
 0.058160369
 0.096202535
 0.104503523
 0.072058027
 0.012235044
 0.062943645
 0.036429564
 0.150870250
 0.023831682
 0.030490709
 0.070529446
 0.178806909
 0.011834282
 0.020566920
 0.029383700
 0.029815873
 0.035027654
 0.007925896
 0.028862655
 0.176693748
 0.068510108
 0.087008148
 0.105508315
 0.139011721
 0.070038050
 0.036454813
 0.083573168
 0.034053799
 0.006985124
 0.000634560
 0.010044799
 0.087806562
 0.086520941
 0.176285356
 0.065283397
 0.012855113
 0.094299156
 0.122382078
 0.034640991
-0.007636814
-0.002803177
 0.084262006
 0.095279159
 0.183784945
 0.051614467
 0.058650473
 0.005549594
 0.074253856
 0.043180120
 0.084310002
 0.065413492
 0.154924694
 0.080555147
 0.071633267
 0.090044265
-0.004267326
 0.085197720
 0.049529538
 0.042103673
 0.067877061
 0.034484834
 0.071910005
 0.066013294
 0.083748335
-0.012216567
-0.001339385
-0.022284795
 0.068057341
 0.176615733
 0.010945431
 0.007537073
 0.009001741
 0.003066924
 0.090714947
 0.086495150
 0.088334855
 0.001026950
 0.036961098
 0.091084197
 0.100255288
 0.104355799
-0.000540238
 0.022231448
 0.130335493
 0.142187401
 0.067571285
 0.050732679
 0.065435084
 0.083700849
 0.045797371
 0.044940591
 0.052124629
 0.025181382
 0.041255793
 0.127097836
 0.114118105
-0.015753667
 0.167852480
 0.090791778
 0.105969523
 0.128801867
 0.050774969
 0.094012241
 0.037229746
 0.041872716
 0.108643954
-0.003578516
-0.011752998
 0.157562026
 0.123999681
 0.008468052
 0.071153899
 0.131243877
 0.051016849
 0.087174266
 0.060349667
 0.105737287
 0.018274464
 0.113742133
 0.106817261
 0.140395774
-0.012430615
-0.021687999
 0.098831901
 0.110996891
 0.082864884
 0.074866029
 0.011123724
 0.182699681
 0.061860304
 0.102856236
 0.182543811
-0.006098204
-0.024636897
 0.009751085
 0.165598394
 0.010155740
 0.000369813
 0.074860994
 0.152485475
 0.062655186
 0.044432626
 0.077561106
 0.179436284
-0.028393550
 0.152276600
 0.076031978
 0.078818897
 0.111179703
 0.151001337
 0.027393618
 0.022701060
 0.002581104
 0.056807651
 0.087114413
 0.074569546
 0.049397938
 0.135715302
-0.001068708
-0.027173315
-0.023992045
 0.114772460
 0.106828628
 0.180936898
 0.101564125
 0.069947288
 0.007666058
 0.053677433
 0.079193400
 0.134771599
 0.052557387
 0.046368733
 0.186000254
 0.086908276
 0.111500150
 0.028481818
-0.000189996
-0.010948308
 0.109557918
 0.160084016
 0.155239249
 0.004551808
 0.009586792
 0.080919548
 0.075752826
 0.080212039
-0.022869292
-0.021589199
 0.098299710
 0.154378341
 0.033716837
 0.099323149
 0.146717920
 0.169351248
 0.164889123
-0.007216413
 0.028776069
 0.024985033
 0.013175086
 0.014210687
 0.005805550
 0.011090809
 0.007496937
 0.025991630
 0.021429725
 0.009614581
 0.008027897
 0.009912853
 0.013206875
 0.019050042
 0.019583813
 0.009627297
-0.003270310
 0.013570115
 0.025342686
 0.024792306
 0.025310126
 0.022295425
-0.004759984
 0.021341428
 0.019429743
 0.003973224
-0.008832611
 0.002466603
 0.001193990
-0.004065313
-0.001503337
 0.007292802
 0.004977611
-0.086490260
-0.020292485
-0.005761101
 0.009761484
 0.022563694
 0.019382614
-0.013424091
 0.070045483
 0.010028140
 0.022169030
 0.016185475
 0.002969586
 0.071189585
 0.013298810
 0.007604964
-0.000218010
-0.002171561
-0.001448143
 0.016497755
 0.022119920
-0.001719475
 0.009838319
 0.010058376
 0.039016321
-0.007215205
-0.098269894
-0.000971740
 0.001912681
 0.002251907
 0.000849495
-0.007205703
 0.006725194
 0.005886043
 0.008838659
 0.016495557
-0.008166292
-0.007922319
 0.103991299
 0.064342058
-0.030545507
 0.003800765
 0.066794468
-0.015337414
 0.004719771
 0.011445389
 0.008089748
-0.008810589
-0.055487742
-0.069990819
-0.006941230
 0.003741656
 0.077151672
 0.075968396
 0.015155990
 0.115289638
-0.005544587
 0.050103655
-0.084169573
 0.083548092
 0.131593138
 0.085702948
 0.179525225
 0.018144305
 0.012000921
 0.004340829
-0.067640224
-0.111191612
-0.010981282
-0.032288380
-0.018309731
 0.009993802
-0.024530849
-0.013060404
-0.005460529
 0.003360812
-0.053997960
-0.003100850
-0.004234658
 0.049960757
 0.074520956
-0.083706988
 0.068851767
-0.018854439
-0.009822447
 0.089261704
-0.012727484
 0.009500781
-0.106252013
 0.079513080
-0.029738582
-0.024146440
-0.016864376
-0.003607275
-0.000090809
 0.068305765
-0.128660305
 0.096331944
-0.015998884
 0.048969754
-0.026105792
-0.006178924
-0.060076457
-0.106301095
-0.021341263
-0.011737036
-0.005419043
-0.001947825
-0.123377134
-0.124969697
-0.102042563
-0.089815901
 0.059219335
 0.165277842
-0.000647256
 0.003136890
-0.078221909
-0.083092591
-0.078642027
-0.060495365
-0.019882352
-0.000332681
-0.007293291
 0.067498421
 0.043770396
 0.007921567
 0.035303201
 0.004714753
 0.014939252
-0.056735233
-0.065187029
-0.044272403
-0.033353443
-0.005762924
-0.003433520
-0.013490596
-0.008382601
 0.001097326
 0.062048113
-0.034735629
-0.050109680
 0.031386237
 0.037299546
 0.155827758
-0.007899770
 0.037652115
-0.005494764
-0.018241848
 0.058885370
 0.000398343
-0.008969764
 0.012460671
 0.056058677
 0.004652029
 0.006919899
-0.015103613
 0.001506617
-0.007602922
-0.006309293
-0.007802963
 0.025404436
 0.003489816
-0.010633387
 0.041569453
-0.004477549
-0.000127731
-0.009304811
 0.076262684
 0.062319596
-0.000619727
-0.026140165
 0.033381860
 0.093591162
 0.002951791
-0.021502444
 0.001724396
 0.080063797
 0.034227204
 0.003519890
 0.098802164
-0.046211628
-0.001698597
 0.040024504
 0.088948292
 0.080259125
-0.004026353
 0.077944524
 0.027869666
 0.035448086
 0.047086698
-0.000495497
-0.000026980
-0.005131385
 0.159794598
-0.017630021
 0.004711023
-0.004775916
-0.002835392
 0.041155964
-0.005393246
 0.004536505
 0.009003665
-0.002719235
-0.024389390
-0.004356865
 0.082519670
 0.008194311
 0.163221624
 0.066543152
 0.004231491
 0.003313889
-0.004598637
-0.007550534
 0.070347084
-0.007902502
 0.001269133
-0.042484603
-0.035069909
 0.102424859
-0.001925123
 0.025449713
 0.076456766
 0.033236714
-0.061564769
-0.066155805
-0.081795186
 0.081989398
-0.019208309
-0.008480290
-0.001733424
-0.001851210
 0.035110041
 0.017463257
 0.033110496
 0.031163784
-0.044219004
-0.075287359
 0.001992878
-0.004727755
 0.061255235
 0.089012852
 0.037826525
-0.054680188
-0.109186078
-0.119572317
-0.123621424
-0.017392093
 0.001031279
 0.054393187
-0.028954325
-0.005263820
 0.057249966
-0.004357278
 0.104685611
 0.078270859
-0.056196185
-0.013585309
 0.101586403
 0.028230701
-0.089992463
 0.003945436
-0.048495268
-0.048023215
-0.015694270
-0.007241169
-0.000927116
 0.039720930
 0.063582781
 0.036191197
-0.117426203
-0.104762148
-0.151154589
-0.093739753
-0.063975092
-0.045790189
-0.008724066
-0.039407510
-0.079012711
-0.022577794
-0.015204013
-0.004005286
 0.049717142
-0.162141325
-0.044839679
 0.028831532
-0.095725860
-0.072479076
 0.093990984
-0.099632957
-0.091076037
-0.064877946
-0.034774434
-0.009772045
 0.028870634
-0.130093234
 0.025921853
 0.031482181
 0.167280492
-0.049957483
-0.036529023
-0.023337150
-0.019531900
 0.024974841
-0.159530246
-0.196518897
-0.104298617
-0.100524878
-0.067677020
-0.050962675
 0.081012336
 0.056526598
 0.049805587
 0.005066748
 0.029009987
-0.213639742
-0.229021975
-0.259790204
-0.268167951
 0.004227050
-0.117015138
 0.049529775
 0.082699451
-0.012029898
-0.162044895
-0.189759148
-0.236700264
 0.024967513
-0.048897849
-0.277784587
-0.310728763
-0.108879928
-0.104969236
-0.087165487
-0.063558174
 0.019922172
 0.034036983
 0.019736594
-0.237902257
-0.136770589
-0.119594235
-0.108970413
-0.121234262
 0.100878241
-0.154766882
-0.188677513
-0.318385769
-0.113871005
-0.080153841
-0.098129778
 0.109073372
 0.034918574
 0.039558907
 0.048222431
-0.355668286
-0.127860729
-0.129710791
 0.105044165
 0.035272759
 0.094808807
 0.024176723
 0.034947548
 0.064122313
 0.053663221
-0.164163621
-0.233177770
-0.301698660
 0.106090646
-0.035797394
 0.030006404
 0.035490561
 0.035489306
 0.052275665
-0.138233049
-0.343232398
-0.024836848
 0.012260775
-0.008182819
-0.044503351
-0.007757244
-0.010752887
 0.125441484
 0.018938170
 0.083272075
 0.067300166
 0.089555879
 0.020219121
-0.116791251
-0.227874928
-0.341282786
-0.001348069
 0.079457946
 0.070082125
 0.097482289
 0.032062072
-0.356320055
-0.067630021
 0.000849013
-0.009809857
 0.040842684
 0.036660729
 0.035690685
 0.053063360
-0.155489068
-0.266651105
-0.312545721
 0.000702121
 0.003502361
 0.008437390
-0.095006475
 0.043492719
 0.089915086
 0.022579888
 0.123102749
 0.087773403
-0.113143960
-0.157294092
-0.289723783
-0.023660319
-0.013448493
-0.011014236
 0.103263208
 0.035623148
 0.023011761
 0.039441372
-0.198618760
 0.001726417
 0.000506829
 0.004887318
 0.095686179
 0.090784666
 0.034792330
 0.031303492
 0.066002283
 0.017759377
-0.083142697
-0.127000197
-0.246424881
 0.033553268
-0.018281702
 0.006138704
 0.007567467
 0.007858875
 0.012742633
-0.029679001
 0.108684465
 0.072552038
 0.009586449
 0.007555722
 0.058319535
 0.062264223
 0.042859044
 0.020877172
 0.159307177
-0.233052248
 0.134474518
 0.011065471
 0.010487515
 0.011410331
 0.015370749
 0.009086426
 0.006919448
 0.009190561
 0.156669379
 0.124898440
 0.022218800
 0.104753313
 0.018683730
 0.039718782
 0.034270720
-0.187984710
 0.015438245
 0.018840689
 0.138586407
 0.185744669
-0.010878383
-0.065168650
 0.063362438
 0.018435570
 0.089663006
 0.095530438
 0.005683197
-0.020400042
-0.079395431
-0.092840475
-0.103394651
-0.135368954
-0.187115938
-0.000387979
 0.014246317
 0.011856001
-0.017898761
 0.054277278
 0.029788154
 0.058647519
-0.054097418
-0.145898385
 0.001005298
 0.004331014
 0.005221465
 0.012972808
 0.009998374
 0.009809655
 0.101064560
 0.079463921
 0.116190429
 0.064500741
 0.030509369
 0.028056229
-0.028089590
-0.176556541
 0.021749634
 0.004495630
 0.006747323
 0.013528498
 0.175226806
 0.106434906
 0.086437936
 0.027378077
-0.138831882
 0.000600425
-0.000753101
 0.001915526
 0.008107315
 0.004629586
 0.002897392
 0.008797499
 0.006777610
 0.008884395
 0.015934168
 0.143396327
 0.152375201
 0.060221334
 0.058861486
 0.055396171
 0.030804386
-0.041256990
-0.090527100
-0.000061094
 0.009047572
 0.000031507
 0.008454392
 0.049591461
-0.021122738
 0.183440688
 0.020195770
 0.063591468
-0.001265294
 0.002862065
 0.004303145
 0.162108473
 0.135562931
 0.063621384
 0.146665904
 0.042151667
-0.002539709
-0.067543204
-0.112573163
 0.084954719
 0.001419315
-0.004123254
 0.007007051
 0.007303405
 0.007971043
 0.005151518
-0.002223037
 0.148883193
 0.149652595
 0.050486524
 0.183653174
 0.109976577
-0.052150876
 0.080355567
-0.001704997
 0.003194954
 0.126866111
 0.078854095
 0.050209897
 0.018540130
 0.016502008
 0.071921680
-0.105757224
 0.005372343
 0.005170841
 0.008148336
 0.007533477
 0.126587581
 0.066146085
 0.041331673
 0.023604203
 0.020508985
-0.004401305
-0.037842938
-0.094763095
-0.001554180
-0.004982572
 0.003139052
 0.005891629
 0.008294588
 0.004879549
 0.119561473
 0.151853121
 0.117886326
 0.140357140
 0.115388639
 0.074140672
 0.097812554
 0.068995776
 0.072010703
 0.040087422
 0.040312037
 0.095805296
 0.003009906
 0.011514616
-0.081503892
-0.000821740
 0.038055027
 0.098902524
 0.036165672
 0.003011290
-0.061061387
 0.032723663
 0.053344589
 0.018871484
 0.019127169
-0.014641331
 0.075625391
 0.031889943
 0.004800964
-0.066650464
 0.081470613
-0.002860172
-0.086430970
-0.065286754
 0.071202240
-0.090023397
 0.036512300
 0.000771112
 0.015563392
-0.016264229
-0.033584815
 0.045842178
 0.006953149
 0.023582053
 0.007200209
-0.013321041
 0.048026955
 0.008204250
-0.040448799
 0.014513223
-0.000181959
 0.007578060
 0.028313698
 0.039003585
 0.090956551
 0.056567693
 0.065997110
-0.037870667
-0.052112757
 0.002997653
 0.067471665
-0.096494656
 0.032740697
 0.027125051
 0.017441929
-0.005863812
 0.049616038
 0.011545769
 0.021432688
 0.006942979
 0.015164446
 0.017305570
 0.005033310
-0.010453333
-0.016985603
-0.053784691
 0.010585660
-0.036964351
-0.019664012
-0.048705314
 0.056588712
-0.063547963
-0.008044605
 0.010046815
-0.039007535
-0.064578081
-0.040604069
 0.012095723
 0.008609056
 0.002775382
-0.052849784
-0.014155771
 0.079032494
-0.023621570
 0.011101526
 0.048208281
-0.054775266
 0.006497678
 0.034773421
 0.002727977
-0.039248857
-0.047164258
 0.030641158
 0.065263123
-0.026683407
 0.034340285
 0.002846934
 0.019610422
-0.041372986
 0.007506129
-0.067573249
-0.094173753
-0.059988890
-0.073091059
 0.008521511
 0.046459889
 0.044131467
-0.093902609
 0.019623728
 0.015051061
 0.014494000
-0.031488251
-0.017401408
-0.012184745
 0.003497904
-0.045448616
-0.026768115
-0.003560446
 0.042646311
 0.019361257
-0.026447468
 0.015847814
-0.000231901
 0.001232311
-0.017004319
-0.002724858
-0.064897242
-0.016812156
 0.015193024
 0.005460613
 0.040342755
-0.050073891
 0.090418359
 0.028031484
 0.000934934
 0.000429248
-0.018297899
-0.027560903
 0.006334476
-0.009886168
-0.018572833
-0.000520651
 0.063715427
-0.008998732
-0.011262760
-0.195698276
-0.097263405
 0.003600325
 0.037802717
 0.027717392
 0.075553373
-0.018856915
-0.007935277
 0.073913417
-0.006671587
 0.003946674
 0.059807970
-0.033579075
-0.033251238
-0.034251467
 0.017046834
 0.018410890
 0.037741127
-0.189375837
-0.013374903
-0.000374964
 0.027584571
-0.061847764
 0.013425623
-0.016436867
-0.088270313
-0.017521402
 0.000939922
 0.037512184
-0.120310633
-0.093514966
 0.004502430
 0.017841222
 0.013329947
 0.049098091
-0.023899894
-0.030993475
 0.012963343
 0.012433005
-0.026005548
-0.001716560
-0.001028657
-0.094105463
-0.027928680
-0.063080036
-0.000184236
-0.042710725
 0.011664780
 0.030538737
-0.010529172
-0.019824404
-0.022591753
-0.068553122
-0.022365322
-0.046928703
 0.113025181
 0.139393062
-0.026052634
 0.105055328
-0.017237709
 0.004456414
-0.000014245
 0.014866083
-0.089643706
 0.004096147
 0.017063964
-0.015191651
 0.025139401
 0.057681127
 0.145088278
 0.155895747
-0.017462109
 0.045206011
 0.059489131
-0.016973349
-0.012824370
 0.025063656
-0.033028484
-0.002314189
 0.013951914
 0.022789689
 0.003067208
 0.051518380
 0.003141695
 0.005668397
 0.081319496
 0.083395357
 0.123093295
-0.020209886
 0.021599264
 0.023072881
-0.003329439
-0.004763076
 0.019832592
-0.024089280
-0.019614902
-0.048498197
 0.008378203
 0.026164539
 0.017553590
-0.074652719
 0.098976162
 0.111388196
 0.123089644
 0.118770070
-0.026399363
 0.018391787
 0.017166175
-0.024782855
 0.009035862
-0.062504381
 0.011581898
 0.048616421
 0.096231427
-0.001353194
 0.056863164
-0.001257784
 0.032541846
 0.039776490
 0.046004618
 0.049704409
 0.044656075
 0.065899119
 0.094877875
 0.097377366
-0.065391073
-0.072940688
-0.072734185
-0.078951550
-0.084232089
-0.089190908
-0.034225449
-0.046299934
-0.067311126
-0.073406747
-0.082713597
-0.087196753
-0.097424278
-0.052641361
 0.082444618
-0.010962253
 0.022975932
-0.048551693
-0.088241283
 0.029656581
-0.001746335
 0.000431469
 0.097605709
 0.018908732
 0.024716826
 0.019678849
 0.020647554
-0.048303050
-0.056926365
-0.079753139
-0.106340139
-0.061355698
 0.047625073
-0.012655482
 0.008653011
 0.015143652
 0.012748331
 0.002993374
-0.045287995
-0.089675705
-0.116672037
-0.061872329
 0.014938183
-0.004594404
-0.079707208
 0.000416629
-0.066260902
-0.109341395
-0.117489140
-0.138127932
-0.096523474
 0.001822600
-0.027046010
 0.008267091
 0.011663807
 0.000701844
-0.041547276
 0.004261981
-0.055122293
-0.108553590
-0.122077372
-0.121874916
-0.117334077
-0.047969126
-0.009359209
 0.074965069
-0.019581047
 0.029016860
-0.046330338
-0.070103208
-0.110916234
-0.094278211
-0.112938600
-0.142894703
-0.140056215
-0.100252967
-0.145382439
-0.002143782
-0.112180423
-0.063120160
-0.063318934
 0.013543675
 0.011835357
 0.003932906
 0.007062309
-0.004281351
-0.024676114
-0.004122994
-0.038621703
-0.087994552
-0.096466190
-0.089203561
-0.093155882
-0.141149159
-0.137563955
-0.130205443
-0.080300653
 0.018975341
 0.023581659
 0.091581410
-0.159733772
-0.092183833
 0.008609420
 0.016125656
-0.011844277
-0.041503183
-0.053396953
-0.063633094
-0.065060971
-0.082206506
-0.077593947
-0.074662653
-0.105933538
-0.173391689
-0.132573617
 0.004642860
-0.055281830
-0.054891281
-0.069794273
-0.084837767
-0.200111081
-0.120023421
 0.081308277
 0.012954614
-0.007178052
-0.007707426
-0.028732639
-0.053293925
-0.057907081
-0.079389662
-0.092243224
-0.127195215
-0.143909582
-0.005563620
-0.246274248
-0.272147857
-0.233636150
-0.166524523
 0.072153085
 0.018216403
 0.006157194
 0.036143795
-0.023172825
-0.033365879
-0.076359609
-0.058201182
 0.017508175
-0.314559246
 0.012713815
-0.009033530
-0.018072384
-0.031709488
-0.039068200
-0.060245258
-0.062426214
-0.081968805
-0.086779129
-0.068929471
-0.316535913
-0.282253564
-0.213790078
-0.196023008
 0.022085855
 0.006692010
-0.004496239
-0.001031732
-0.024796875
-0.054884656
-0.076957982
-0.068143519
-0.066438235
-0.100232886
-0.348257574
-0.001078845
 0.016844074
-0.006806184
-0.045995292
-0.061545206
-0.101868102
-0.361962976
-0.242087284
-0.158372993
 0.000641491
-0.063106507
-0.071372179
-0.067028671
-0.069024134
-0.046088977
 0.054109265
 0.086601998
-0.346518488
-0.316173259
-0.139046548
 0.014490648
 0.011794477
 0.001747732
-0.014676538
 0.032707548
 0.035976700
-0.028798799
-0.077046393
-0.084711699
-0.057268076
-0.077079871
-0.342565683
-0.170731077
 0.046027767
-0.006251012
-0.049547092
-0.042744153
-0.034666743
-0.026657709
 0.089454100
-0.369410872
-0.363670341
-0.198644851
-0.041427541
-0.362944981
-0.242276161
-0.002385086
 0.004458567
 0.018670318
-0.007642752
-0.045857333
-0.063092272
-0.043773936
-0.037609376
-0.010094648
-0.028530490
-0.045971213
-0.308199216
-0.179071595
-0.171668195
-0.130215385
-0.091752721
 0.049137564
-0.003748795
 0.006841897
 0.069240260
-0.003139173
 0.038803164
-0.066840989
-0.064741635
-0.060879782
-0.005720636
-0.001559236
 0.018505537
-0.346489253
-0.273091098
-0.188794722
-0.139628600
-0.132317422
-0.135739539
-0.112675651
-0.051668121
-0.023183301
 0.012503250
-0.042504919
-0.053323882
-0.055549990
-0.049660935
-0.045538398
 0.004889086
-0.161080465
 0.102100163
 0.075739841
 0.052769464
 0.070635540
 0.094554519
-0.002460864
-0.003285486
 0.005588900
-0.066278704
-0.038013943
-0.036998507
-0.044578652
-0.044377799
-0.058362591
-0.057117634
-0.023658197
-0.038573844
-0.053045564
-0.317871413
-0.279081727
-0.253934425
-0.174469388
-0.131430338
-0.113272457
-0.068844121
-0.017400671
-0.002626280
 0.015670543
 0.075289225
 0.001455510
-0.009554678
-0.031794990
-0.034419369
 0.020768727
-0.283231552
-0.212510060
-0.137905936
-0.135057785
 0.019761893
 0.092012030
 0.003811213
 0.011857733
 0.054944274
 0.012204696
-0.026945056
-0.039807610
-0.016448712
 0.008064911
 0.015596032
 0.007500479
-0.070364998
 0.007027551
 0.001008399
 0.000174662
 0.065954774
 0.012027457
 0.018790482
 0.058478969
-0.042497947
 0.004616869
 0.017993360
-0.209995354
-0.032069125
-0.016823603
 0.005261605
 0.001018920
-0.005080575
 0.060604355
-0.043921180
-0.022648670
 0.000827753
 0.007711797
 0.021946617
-0.001447331
 0.016030067
-0.161788050
-0.153131275
-0.133881278
-0.120971138
-0.078271216
 0.010419812
 0.005488753
 0.013449227
 0.044083049
 0.116627826
-0.026426598
-0.037159965
-0.048974097
-0.018421839
-0.023368526
-0.019777234
-0.075117612
 0.011137828
 0.008094183
-0.046601735
 0.067810700
 0.094539834
 0.032004934
 0.022624897
 0.078429896
 0.003245741
-0.039866857
-0.047091798
-0.031120627
 0.006738608
-0.209416506
-0.005471222
 0.016344272
 0.007148149
-0.005421096
 0.076757284
 0.084774022
 0.023864465
 0.046236401
-0.012754282
-0.036064708
 0.004819829
-0.002547357
-0.132010953
-0.124513349
-0.088024808
-0.039591447
-0.020590865
 0.013904080
 0.011650257
 0.007556397
 0.004780738
-0.042962818
 0.055928775
-0.007049108
-0.029297085
-0.026994316
 0.008350917
 0.008581776
 0.011842901
 0.017730289
 0.021204311
-0.024602616
 0.019457211
-0.186633147
-0.181474072
-0.084932884
-0.024559032
 0.010910227
 0.007925066
 0.019183403
-0.032128470
-0.031286667
 0.041516456
-0.015507389
 0.000275259
-0.032605040
-0.012220522
 0.003033834
 0.012045327
 0.007702583
-0.028749491
-0.092138558
-0.048935123
-0.030145813
 0.001624422
-0.031236715
-0.038425423
-0.038962511
-0.040379375
-0.020227080
 0.000121867
 0.016397809
 0.071782601
 0.084545654
-0.007528730
-0.148965955
-0.105408947
-0.048119994
-0.031695661
-0.007800608
 0.008894020
 0.005932193
 0.005214931
-0.002292494
-0.025864140
 0.012021967
 0.018722299
 0.005558553
 0.003352667
-0.001592567
 0.035772519
 0.017937327
 0.025080756
 0.003862380
-0.002856904
-0.026373317
-0.034903905
-0.025788592
 0.007669724
 0.003790578
 0.012422468
-0.128775647
-0.118893442
-0.112345458
-0.001941723
 0.031397384
-0.027195798
 0.014193210
 0.035260226
 0.060383591
-0.027970054
-0.022832422
 0.004535029
 0.067550310
 0.002184644
-0.005330103
-0.109031217
-0.086124052
-0.050365521
-0.032162911
-0.021273774
 0.001136711
-0.015709661
 0.004972642
-0.006908786
-0.022022966
 0.053645524
-0.006574483
 0.093968639
 0.003001280
-0.105572763
-0.084050329
-0.115249587
-0.083334987
-0.013229208
-0.030256895
-0.015484602
-0.022754926
-0.056260417
-0.071515012
-0.088299979
-0.091843983
-0.081673793
-0.046951132
-0.089696656
-0.024001995
-0.031916438
-0.109216324
-0.120671094
-0.132159648
-0.126960919
-0.113158488
-0.095334652
-0.074401265
-0.047205277
-0.038147050
-0.082728987
-0.088714252
-0.149278976
-0.159792479
-0.151123995
-0.090720307
-0.043667305
-0.038848480
-0.129627178
-0.162009450
-0.119768610
-0.107986019
-0.075456485
-0.081357662
-0.133369479
-0.137434769
-0.078418610
-0.089524118
-0.121173539
-0.184265289
-0.201453768
-0.204634620
-0.197944395
-0.165040915
-0.097778562
-0.049546763
-0.164814079
-0.216874372
-0.220837371
-0.168158899
-0.096074797
-0.049939093
-0.068323098
-0.193628870
-0.243166948
-0.242403764
-0.255334357
-0.206937403
-0.172028075
-0.117261514
-0.063728900
-0.054778712
-0.048694115
-0.101418583
-0.105020257
-0.172309761
-0.239423529
-0.240329197
-0.170528044
-0.126263966
-0.056318792
-0.049808791
-0.039588593
-0.124642072
-0.167803521
-0.307769044
-0.233540204
-0.204843828
-0.204346412
-0.179923511
-0.156091605
-0.143873131
-0.069226469
-0.039336460
-0.032032961
-0.012171381
 0.000159618
 0.006198256
-0.012814611
-0.031149400
-0.113072972
-0.174200931
-0.087086781
-0.038450417
-0.022883629
 0.003591978
-0.005709494
-0.025205532
-0.055957868
-0.113550899
-0.128891936
-0.134620863
-0.167673523
-0.136642614
-0.119872876
-0.080786528
-0.019109799
 0.001154920
 0.002478217
 0.021533125
 0.009654880
-0.047351156
-0.203078101
-0.303537900
-0.215417521
-0.093400583
-0.095280743
-0.042496347
-0.031285982
 0.010677006
 0.024571227
-0.293849977
-0.276129482
-0.276927461
-0.144774493
-0.133722798
-0.121295439
-0.128547000
-0.068705520
 0.002368058
 0.022256746
-0.056705777
-0.093783063
-0.161187227
-0.196517271
-0.345127403
-0.354182414
-0.355972987
-0.256725453
-0.221346529
-0.129849666
-0.136539373
-0.024036280
 0.000720889
 0.004502829
-0.091783278
-0.143398147
-0.146676989
-0.240172408
-0.274776251
-0.266442948
-0.112598872
-0.046740906
-0.023647172
-0.010323293
 0.000158887
 0.013970467
 0.014897728
-0.041582614
-0.104249350
-0.117621661
-0.253124819
-0.221161544
-0.160067978
-0.135773909
-0.111335943
-0.117533531
-0.105852590
-0.101141868
 0.017710321
 0.005185272
-0.069525271
-0.269552856
-0.307449782
-0.290799032
-0.091350593
-0.045548570
-0.006327514
 0.020105896
 0.012793055
-0.090689112
-0.115381601
-0.146803667
-0.251018314
-0.265736708
-0.310440169
-0.094729712
-0.045907135
-0.025399469
-0.001817880
 0.008072199
 0.006215496
 0.009331580
 0.001547991
-0.025587743
-0.098625919
-0.231489862
-0.207681542
-0.200079792
-0.190839449
-0.077744320
-0.039257471
-0.013424804
-0.007501135
 0.023323743
 0.024467044
-0.017853138
-0.049223849
-0.077213102
-0.131112404
-0.250194166
-0.177413871
-0.121621356
-0.081736113
-0.063884225
-0.072847322
-0.063860426
-0.042644968
-0.026345767
-0.024748947
-0.011902500
 0.005053550
 0.022184552
-0.067143105
-0.093164159
-0.105087059
-0.112493970
-0.114781666
-0.109917994
-0.099708423
-0.095641511
-0.069742364
-0.045377278
-0.039365121
-0.036191170
-0.001411469
 0.032690920
-0.042110268
-0.061014986
-0.080113761
-0.131056328
-0.104858716
-0.108318773
-0.254310834
-0.190844193
-0.162407255
-0.150195761
-0.050438135
-0.036355786
-0.001928243
 0.000530412
 0.013067974
 0.027304762
 0.024680053
-0.028942607
-0.032141098
-0.126636656
-0.197719887
-0.205651730
-0.120849090
-0.050914832
-0.014450400
 0.008952703
 0.010415625
 0.013785799
-0.008808118
-0.024989576
-0.113063184
-0.107717132
-0.166304688
-0.190262821
-0.100063286
-0.078473400
-0.029863642
-0.011535431
 0.007991024
 0.007747219
-0.013473135
-0.073522006
-0.112216316
-0.160422542
-0.062059239
-0.013646584
-0.001553614
 0.001710838
 0.013545836
 0.011159970
 0.003208306
 0.027374308
 0.022940457
-0.009336508
-0.011115331
-0.089612128
-0.078628570
-0.078863120
-0.071513626
-0.031642929
-0.002049163
 0.002204123
 0.012700357
 0.014285175
 0.025329467
-0.012356866
-0.115337895
-0.144099335
-0.128208694
-0.112287520
 0.014238305
 0.007055003
 0.005663752
 0.002893526
-0.007819199
-0.012664255
 0.007462230
-0.013412899
-0.013299646
-0.054633371
-0.043305304
-0.100613384
-0.104273937
-0.051002608
-0.037649831
 0.008518242
 0.016108908
 0.012258522
 0.019774986
 0.029480200
-0.004357455
 0.014853705
 0.015596722
-0.007549743
-0.061201258
-0.062341981
-0.078980123
-0.082654440
-0.022046117
-0.002906248
 0.006077893
 0.018307001
 0.006451579
 0.047574330
 0.011108850
 0.019613319
-0.033827299
-0.033567749
-0.040532496
-0.049937059
-0.049157901
-0.065390265
-0.085766004
-0.086488956
-0.051775228
-0.064784700
-0.014945659
-0.007062717
 0.013398047
 0.021721747
 0.023154833
 0.023682874
 0.014757100
-0.020855627
 0.017357760
 0.015192161
-0.010704133
-0.013058550
-0.023182011
-0.033090176
-0.020797670
-0.054688232
-0.004630529
-0.055553600
 0.013172671
 0.040844576
-0.094587061
 0.016601949
-0.034965108
-0.056280785
-0.003367356
-0.005200362
-0.007031377
 0.015122179
 0.027280628
 0.026436775
 0.021206863
-0.001929115
-0.004087427
 0.028787592
-0.000262348
 0.013631626
-0.011392987
 0.003474048
-0.002035232
-0.017218797
-0.047163290
 0.020882517
 0.019114123
 0.026500840
 0.006895280
-0.002592213
-0.016487756
 0.031765561
 0.005725666
-0.007163922
-0.015022562
-0.019848232
-0.026744663
-0.010972805
-0.029416867
-0.026649105
-0.029600166
-0.066260177
-0.005058325
-0.003022247
 0.015557030
 0.024949838
 0.025840778
 0.028459028
-0.002696995
 0.026219811
 0.023079669
-0.014231756
 0.005308207
 0.015903002
 0.015733490
 0.022338916
 0.024116261
 0.027325310
 0.028144707
 0.016895153
 0.034953379
-0.005740578
 0.010499909
 0.008469204
-0.027840465
-0.045128812
 0.016644473
 0.003488273
-0.007317200
-0.002879418
-0.014745278
-0.006005874
-0.002137102
 0.014795369
 0.016116831
 0.025898429
 0.025725599
 0.012258109
-0.007068068
 0.033451203
 0.042577296
 0.005493960
-0.000098959
-0.009943916
-0.060146043
 0.012667105
 0.011657734
 0.009253549
 0.010717258
-0.009725224
-0.001684836
 0.014962176
 0.021002411
 0.023959438
 0.024588253
 0.023262078
 0.028560497
 0.007670417
 0.017498691
 0.004562524
 0.011418173
 0.010172273
 0.003359529
-0.009290056
 0.010289979
 0.014755425
 0.014859763
 0.017077131
 0.021527612
 0.023285595
 0.000721728
 0.012792296
-0.003786155
-0.068832124
 0.015880878
 0.014962531
 0.000842188
 0.008051927
 0.018005772
 0.017529799
 0.019258646
 0.021153876
 0.021430223
-0.006730640
 0.009329207
-0.019886175
 0.009328053
 0.015916228
 0.021633684
 0.015845461
 0.000743301
 0.039558148
 0.021729844
 0.014988362
 0.015314104
 0.014721287
-0.031557523
 0.009666352
 0.004899128
 0.001993813
-0.055562820
 0.016915611
 0.014982225
 0.015961135
 0.019503689
 0.017976397
 0.014373308
 0.031292716
 0.016204240
 0.026377676
 0.017421227
 0.015496130
-0.003554687
-0.004838158
 0.014668822
 0.013227470
 0.007492905
 0.030411294
 0.014439030
 0.010584676
-0.011467830
-0.041020500
 0.019679922
 0.020910075
 0.003950472
 0.009060385
 0.023904180
 0.023903460
 0.025609907
 0.018089615
 0.135695369
 0.005818732
 0.145050863
 0.020928245
 0.107194266
 0.040926887
 0.065405874
 0.146583532
 0.131637165
 0.030398165
 0.112950341
 0.018032743
 0.009402110
 0.094187997
 0.131272339
 0.053938926
 0.043607347
 0.101264215
 0.022270693
 0.014901937
 0.018049148
 0.063985382
 0.018754104
 0.020115296
 0.017010353
 0.012447118
 0.013759807
 0.127713960
 0.017545255
 0.105064867
 0.122243963
 0.019762507
 0.050036458
 0.121748139
 0.010776581
 0.021956339
 0.041540263
 0.017374951
 0.093479190
 0.089039886
 0.033114866
 0.003173541
 0.067452161
 0.114595092
 0.042711021
 0.089916817
 0.056321378
 0.012958031
 0.016678455
 0.006698493
 0.033401056
 0.065546638
 0.027978227
 0.008138284
-0.001174562
 0.129892658
 0.006102199
 0.124805546
 0.107987466
 0.019284188
 0.014906612
 0.008230519
 0.045078166
 0.001786271
 0.010578293
 0.106859760
 0.023010359
 0.128058269
 0.046970019
 0.021409851
 0.015086796
 0.021479373
 0.085249444
 0.049669533
 0.143779195
 0.014414444
 0.016117031
 0.011880123
 0.110672885
 0.055111019
 0.024117699
 0.004338211
 0.026579064
 0.143490160
 0.025459643
 0.077189677
 0.030547254
 0.053943298
-0.007723571
 0.027842948
 0.084261864
 0.085177042
 0.064962339
-0.002096087
-0.004137524
 0.074892755
 0.130864781
 0.138122773
 0.109810268
 0.138372394
 0.138101663
 0.014358602
 0.013720107
 0.012465992
-0.004143356
 0.129708996
 0.058837578
 0.052471498
 0.060735589
 0.065581347
 0.066209857
 0.015459855
 0.049658510
 0.036319712
 0.067053229
 0.064590963
 0.065771385
-0.000308961
 0.001233945
 0.001558330
 0.001450757
 0.001375514
 0.003617072
 0.087263487
 0.174412865
 0.172755704
 0.170705377
 0.171910185
 0.172048398
 0.015750184
 0.014126124
 0.015247234
 0.015488846
 0.000063504
-0.000227787
 0.004730467
 0.001843955
 0.005295560
 0.079500603
 0.015073075
 0.010769222
 0.017514320
 0.018194044
 0.075410577
 0.071116651
 0.075867096
 0.056617309
 0.059397633
 0.030539776
 0.024438943
 0.093557363
 0.094388626
 0.094347226
-0.003520986
 0.020720947
 0.022122125
 0.020004472
 0.032269974
 0.044263516
-0.045745439
-0.008999480
-0.004428403
-0.008255333
-0.009023882
 0.009863308
 0.012641340
 0.104473178
 0.103395816
 0.152923676
 0.160874778
 0.157018092
 0.045515201
-0.008785407
-0.003672650
-0.014686717
 0.045226801
 0.023084691
 0.022773048
 0.016682282
 0.017084639
 0.002202702
 0.000143303
 0.011409582
 0.012211234
 0.003544361
 0.012113304
 0.011560305
 0.011572329
 0.010924508
 0.011851670
 0.173062962
 0.180959853
 0.177395914
 0.184194284
 0.186074447
-0.000946975
-0.003241527
 0.010238206
 0.013361495
 0.011900697
 0.013237222
-0.003856746
-0.004103252
 0.010976244
 0.011366187
 0.011619482
 0.141680420
 0.139105130
 0.010554642
-0.016615331
-0.016214494
-0.016018611
-0.004498443
 0.011507500
 0.007312521
 0.011552447
 0.009032951
 0.009984748
 0.010643749
 0.002738242
-0.016641707
-0.014426431
 0.071307901
 0.058085769
 0.065512469
 0.084352771
 0.075165163
-0.001876946
 0.002112667
 0.150761587
 0.146644143
 0.091631354
 0.085246261
 0.000056198
-0.001699743
 0.000729392
-0.001617015
-0.001449352
-0.000308199
 0.005805545
 0.004565557
 0.000485304
 0.107533478
 0.002148971
 0.001749668
 0.058423920
 0.056099831
 0.062034726
 0.060715668
-0.008332492
-0.009023119
-0.003960104
 0.062342973
 0.065136093
 0.063600498
-0.000932059
 0.003928025
 0.009358897
 0.002590937
 0.006971585
 0.010127332
 0.017788518
-0.006309177
-0.007407022
 0.147565345
 0.064500743
 0.012642075
 0.152212975
-0.008006182
-0.005310756
 0.001145881
 0.002740886
-0.000125777
 0.130288249
 0.116282072
 0.113072451
 0.102460073
 0.114610822
 0.015587921
-0.013276964
 0.162149071
 0.154869940
-0.014751903
-0.018272549
-0.014416769
-0.014521827
-0.015477364
 0.062662144
 0.042980988
 0.065539583
-0.025438263
 0.015097021
-0.000262534
 0.000891404
 0.001153770
 0.008140954
 0.008061661
-0.015445193
-0.017373025
-0.020197401
-0.027279505
-0.026525186
 0.000058354
 0.001190749
 0.001422716
 0.000929812
 0.001979215
 0.000985309
 0.001898451
-0.005421823
-0.005681050
 0.065122896
 0.064939304
 0.072910014
 0.072089674
 0.141755364
 0.130555388
-0.009861333
-0.019763212
-0.015661508
-0.008061615
-0.001649631
 0.001387612
 0.001207662
 0.001951909
 0.000889576
-0.002616120
-0.003904886
-0.026399586
-0.025803054
-0.023578742
-0.000731374
-0.001590576
 0.000998982
-0.011011205
-0.010017136
-0.010407147
-0.019058033
-0.018131961
-0.014032881
-0.009654198
 0.049431662
 0.056888879
 0.122335264
 0.106489568
 0.139300671
 0.040964042
 0.050323399
 0.044106324
 0.008625085
 0.008300255
 0.008121039
 0.008085966
 0.007562419
 0.017605066
 0.001370334
 0.005140412
 0.020690823
 0.001487094
 0.000181335
-0.005770639
 0.001876229
 0.000871813
 0.001079458
 0.002892677
-0.000338362
-0.003199863
-0.002473098
-0.008292882
 0.054852278
 0.078698775
-0.025335743
 0.001293869
-0.006414541
-0.006976272
 0.003546839
 0.064968228
-0.043594257
 0.082096439
-0.010411123
-0.018029184
 0.014466427
 0.013149738
 0.010186887
 0.011181005
 0.007839205
 0.010011181
-0.000897035
-0.001940257
 0.000396151
 0.001652966
-0.018963560
 0.002760496
 0.115649469
 0.137258723
 0.152320033
 0.077926814
 0.108033768
 0.086881701
 0.017738329
 0.017524705
 0.004355644
 0.073258216
 0.107465599
 0.056171446
 0.078299206
 0.076829428
-0.012955822
-0.013808828
-0.012566036
-0.018300228
 0.061064330
 0.065336069
 0.072824515
 0.068280842
 0.076385053
 0.073404562
 0.075562949
-0.003016910
-0.001778987
 0.006588307
 0.005880232
 0.004875862
 0.064789119
 0.109439769
 0.109545465
 0.127393038
 0.176279649
 0.175136150
 0.175399380
 0.117252118
 0.109565861
 0.116040293
 0.079228954
 0.078266214
 0.128049264
 0.150441569
-0.014886183
 0.041304884
 0.141882223
 0.150993368
 0.154804156
 0.129917409
 0.131363731
 0.129392318
-0.003634632
 0.004425080
 0.004388076
 0.175795430
-0.020062452
 0.052215845
 0.056381373
 0.056059879
 0.000711183
 0.000748067
 0.093666387
 0.006254393
 0.005360214
 0.001546004
-0.017852150
-0.022122388
 0.003127820
 0.004119718
 0.001748125
 0.002681302
-0.002341394
-0.003090756
-0.002971273
-0.002917849
 0.093807703
 0.091287080
 0.005900442
-0.020896580
-0.022013167
-0.017337529
-0.021958651
-0.020146431
-0.020610306
-0.020407419
-0.020095755
-0.019965135
-0.020084306
-0.019595653
 0.161847603
 0.136547411
 0.143332077
 0.096657225
 0.072156074
 0.071446954
 0.093316419
 0.077653132
 0.040263631
 0.039932863
 0.039677170
-0.003953115
-0.010969038
-0.004717810
-0.009040284
-0.008722606
 0.006481732
 0.007110435
-0.000073898
-0.001049536
-0.006046757
-0.007630299
-0.021159661
-0.021469751
-0.019617812
-0.017669021
-0.019323957
-0.019368994
 0.052919013
 0.035418880
 0.014855557
-0.010125667
-0.009947860
-0.000245454
 0.005733656
 0.000665834
-0.010593856
-0.010648329
 0.094210925
 0.105962331
 0.164514317
-0.010404173
-0.019375792
-0.016719272
-0.016551593
 0.004644463
 0.006541639
 0.009899631
 0.012310206
 0.050034853
 0.083161380
 0.079410327
-0.009061965
-0.007892059
-0.007837167
-0.008158356
-0.006679515
 0.004047257
 0.003611040
 0.004417977
 0.003085415
-0.002143926
-0.003739424
 0.122045754
 0.053155021
 0.058693426
 0.032347380
 0.041938682
 0.043563751
 0.004140806
 0.001386075
 0.001219035
 0.006489281
-0.014295466
-0.014771189
 0.176356843
 0.176381147
 0.176246186
 0.058534578
-0.004755028
 0.025460608
 0.031291589
 0.028396680
 0.033507511
 0.024322111
 0.025280987
 0.139469605
 0.119276844
 0.140631113
 0.152607002
 0.152154086
 0.166681987
-0.014363362
 0.006631250
 0.004234514
-0.000971973
 0.003349592
 0.003826282
-0.005139358
 0.068245958
 0.064433668
 0.069785886
-0.010322179
-0.008527831
-0.007763401
-0.010090273
-0.009895291
 0.007540876
 0.007234977
 0.006435413
-0.009192975
-0.005928522
 0.002042658
-0.008502412
 0.004530867
 0.004696906
 0.006612767
 0.001752217
 0.003245429
 0.045006890
 0.043509948
 0.043069759
 0.043737278
 0.100936825
 0.109889326
 0.088699822
-0.001119901
-0.000982867
-0.001578329
-0.001302838
 0.094701089
 0.080317104
 0.156732946
 0.012131497
 0.008871051
 0.013042139
 0.014091363
 0.009323103
 0.004091984
 0.083821841
-0.011334759
 0.012172128
 0.007349202
-0.010070694
-0.009636887
-0.003816230
 0.085940471
 0.088539135
 0.113019082
 0.007951254
 0.077154533
 0.086093041
 0.014664815
 0.014362486
 0.006315356
 0.002755831
 0.048105908
 0.045877879
 0.140213992
 0.060776724
 0.063947083
 0.063967438
 0.008203292
 0.005641538
 0.141795008
 0.138659599
 0.135279460
 0.108850375
-0.007443555
-0.008882121
-0.012755501
-0.000264779
 0.155386556
 0.149611896
-0.011044001
 0.003396515
 0.003747361
 0.139905604
 0.110788897
 0.003299052
 0.065552091
 0.171212676
-0.008323687
-0.009852179
-0.008883165
-0.010400387
-0.003835503
-0.003282193
-0.002113904
 0.122939013
 0.012765740
 0.012469912
 0.012412008
 0.014876028
 0.005383328
-0.003877621
-0.003830363
 0.085118336
 0.007651460
 0.008593099
 0.075835963
 0.067338604
-0.002683628
 0.005108584
-0.000038555
 0.009736598
 0.009792419
 0.011252605
 0.166706950
 0.077278880
 0.079800367
 0.001740862
 0.000216620
-0.006837668
-0.000149734
-0.000025690
 0.010275117
-0.003303227
 0.001008195
 0.056940073
 0.145158915
 0.004601713
-0.011216742
-0.010684956
-0.010172506
-0.001603198
-0.001580480
-0.006420903
-0.007756086
 0.024874741
-0.006922012
-0.002971021
-0.001494907
-0.001389255
-0.000832358
 0.001120390
 0.001491660
-0.004930251
 0.006642380
-0.007020921
-0.004802838
-0.005142699
-0.000180505
-0.002114261
 0.010075896
 0.001064964
 0.012761232
 0.062380558
 0.061938779
 0.054592689
 0.020344554
 0.072347320
 0.072336194
 0.075831320
 0.069624108
-0.001005692
-0.003513513
 0.007728670
 0.085064191
-0.007049866
-0.004672518
-0.008120492
 0.004861804
 0.027667126
 0.016589194
 0.025356618
 0.025071589
 0.023086471
 0.056016698
 0.015790768
 0.013394645
 0.024957112
 0.026241926
 0.110631689
 0.112940527
 0.005915172
 0.007814259
 0.007301056
 0.013064184
 0.012654904
 0.016259757
 0.016107415
 0.023798624
 0.013521486
 0.003039369
-0.002458268
-0.002966235
 0.003689155
 0.005579008
 0.004114886
 0.004944720
 0.007943261
 0.007276387
 0.003758143
 0.006363974
 0.009381809
 0.012006066
 0.080349859
 0.016336846
 0.003729388
 0.007599037
 0.004029826
 0.003962640
 0.016143985
 0.014928251
 0.003247081
 0.016205221
 0.002709577
-0.002914819
-0.002427585
-0.002533837
 0.011242140
 0.000498583
 0.057367368
 0.071645013
 0.050940986
 0.084069370
 0.014685941
 0.012428207
 0.012092822
 0.092921216
 0.084411022
 0.074052176
 0.097225074
 0.108054283
 0.078621917
 0.094879369
 0.106902500
 0.071379414
 0.013060024
 0.013033174
 0.064707615
 0.000698317
 0.000933619
 0.003314857
 0.004914372
-0.000929207
 0.098604189
 0.111945130
 0.037125051
 0.030896678
 0.123313722
 0.128399340
 0.128994478
 0.080957570
 0.149098048
 0.101960554
 0.094802976
 0.070227832
 0.067811220
 0.043058971
 0.045039427
 0.061507286
 0.073133669
 0.070496528
 0.070349493
 0.066043644
 0.131182762
 0.002293556
-0.000379378
 0.002223626
 0.002291800
-0.004843301
 0.087531182
 0.075089645
-0.000860185
-0.001436524
 0.134914856
 0.124110027
 0.047905349
 0.039901285
 0.094510630
 0.100310003
 0.015493900
-0.009018524
-0.001469922
 0.004089546
 0.138039698
 0.135665943
 0.135653808
 0.070101598
-0.000030457
 0.015604592
-0.019485215
 0.123372208
 0.112829513
 0.109558252
 0.122007601
 0.137748006
 0.138605495
 0.138905980
 0.136824728
 0.139543596
 0.130597684
 0.001168566
 0.008291824
 0.023083080
 0.005420335
 0.004456851
 0.005161691
 0.005126322
 0.081311401
 0.076923699
-0.006220909
 0.000732068
-0.007591755
-0.009891382
 0.012698078
 0.139317539
 0.128567522
 0.055884598
 0.031141120
 0.035872679
 0.058997027
 0.061745881
 0.098202620
 0.089023922
 0.076744035
 0.077933739
 0.000447244
-0.003169650
-0.009076606
-0.007165289
-0.001447506
 0.001091951
 0.001041371
 0.027665587
 0.031336215
 0.033051917
 0.058596693
 0.068540523
-0.010647807
-0.011321622
-0.015888676
-0.014071266
-0.026802374
-0.020341024
-0.027706831
 0.079825706
 0.077138907
 0.050624719
-0.003529178
 0.000067266
-0.003073460
 0.101905494
 0.016213617
-0.002693816
-0.004494391
-0.004555698
-0.004258500
-0.004123769
-0.001138657
 0.002522891
 0.000379031
 0.001035838
 0.002740599
 0.000845094
 0.000837584
 0.000880392
 0.000804278
 0.000028108
-0.006723996
-0.003735546
-0.006182659
-0.013197057
-0.008065166
-0.018551809
 0.073150730
 0.036333289
 0.010419019
-0.007924011
-0.014454685
-0.006512582
-0.001349851
-0.023015277
 0.029533129
 0.029012422
 0.033830272
 0.029774664
 0.000574298
 0.002587684
 0.002616828
 0.009434020
-0.001280714
 0.039889378
 0.040138429
 0.112785125
-0.025585342
-0.024938839
 0.148173544
 0.142325521
 0.054879277
 0.057614226
 0.149518485
 0.002930329
 0.000201462
 0.000173135
 0.000110378
-0.002439349
 0.000146772
-0.000898643
-0.000778361
 0.049162273
 0.032566880
 0.030104482
 0.035879214
 0.033448824
 0.079302499
 0.101162863
 0.003480506
 0.004898297
-0.008021449
-0.007726013
 0.054457755
 0.032909826
 0.125353092
 0.034172113
 0.034714588
 0.036193944
 0.036065855
 0.033020988
 0.033919223
 0.133254657
 0.127991690
 0.009639449
 0.004525020
 0.003098525
-0.006557195
 0.005008543
-0.005764849
-0.006476583
-0.001724857
 0.006391618
 0.001774043
 0.101913352
 0.101964754
 0.013194667
 0.000753890
 0.110834156
 0.083425302
 0.074442341
 0.011338293
 0.011877243
 0.005733015
 0.005663094
-0.001026745
 0.133383735
-0.055434544
-0.037071909
 0.051281410
 0.052938367
 0.001903594
 0.011178775
-0.000831236
-0.000688223
 0.000771700
 0.001119435
 0.007856974
 0.007820144
 0.103423506
 0.136401080
-0.002816564
 0.003201213
 0.000206511
 0.025226471
 0.005656384
 0.005194551
 0.064688240
 0.104150801
 0.103378081
 0.107136037
 0.085303766
 0.080946750
-0.019423024
-0.007222562
-0.007377362
 0.095304616
 0.008527868
 0.001020281
 0.004471435
 0.001600382
 0.001505379
 0.095430906
 0.094053744
-0.001462697
 0.104626813
 0.135074332
 0.002562180
-0.019265416
-0.008149586
-0.003459291
-0.002292228
 0.003020683
 0.000688944
-0.000266520
 0.001578157
 0.001302021
 0.008632576
 0.008708279
 0.006916395
 0.016452610
 0.003741405
-0.004262039
-0.004576024
-0.003386266
 0.048143748
 0.048277308
 0.048332747
 0.049767701
 0.056447907
 0.052175056
 0.109169737
 0.004569330
 0.008833498
 0.008692402
-0.005808516
-0.003349077
-0.003747248
 0.000180725
 0.000998935
 0.009963969
 0.069544270
 0.040095087
 0.060293253
 0.002673344
 0.003806956
 0.001180965
 0.006723683
 0.052577820
 0.050524370
 0.051609251
 0.058926423
 0.080582251
 0.008464042
 0.007841422
 0.008532716
 0.001034648
 0.136231932
 0.057332345
 0.115548303
 0.033608423
-0.003241116
-0.003057658
-0.002035277
-0.000669622
-0.001366856
 0.001347645
 0.016229835
 0.139344811
 0.009558075
 0.007383690
 0.021459652
 0.078756721
 0.059436151
 0.127351505
 0.138629169
 0.123254363
 0.000262267
 0.008346844
 0.014639951
-0.000339225
 0.021578925
 0.018719119
 0.013233450
 0.013137386
 0.013039904
 0.012521250
 0.008395762
 0.012981422
 0.009203694
-0.060352886
-0.053168786
-0.040889559
 0.013368466
 0.009589602
 0.008882897
 0.008174786
-0.054760199
-0.044462139
-0.043681183
-0.037154516
-0.040989095
-0.039630730
-0.046411993
-0.041999696
 0.016140018
 0.078098258
 0.078500909
 0.078376315
-0.019850474
-0.019867818
-0.059642972
-0.048305859
-0.055363399
 0.020695322
-0.055743122
-0.055831642
-0.037134532
-0.039155396
-0.040000255
 0.075098352
 0.073715074
 0.073423983
 0.019837799
 0.016385992
 0.008831748
 0.016357417
 0.017619947
-0.000813189
-0.001940869
-0.000908103
-0.004288327
 0.077234748
 0.075278610
-0.046772642
-0.031562842
-0.032106783
-0.044891638
 0.140233952
-0.003047703
 0.001834436
 0.002496126
 0.004449979
 0.015811025
 0.089619871
 0.005805207
 0.005395005
 0.008410897
 0.000593276
 0.011558737
 0.007531666
 0.007137395
 0.019563634
 0.022453615
 0.017183239
 0.000725942
 0.000827566
 0.013176558
 0.015281307
 0.015864638
 0.011070495
-0.002951294
 0.019367242
 0.014300989
 0.016822221
 0.021276324
 0.022434564
 0.020578979
 0.022458000
 0.011863373
 0.010273728
 0.100820421
 0.099782493
 0.098326716
 0.099063644
 0.144373385
-0.009593450
-0.005882710
-0.005665465
-0.006822050
-0.007052304
-0.038319800
-0.014935708
-0.000421084
 0.020579352
 0.020153822
 0.087050613
 0.086240043
 0.089785099
 0.064771828
-0.000060191
-0.012520360
-0.025811619
 0.020787898
 0.021718829
-0.037284372
-0.010665892
 0.008498400
 0.008946405
 0.003187534
 0.002177564
 0.052389310
 0.050365360
 0.045822729
 0.016081389
-0.014960501
 0.011859601
-0.007254957
-0.000411754
-0.000449452
 0.006752956
 0.007303731
 0.085957655
 0.070167077
-0.001111446
-0.001860583
 0.001275202
 0.000018891
 0.002606644
 0.001867760
 0.001222625
-0.026600341
-0.026851500
-0.035161583
 0.020024256
 0.020398655
 0.018036382
 0.009873585
 0.005145188
-0.002610835
-0.023980012
-0.041858703
 0.005839816
 0.011957844
 0.008750536
 0.002796096
-0.027532406
-0.032971434
-0.037783434
 0.009347003
 0.008266890
-0.000628325
 0.014515238
 0.004942607
-0.009635736
 0.004931853
 0.028656794
 0.030246932
-0.010736829
-0.007261791
-0.001142433
 0.016102406
-0.025244132
-0.019648445
-0.015415179
-0.013523047
-0.006586417
-0.012852722
 0.001947680
 0.005559872
 0.001962420
 0.001516279
 0.000258420
-0.001783594
 0.001066050
-0.002652958
-0.003071749
-0.001402543
 0.003868692
 0.004128685
 0.005799222
 0.111142423
 0.115873473
 0.006132782
-0.017465232
-0.023563983
-0.023113160
-0.024211033
-0.026741759
-0.024468239
-0.024875784
-0.005350831
-0.004890926
 0.001537147
 0.003351531
 0.001698720
-0.000347773
-0.017965005
-0.027561233
-0.038622763
 0.094634357
-0.034932191
-0.026349949
 0.001581876
 0.002973370
 0.001601982
-0.005449924
 0.090318934
 0.098679116
 0.101082003
-0.000862213
 0.103890859
-0.002899450
-0.003660834
-0.003195628
-0.000692754
-0.002718328
-0.004799568
 0.008625087
 0.003537061
 0.004330676
-0.004075260
-0.000430063
 0.028132383
 0.020025044
 0.019322281
 0.021741436
 0.020990974
 0.020300864
 0.013265270
 0.016109680
 0.017407405
 0.002755744
-0.000801366
-0.000480357
 0.104311379
 0.100422313
 0.102657070
 0.049221800
 0.039102460
 0.015652201
 0.018451408
 0.017054082
 0.014188754
 0.012330572
-0.022631975
-0.018878902
-0.024525818
-0.025256786
 0.008539700
 0.036272823
 0.023689060
-0.003946066
-0.000388253
-0.001165011
-0.018797163
 0.000943730
 0.000618155
 0.002834800
 0.075269052
 0.074333212
 0.084430475
 0.077088190
 0.001358247
 0.032000029
 0.109462581
 0.105344419
 0.088272886
 0.142748709
 0.002428578
-0.004795913
 0.102311049
-0.003650903
-0.001735444
 0.003012888
 0.000483557
-0.018778307
-0.000423016
 0.002266510
 0.000276197
 0.000565276
 0.010543998
 0.011400183
 0.022452264
 0.015883077
 0.029478503
 0.011762563
 0.016297411
 0.112481352
 0.122046175
 0.143307149
-0.010712557
 0.002849336
 0.007987603
 0.024767792
 0.082508245
 0.084771112
 0.088224869
 0.065959468
 0.068682848
-0.010638540
-0.004573839
 0.001489210
 0.118449974
 0.009258526
 0.009455756
-0.001054928
-0.000482014
-0.001043150
-0.002981309
 0.003066153
 0.014174894
 0.018472154
 0.017832811
 0.016138946
-0.008667003
-0.023663994
 0.003123511
 0.010069001
 0.009986527
 0.007684205
 0.099981891
 0.115038666
 0.014068830
 0.006777568
 0.001437203
 0.005948655
 0.004865049
 0.005368433
-0.010369993
-0.010402565
-0.010708582
 0.003036350
 0.002977218
 0.081427659
 0.077879283
 0.076811954
 0.083660701
 0.012460152
 0.012744998
 0.011544875
 0.017264250
 0.019123269
 0.013981606
 0.013656496
 0.009478371
 0.013860703
 0.012842759
 0.013919205
 0.015347039
 0.076435015
 0.045716172
 0.016947668
 0.016579850
 0.017413245
 0.009139528
 0.009670931
 0.058126506
 0.029192465
 0.033689066
 0.014313436
 0.016024359
 0.018355274
 0.013910698
 0.017051221
 0.022154521
 0.027909730
 0.023447180
 0.025638698
 0.080750311
 0.062971544
 0.068840807
 0.099802330
 0.171905915
 0.171348490
 0.038911996
 0.048675631
 0.021775641
 0.024701365
 0.071609197
 0.067679344
 0.090687945
 0.090952948
 0.000377558
 0.078408466
 0.085546899
 0.086042893
 0.092897560
 0.093754146
 0.035774742
 0.075277009
 0.029151456
 0.029856014
 0.028913829
 0.030021910
 0.030000709
 0.049773362
 0.050030935
 0.018095428
 0.118327010
 0.050276104
 0.073539707
 0.000148082
-0.004700063
 0.014408959
 0.017431466
 0.019483545
 0.018479348
 0.043018781
 0.044418297
 0.174288646
 0.070859151
 0.106809179
 0.068735604
 0.056090011
 0.057963942
 0.093943794
 0.086614996
 0.096566870
 0.094188231
 0.107899674
 0.012672428
 0.030626591
 0.024560476
 0.052754101
 0.057907652
 0.170961704
 0.179831981
 0.011355275
 0.020285053
 0.030236436
 0.028934439
 0.030136790
 0.028713477
 0.028685057
 0.029151809
 0.030286605
 0.029617464
 0.003213310
 0.156075173
 0.177335117
 0.089287997
 0.068400968
 0.033986097
 0.034342020
 0.034240705
 0.009514313
 0.005835038
 0.163838681
 0.091326043
 0.115739407
 0.034961878
-0.000918357
-0.007608528
 0.085935193
 0.025497279
 0.056580547
 0.070664403
 0.068494789
 0.004216925
 0.004448112
 0.033737283
 0.088494249
 0.075413147
 0.084453660
 0.001964143
-0.005336205
 0.033441002
 0.067681458
 0.044849725
 0.072314173
 0.065552855
 0.053125757
 0.040592910
 0.059937249
 0.063977290
 0.093927244
 0.093060829
 0.092137623
-0.010614432
-0.013981833
-0.011335826
-0.014065749
-0.000683980
 0.008983213
 0.003399946
 0.004361229
 0.009398623
 0.002623993
 0.094299716
 0.072465525
 0.034928434
 0.106172177
-0.002089300
-0.002155396
 0.005879136
-0.001879537
 0.005149641
 0.099058845
 0.110406795
 0.134809860
 0.120990998
 0.059303283
 0.065834494
 0.068602032
 0.070640474
 0.032931099
 0.110976516
-0.016955842
-0.016385844
 0.169405553
 0.171777442
 0.163675681
 0.088181203
 0.083752380
 0.090484545
 0.104043713
 0.094569905
-0.017004578
 0.073991516
 0.074049068
-0.030242484
-0.023595808
 0.092827244
 0.006386011
-0.001203679
-0.006079628
-0.026080217
 0.010637354
-0.000090873
 0.007431247
 0.074189914
 0.075027206
 0.072849592
-0.029435213
-0.028971834
 0.099278761
 0.071737429
 0.090449181
 0.088324402
 0.021394283
 0.077378704
 0.076636354
-0.000758015
 0.107375640
 0.101265260
 0.010746916
 0.036474619
 0.088228569
 0.065307529
 0.047995826
 0.100499509
 0.002378847
 0.004810024
 0.077060595
 0.078659943
 0.145663741
-0.009131709
-0.008334865
 0.023960085
 0.005798933
 0.005107324
-0.003800973
-0.005613641
 0.011131527
-0.000603130
 0.010226936
 0.005827797
 0.003106615
 0.010650685
 0.022316067
 0.008931292
 0.009193091
 0.006081879
-0.001907861
 0.012545916
 0.011037416
 0.007498609
 0.016139230
 0.009091238
 0.009467824
 0.009415579
 0.008926529
 0.000067902
-0.007875982
 0.000853936
 0.005954618
 0.009698151
 0.020703392
 0.022127736
 0.027043518
 0.022875897
 0.024155986
 0.024301569
 0.023229211
 0.018804165
 0.022064066
 0.029176289
 0.015809728
 0.025846260
-0.006015019
-0.002595693
-0.003386272
-0.002355136
 0.018897053
 0.008371683
 0.018218477
 0.018694006
 0.004364101
 0.016361871
 0.014431413
 0.024152156
 0.019160022
 0.019418628
 0.015835737
-0.019045532
 0.001770737
 0.000721907
-0.001968117
-0.001842266
-0.002658482
-0.005898458
-0.006129454
-0.007582826
-0.000001324
-0.000865449
-0.006489517
-0.002254531
 0.001210543
 0.009354977
 0.008602248
 0.008386715
 0.013599679
 0.014584932
 0.012802965
-0.017310792
-0.021083929
-0.018967913
-0.023986920
 0.064326368
 0.001667130
-0.003691774
 0.074161216
 0.073159320
 0.075403964
 0.002761298
 0.006514560
 0.003056847
 0.000730486
 0.001495740
-0.008161894
-0.009878691
 0.001297683
-0.019485646
-0.103065716
-0.098354082
-0.098348508
-0.092508798
-0.101168543
-0.098447508
 0.002126084
-0.004447007
 0.003719999
 0.003664439
 0.002865869
 0.008341130
 0.000910910
 0.003316231
 0.004050565
-0.010851221
 0.106064775
 0.098346385
 0.083649821
 0.090050970
-0.009145991
-0.027694659
-0.043296765
 0.070586353
 0.012031723
-0.009743183
-0.010151109
-0.058577669
-0.007471022
-0.001196101
-0.008134090
 0.011852504
 0.013144308
 0.013995774
 0.126515041
 0.154841527
-0.080829172
-0.083386482
-0.087600868
 0.136826451
 0.154323242
 0.148980750
 0.146316699
 0.136375901
 0.094830746
 0.092691788
 0.087926335
 0.165532688
 0.011202835
 0.012061911
 0.011681283
 0.011806103
 0.007856534
 0.002926725
-0.007125340
 0.001587801
-0.101801763
-0.022390950
-0.020660027
-0.022348106
 0.009447753
 0.007881751
 0.007413887
 0.007072368
-0.010272103
-0.005874830
 0.067204964
 0.061363611
 0.076879830
 0.077180245
 0.010792859
-0.000221572
 0.010772058
 0.082211471
 0.081889997
-0.022775283
-0.002141731
 0.006638519
 0.008532929
 0.057258749
 0.060876048
-0.122491044
-0.112049709
-0.117773399
-0.122260141
 0.093860387
 0.105296998
-0.020957417
-0.071727205
-0.119846433
-0.020843231
-0.118550940
-0.115649327
 0.000356854
-0.001692743
-0.097299980
-0.016446407
-0.015299602
-0.009025420
-0.005123695
 0.076458593
 0.007792768
 0.007004788
 0.035241264
 0.005434259
 0.005848953
-0.008860485
-0.001411762
-0.019881853
-0.013753423
-0.006985320
-0.012156901
 0.033231030
 0.157536377
 0.035275869
-0.004511193
-0.019515769
 0.055549833
 0.048307319
 0.003704775
-0.006145803
-0.012383310
-0.009334054
 0.003936726
 0.008570487
-0.015642398
-0.000675343
-0.000738885
 0.024252800
 0.033367029
-0.003400283
-0.004470654
-0.001257743
 0.001658821
-0.002112050
-0.001103770
 0.074778758
-0.048948485
-0.032686836
 0.025603140
 0.025075602
 0.001541189
 0.002541416
-0.050756280
 0.039234318
 0.082683609
 0.082889374
 0.079833521
 0.079704398
 0.030580387
 0.041952387
 0.008446174
 0.011565751
 0.001840521
-0.007687379
-0.007534958
-0.006277596
-0.009008852
 0.160595649
-0.010866575
-0.017080265
-0.004818630
-0.026642006
-0.020748042
 0.007783477
-0.009281128
-0.026203919
-0.021507467
-0.004213456
 0.001312032
-0.003610175
-0.004222042
-0.004995838
 0.094094405
 0.008599785
 0.168934764
 0.066403429
-0.087164138
-0.044373508
 0.102630671
 0.100477499
 0.014237991
 0.011281579
-0.090055774
-0.086629239
-0.085451003
-0.069799148
-0.093523364
-0.084616600
-0.101697103
-0.061080250
-0.119830441
 0.084242159
 0.086839099
 0.081838891
 0.081760926
-0.016985651
-0.002369957
-0.008337034
-0.010092603
-0.002187879
-0.003046211
-0.004201678
-0.004497390
-0.006956549
 0.033731486
 0.034972370
 0.032452699
 0.017362971
 0.017361516
-0.033114762
-0.070340532
-0.070625782
-0.050366992
-0.107130553
-0.118300086
-0.001155680
 0.001233792
 0.002223582
-0.009379578
 0.070643565
 0.089563395
 0.088084018
 0.033557603
-0.083479062
-0.072240711
-0.073101860
-0.110685808
-0.113112425
-0.128965334
-0.121069240
-0.022532763
-0.021511508
-0.020879053
-0.017512107
-0.014428104
 0.055853883
 0.055766174
-0.007158932
-0.007020421
-0.005665759
 0.055241075
-0.017919897
 0.103547840
 0.100493687
 0.100535435
 0.101839354
 0.027185316
 0.027991899
-0.101958361
-0.079455564
-0.094773127
 0.003685606
 0.002817777
 0.003119337
-0.008307688
-0.008638045
 0.035215811
 0.053146174
 0.067737970
 0.067680939
-0.111294215
-0.125505973
-0.098400036
-0.066576188
-0.091701429
-0.012703412
-0.015864006
-0.013847402
-0.015035797
-0.010709995
-0.013769668
 0.044550019
 0.048079533
-0.139445985
-0.142260827
-0.171926366
-0.044617487
 0.005811706
-0.101246623
-0.016653636
-0.019469395
-0.177678597
-0.149910028
 0.024996104
 0.007711412
 0.152919466
 0.161437361
 0.019113552
 0.022727848
 0.025172668
 0.024544648
-0.193936284
-0.203415969
-0.189112680
-0.117765846
 0.051934471
-0.222577464
-0.235565407
-0.240574963
-0.002146009
-0.000633688
-0.130776832
 0.083642046
 0.083874447
-0.017856398
-0.002746686
-0.009878753
-0.003961008
-0.001270304
-0.007355995
-0.243354458
 0.020364746
-0.256698315
 0.020085087
 0.022202845
 0.015925476
 0.018556096
 0.017964662
 0.019379105
 0.018680377
-0.267250427
-0.140201147
-0.143189234
-0.061941343
-0.081832025
 0.105489183
-0.130892879
-0.061108588
 0.052386170
 0.045639550
 0.043473784
 0.050973773
 0.048948870
-0.129137453
 0.102552896
 0.035236556
 0.095404993
 0.099023796
 0.017899137
 0.061931561
 0.058824100
 0.055311234
 0.054889361
-0.280508999
-0.284651056
-0.035977890
-0.035770271
-0.024116375
 0.013906291
 0.008542680
-0.000750376
-0.000099322
-0.012141108
-0.010414172
-0.016038858
-0.008485933
-0.007461334
-0.009635932
 0.017371028
 0.017075548
 0.085622997
 0.081844122
 0.087425596
 0.088579784
 0.080640030
 0.091213757
 0.097930899
 0.020068437
 0.019144852
 0.019331803
-0.124021115
-0.093160826
-0.198870192
-0.223924361
-0.240218879
 0.079901947
 0.099042356
 0.099621195
 0.130153745
 0.032386001
 0.035695912
-0.334844341
-0.351706893
-0.092893449
-0.094630887
-0.094009135
 0.000566734
 0.000175853
 0.000515102
 0.000574364
 0.000953066
-0.011091433
 0.000763353
 0.037757427
 0.015881678
 0.033575745
 0.043193460
-0.146968141
-0.161083650
-0.288397160
-0.266999532
-0.309794643
-0.299278372
-0.287527569
 0.005807129
 0.005630355
 0.000459369
 0.002020247
 0.006047664
-0.103413828
 0.042575433
 0.134947817
 0.099075368
 0.096364332
 0.076202540
 0.081378634
 0.082585137
 0.085006757
 0.082378039
-0.277872977
-0.263210979
-0.003302428
-0.005625927
-0.012398980
 0.104106860
 0.035356901
 0.034315911
 0.036900920
 0.040249877
 0.045917110
 0.002206595
 0.006556908
 0.101398740
 0.100932165
 0.100750434
 0.068916081
-0.085614297
-0.000190001
 0.006132045
 0.002908036
-0.003457078
-0.002235423
-0.008354049
-0.000687588
 0.000212368
-0.019390470
 0.009020913
 0.010515550
-0.033628034
-0.035642032
 0.008292338
 0.009587059
 0.061193440
 0.058841657
 0.048323149
 0.017215061
 0.161891991
-0.217757437
 0.135499814
 0.010483733
 0.005734236
 0.006085658
 0.006106256
 0.139326422
 0.148900262
 0.131809335
 0.018319490
 0.019881051
 0.016188281
 0.032883098
 0.038851003
 0.019532330
 0.184854034
-0.000827426
 0.001977793
 0.002917440
-0.021020659
-0.079160339
-0.052480172
 0.008046222
 0.005867238
-0.001032788
 0.018989312
-0.242861355
-0.206298724
-0.000366075
-0.000438524
-0.000344123
 0.005503919
-0.003830718
 0.001513367
-0.018011536
-0.010337810
 0.003287985
-0.002021558
-0.001241382
-0.021005134
 0.005211939
 0.000563763
 0.064517016
 0.064794383
 0.064717944
-0.200818457
-0.186393428
 0.018054133
 0.017783070
 0.006822492
 0.151838792
 0.103741307
 0.028940847
 0.017679435
 0.020993362
-0.005284670
-0.006288665
-0.006492743
-0.003232507
-0.005813935
 0.008923041
 0.004637602
 0.005975212
 0.004696658
 0.003189547
-0.001665911
 0.002976037
 0.002599687
-0.002288987
 0.008711626
 0.008462624
 0.008744918
 0.147985010
 0.064912083
 0.024260237
 0.055938082
-0.005123434
 0.007264141
 0.009563688
 0.000177386
 0.000232422
-0.002388564
-0.002534357
-0.001320719
 0.007059175
 0.004220236
 0.036134555
 0.020030284
-0.000490400
-0.002678549
-0.002630734
 0.002919760
 0.002405469
 0.000569150
-0.001746281
-0.001077695
-0.002601876
-0.008897388
-0.002103629
 0.002810359
-0.001923815
 0.001689638
-0.002070446
 0.002135274
 0.149475319
-0.029319271
-0.093070269
-0.004569037
-0.002459839
 0.007018422
-0.001981028
 0.001559058
 0.003297425
 0.001664266
 0.007345385
 0.006368386
 0.007208914
 0.006704104
 0.005294139
 0.006173763
 0.006096607
 0.064273389
 0.045021680
-0.044534569
-0.088269669
 0.004095162
 0.124587246
 0.017706010
-0.100768980
-0.106655934
 0.008159834
 0.008112897
-0.006029528
-0.005118676
-0.002353941
 0.008270564
 0.002387126
 0.021693846
 0.032715451
 0.002756783
 0.002839897
-0.067033377
 0.049271412
 0.052605885
 0.012882082
 0.014355277
 0.015005967
 0.031401016
 0.007747973
 0.001457384
-0.067055958
-0.062082289
 0.085075797
 0.002070585
-0.089379691
-0.092517179
 0.002065042
 0.001354193
-0.001383866
 0.015487234
 0.015561433
 0.015560434
 0.005638811
-0.023671917
-0.034408434
-0.036666727
 0.042352759
 0.035654894
 0.007154696
 0.001757810
 0.001626666
 0.018247192
 0.007315311
 0.007327600
-0.002521372
 0.009122427
-0.006251438
-0.011174160
 0.001654245
 0.000541626
-0.003137758
 0.001469717
-0.059423630
 0.010617007
 0.014808562
 0.008823097
 0.014127524
 0.005586782
 0.008974116
 0.021809300
 0.038834177
 0.034915015
-0.047678601
 0.070345879
-0.099053403
-0.098051165
-0.087392215
 0.016858926
 0.012359021
 0.014116528
 0.033998530
 0.033701326
 0.030632061
 0.006049273
 0.002846027
 0.004020429
-0.001318532
-0.000078454
 0.052056610
 0.064401221
 0.010112226
 0.013596006
 0.021751664
 0.028688640
 0.015563673
 0.007842030
 0.006823706
 0.008896862
 0.008288389
-0.000802329
 0.011310267
-0.009355043
-0.017296383
-0.050287521
-0.053031845
-0.051125377
 0.009637584
 0.009816803
 0.008077829
 0.053366638
-0.053561653
 0.001577958
 0.005812351
-0.002912868
 0.001797427
-0.047416626
-0.031276372
-0.092544501
 0.014553377
 0.006100737
-0.018280165
-0.012757759
-0.018618215
-0.011542837
 0.000842942
-0.020047811
 0.001082650
 0.000773265
 0.007124620
-0.055562730
-0.061405669
-0.063518101
 0.062952258
 0.033285174
 0.003172678
 0.021567666
 0.014729154
 0.014969880
 0.017736173
 0.014786736
-0.031720424
-0.029556444
-0.020578376
-0.018934404
 0.013283988
 0.001443750
 0.001904561
-0.061893678
-0.045860073
 0.019375067
-0.027677844
 0.018884866
 0.001547353
 0.005138846
 0.006450606
 0.004580432
 0.003561707
 0.004988375
-0.005361131
 0.004190456
 0.000649162
 0.004394045
 0.019620833
 0.022713440
 0.121019931
 0.024394478
 0.026958152
 0.002513513
 0.003950617
 0.001499492
-0.002764411
-0.013361716
-0.015014714
-0.004196667
-0.000769429
 0.001248520
 0.013666586
 0.005697639
-0.000465122
-0.195312066
-0.211331654
-0.220333467
-0.023588280
-0.023944596
-0.002082165
-0.028887527
-0.019214776
-0.006836016
-0.025401940
-0.036326028
-0.055468626
 0.015907203
 0.015715936
 0.017700836
 0.015871880
-0.024815109
-0.024851092
-0.009231420
 0.020108293
-0.115731966
-0.100113872
-0.017843423
-0.003656517
 0.017845017
 0.011845550
 0.007140881
 0.001221847
 0.005430041
 0.011781930
 0.011305069
 0.025216434
 0.025987358
 0.021514739
-0.002867133
-0.080471629
-0.025137157
-0.025104423
 0.096854355
 0.086278772
 0.069270691
 0.126314100
-0.005982512
 0.021067422
 0.004882710
 0.007830023
 0.025175305
 0.025123033
 0.025154681
 0.045365095
 0.050550550
 0.046467109
 0.144945765
 0.130974039
 0.142924085
 0.133368226
 0.139616833
 0.138203427
-0.045590944
 0.005724135
-0.001455022
 0.018794281
 0.022246691
 0.005451525
 0.048903547
 0.065599412
 0.065496657
 0.121086992
 0.121802720
 0.120691286
-0.000663446
 0.007832688
 0.007454882
 0.003546538
-0.016330172
-0.065925069
-0.047149367
 0.007767896
 0.011626027
 0.112718896
 0.106657336
 0.016765553
 0.047840595
 0.064329164
-0.000776968
 0.045855528
-0.069653393
-0.068257582
-0.048401688
-0.077080459
-0.078487862
-0.069641167
-0.084927385
-0.092472477
-0.067224931
-0.062296194
-0.088220736
 0.080875034
-0.004160650
 0.010307018
-0.052925504
-0.103025459
-0.107569921
-0.000485430
 0.003977607
 0.094850987
 0.019087389
 0.012497703
 0.016995920
-0.050085697
-0.048281017
-0.046410227
-0.075065891
-0.086737036
-0.088762881
-0.089802612
-0.100206352
-0.111329786
-0.114303638
-0.090830199
 0.034571174
 0.046314148
-0.042640710
 0.024249031
 0.011337635
 0.004832592
 0.000564117
-0.024002761
-0.040934204
-0.028606530
-0.004641617
-0.001795698
-0.075299010
-0.096970314
-0.097584290
-0.120989033
-0.116873156
-0.117156556
-0.121339227
-0.140792610
-0.120928535
-0.009845723
-0.011835492
-0.116364084
 0.000912006
-0.008142414
-0.065692412
-0.066840569
-0.004057820
-0.004851222
-0.003642369
 0.000549223
 0.002338181
-0.000312008
-0.000412421
 0.003588884
-0.028301857
-0.040673416
 0.005255680
 0.003338285
 0.005311518
-0.098651086
-0.054361995
 0.064953197
-0.004975440
-0.016986384
-0.003136757
-0.001941217
-0.143902983
-0.141584657
-0.078890315
-0.070451408
 0.011610067
 0.014013562
 0.005806072
 0.005613287
-0.005727937
-0.094720814
-0.087007524
-0.141731599
-0.141467168
-0.082344281
-0.082074851
-0.234557008
-0.073587375
-0.072121855
-0.112574584
-0.244252825
-0.249381027
 0.076829611
 0.073586248
 0.060224879
 0.033147356
 0.016588125
 0.018476321
 0.018144489
 0.014802331
 0.013547988
 0.016682602
-0.068769900
-0.077168658
-0.264072299
-0.105677723
-0.065097723
-0.272000060
-0.278408039
-0.056065696
-0.054791938
-0.031809975
-0.046897183
 0.055227473
 0.052238728
 0.048026410
 0.077927486
 0.079044409
 0.081168142
 0.092583726
 0.032172224
-0.042973194
-0.084635117
-0.065751458
-0.082263549
-0.065880924
-0.070003784
-0.049164797
-0.063101830
-0.035155268
-0.052572958
 0.049005962
-0.048892698
-0.050293289
-0.049969707
-0.029571850
-0.039095564
-0.037055591
-0.031969984
-0.037283863
-0.195302591
-0.031267268
-0.282280880
-0.209612514
-0.221493392
-0.239075414
-0.002655643
-0.002816905
-0.046400083
-0.053767388
-0.046340134
-0.046486068
-0.063947260
-0.065403458
-0.061855416
-0.063232899
-0.042925001
-0.025530710
-0.025130573
-0.009976627
-0.012221449
-0.011292686
-0.007845997
 0.005088425
 0.017625552
-0.274794054
-0.182792840
-0.176318277
-0.180400868
-0.178251468
-0.176995563
-0.167111044
-0.079724430
-0.094142023
 0.060492501
-0.003237703
 0.068811393
-0.062309021
-0.059797414
-0.061892762
 0.005082622
 0.007208482
 0.005691668
 0.005029427
 0.004483290
 0.015200590
-0.273998581
-0.345883283
-0.342715527
-0.273405274
-0.273102088
-0.271862557
-0.135575629
-0.158799404
-0.135201508
-0.128023150
-0.114659803
-0.099204590
-0.078296258
-0.040790971
-0.018047349
-0.010805137
-0.024234388
 0.003152161
 0.013092688
 0.004540683
 0.073392078
 0.077330899
 0.076049065
 0.047071545
 0.060781019
 0.001253285
-0.002095988
-0.005662121
-0.004578252
-0.003927778
-0.004525363
 0.006383496
-0.054669476
-0.228667960
-0.000538885
-0.000642752
 0.004323661
 0.000484131
 0.000155471
 0.000167102
 0.017978758
-0.002338778
-0.008958842
-0.037108473
-0.029604430
-0.209751126
 0.083174227
 0.002317905
 0.010682669
 0.010298869
 0.007885442
 0.008509491
 0.005461044
 0.008263621
 0.011973141
 0.020606595
 0.019019459
 0.008483177
 0.019524221
 0.004854220
-0.186565395
 0.072531629
-0.021950743
-0.023791812
-0.025026369
-0.025727093
 0.011741407
 0.008636066
 0.022969040
 0.022427107
 0.015468664
 0.013628298
-0.171817854
 0.014252247
 0.011930835
 0.014652426
 0.025097639
 0.035888669
 0.002903528
 0.002469102
 0.004970217
 0.016442874
 0.016431266
 0.008532723
 0.002928079
-0.159709981
-0.114620893
-0.048140945
 0.043182698
-0.026098197
 0.009529070
 0.008518206
 0.005352446
 0.003638835
 0.022047359
 0.022122081
-0.185731742
-0.115846693
-0.183710208
-0.119007408
-0.153634162
-0.122042433
-0.142660373
-0.050679420
-0.036370903
-0.024675263
 0.011341648
 0.000889255
 0.010759809
 0.037050261
-0.012311288
-0.008340689
-0.012443810
-0.010909708
-0.026423020
-0.031892723
-0.030663483
-0.028272354
 0.011995796
 0.011960580
 0.008173063
 0.010987165
-0.029926857
-0.015016722
-0.055486072
-0.097040677
-0.086349307
-0.091610344
 0.000074603
-0.031448011
-0.032049007
 0.013882133
-0.114013237
-0.010967511
-0.009310080
-0.009384420
 0.006462305
 0.011566581
 0.034737849
 0.016039296
-0.000919577
-0.032992391
-0.025872302
-0.022442183
 0.008475241
 0.007211771
-0.003722465
 0.003362432
 0.000924240
 0.002576559
 0.012645678
 0.005158571
-0.112596739
-0.091027749
-0.004115267
 0.000846385
 0.003586915
 0.060000309
-0.005050540
-0.107860952
-0.101139936
-0.086348669
-0.006543054
 0.007563672
 0.007551861
-0.107491057
-0.030093715
-0.095813181
-0.114782137
-0.104051131
-0.092534272
-0.110297618
-0.038292772
-0.148341275
-0.133659978
-0.148756716
-0.154568941
-0.155177667
-0.150730053
-0.142697954
-0.126503621
-0.128169306
-0.127357145
-0.089176689
-0.096937686
-0.039929777
-0.071625236
-0.112324997
-0.094254619
-0.161637446
-0.147057734
-0.175001455
-0.101285516
-0.055084522
-0.045018374
-0.044016732
-0.127334099
-0.137845850
-0.139727736
-0.135636812
-0.132126708
-0.089903107
-0.083234159
-0.083898572
-0.085627800
-0.142257776
-0.145234597
-0.122203782
-0.081470552
-0.093795933
-0.097030716
-0.222500132
-0.246677951
-0.128552672
-0.250597498
-0.305145086
-0.308037424
-0.172060426
-0.172340735
-0.172452116
-0.172276158
-0.155091378
-0.076001404
-0.058091053
-0.067670227
-0.105530593
-0.288455175
-0.141381701
-0.133984078
-0.120069799
-0.317147842
-0.284409494
-0.261761488
-0.259775854
-0.256347218
-0.154873194
-0.171742030
-0.152038767
-0.159437978
-0.149133357
-0.150491263
-0.000572147
 0.000810823
-0.129778552
 0.001322752
-0.026570376
-0.143824947
-0.118007525
-0.134235399
-0.156715440
-0.159063457
-0.146611931
-0.210351394
-0.131592580
-0.128731546
 0.001303625
 0.001290542
 0.024872953
 0.024574380
-0.021239375
-0.092710968
-0.299824636
-0.359333258
-0.320781816
-0.339576541
-0.243037434
-0.224205380
-0.129239290
-0.113284956
-0.103589073
-0.094681211
-0.072843746
-0.055287985
-0.065653361
-0.062040828
-0.059816810
 0.022529836
-0.320260485
-0.127080994
-0.128386461
-0.001837124
 0.016096677
-0.085118159
-0.069302983
-0.065690087
-0.096737869
-0.110712145
-0.159163097
-0.156535468
-0.164012552
-0.178392486
-0.366254208
-0.384799711
-0.384916640
-0.344716682
-0.358031398
-0.366415210
-0.329718920
-0.370902399
-0.131312472
-0.002840459
 0.007983047
-0.145727635
-0.129521904
-0.256669812
-0.286649881
-0.301985348
-0.281530843
-0.026608128
-0.037128721
-0.017637027
-0.005890600
-0.015353664
-0.006222222
 0.007212644
 0.010459988
 0.008903625
-0.042605864
-0.039797560
-0.046551095
-0.117394411
-0.096935943
-0.096520031
 0.016230754
 0.012804322
 0.015501111
 0.007245820
 0.005449462
-0.011337364
-0.001952989
-0.084482262
-0.078392292
-0.082500284
-0.085939275
-0.075999436
-0.013063320
-0.008447182
-0.010006452
-0.010715396
-0.009253903
 0.014466053
-0.311752956
-0.293390971
-0.082910121
-0.095858373
-0.087432514
-0.044467538
-0.046940927
 0.007752377
-0.002460346
-0.003150724
 0.003477095
 0.006319456
 0.006277996
 0.001415116
 0.005579892
-0.112621403
-0.080119922
-0.005852617
-0.004503822
-0.260966896
-0.168502782
-0.163349431
-0.109470007
-0.097978789
-0.070461098
-0.065311882
-0.055015326
 0.007876339
 0.006651061
-0.020003475
-0.116299033
-0.128740532
-0.020867361
-0.030985571
-0.071930250
-0.073193449
-0.123407094
 0.008282024
 0.007745878
-0.018445434
-0.088262335
-0.090164057
-0.097045781
-0.091403081
-0.092187867
-0.233826638
-0.177829252
-0.147336660
-0.152373964
-0.141079032
-0.000209801
 0.000603504
 0.008283844
 0.005716110
 0.015384519
-0.104913794
-0.059976414
-0.097871080
-0.203366507
-0.180249442
-0.049789696
-0.049458678
 0.021157396
 0.022749920
 0.006536570
-0.014442600
-0.105898481
-0.103506113
-0.109219653
-0.101975239
-0.166081893
-0.166224739
-0.166147387
-0.176759153
-0.186576457
-0.185229913
 0.004793424
-0.010393108
-0.011285831
-0.003775001
-0.138696364
-0.152046342
-0.047820998
 0.002633887
 0.005302708
 0.008819287
 0.002271336
-0.000976361
 0.009000264
 0.002961521
 0.002476528
 0.002570221
-0.001851183
 0.022929561
 0.018140304
 0.023008870
 0.021577325
-0.049479264
-0.047819650
-0.043332814
 0.004750091
 0.003640178
 0.002423078
 0.024989625
 0.024082521
-0.139800692
-0.107795282
 0.020240005
 0.020188981
 0.005931672
 0.004618983
-0.017369401
-0.008003474
-0.005605954
-0.041582355
-0.007268012
-0.022963149
 0.015677744
 0.017453501
 0.012860497
 0.012793881
 0.012154678
 0.022176674
 0.015253366
 0.019727222
 0.014542326
 0.019127119
 0.014430893
 0.017548550
 0.029641219
 0.017129077
-0.047232299
-0.069022202
 0.008643827
 0.011516502
 0.012525339
 0.018774371
 0.005731711
 0.020139605
 0.007638496
 0.015387803
 0.007799275
-0.038663855
-0.035880032
-0.004948495
-0.005689339
-0.005044003
-0.007187308
-0.007257849
-0.014341227
-0.009825097
-0.000134746
-0.002669641
-0.007302451
 0.004422567
 0.012429311
-0.016414945
-0.016199345
-0.017001602
 0.016464089
 0.015829812
 0.015607185
-0.032364026
-0.005801763
-0.007037313
 0.015666182
-0.018249793
-0.046173488
-0.005721100
-0.004709264
-0.005088066
-0.025385990
-0.003994387
 0.016086270
-0.004615653
 0.023551152
 0.006782822
-0.000068979
-0.015389052
-0.008552054
-0.012718931
-0.015161239
 0.019188908
 0.023749586
-0.018982394
 0.022539051
 0.011146615
 0.001666385
 0.009327081
 0.005362181
 0.004859354
-0.002936071
-0.007977681
-0.005406955
-0.004507613
-0.009496784
-0.010102240
-0.010358683
-0.008721116
-0.008939090
-0.016555691
-0.019022691
-0.017845868
-0.017193957
-0.006493876
-0.011108345
-0.003002315
-0.002993804
 0.008837242
 0.024948708
 0.025079188
-0.002438029
-0.002157374
 0.021491143
 0.024122372
-0.012518532
-0.013905709
-0.013375088
-0.013281803
-0.009124237
-0.013159408
 0.026161152
 0.006906243
-0.019397533
-0.019556631
-0.019458617
-0.059713659
-0.020076858
-0.020183964
-0.024703856
-0.054182579
-0.002238682
 0.013647011
 0.025751755
 0.023434944
 0.007108986
 0.012586506
 0.010366421
 0.009410625
 0.014394070
 0.008139188
 0.001712108
 0.014280694
 0.014388168
 0.014770415
 0.015072491
 0.012446777
 0.008761578
 0.008497585
 0.005611374
-0.018423457
 0.014862091
 0.009210147
 0.015617404
 0.015678766
-0.020007007
 0.009445016
 0.015662028
 0.038177738
 0.004896415
-0.013169752
 0.015064814
 0.015957146
 0.016586470
-0.012567810
 0.128940481
 0.133893135
 0.143005580
 0.038927189
 0.042502827
 0.074591861
 0.128490441
 0.109064976
 0.124860732
 0.012079257
 0.009029368
 0.102369790
 0.055864035
 0.052289599
 0.040496831
 0.046480167
 0.013472046
 0.070655516
 0.054127308
 0.074043266
 0.009881761
 0.015179811
 0.006471368
 0.005937254
 0.012741232
 0.013001506
 0.012229894
 0.014845901
 0.005580309
 0.100885766
 0.107577481
 0.123891820
 0.115215371
 0.011566385
 0.006439626
 0.029875835
 0.015654945
 0.023376592
 0.013052644
 0.108828118
 0.067334909
 0.012945913
 0.008285979
 0.005971287
 0.002974309
 0.008024972
 0.068293275
 0.062710179
 0.003442557
 0.005838431
-0.004472471
 0.136563129
 0.138542613
 0.118195962
 0.108199014
 0.016854324
 0.016217362
 0.015904664
 0.000347245
 0.010640427
 0.110784553
 0.020803659
 0.015493599
 0.016136781
 0.047651736
 0.013850473
 0.015106222
 0.003734307
 0.007654691
 0.004427404
 0.001485061
 0.007654691
-0.000526759
-0.008275824
 0.002824979
-0.000134710
-0.008275824
-0.023353199
 0.001249038
-0.015445285
-0.097407416
-0.074346039
-0.070822197
-0.155505017
-0.074346039
-0.070822197
-0.097407416
-0.143200985
-0.070822197
-0.291852792
-0.143200985
-0.115785762
-0.097407416
 0.001249038
 0.002824979
-0.074346039
-0.159427416
-0.155505017
-0.385296449
-0.074346039
-0.159427416
-0.097407416
-0.023353199
-0.143200985
 0.001249038
-0.001908724
-0.015445285
-0.273758649
-0.291852792
-0.143200985
-0.000134710
 0.001579258
-0.001908724
 0.000225810
 0.001579258
 0.002193515
-0.136884899
-0.012067165
-0.291852792
-0.099511474
 0.007654691
-0.136884899
 0.004427404
-0.024630697
-0.004214804
-0.099511474
-0.012067165
-0.004214804
 0.001485061
-0.099511474
 0.001108054
 0.007654691
-0.273758649
 0.000225810
-0.001908724
-0.136884899
-0.012067165
-0.273758649
-0.291852792
-0.136884899
-0.005440905
-0.004214804
 0.000225810
-0.012067165
-0.004214804
 0.001108054
 0.001144641
 0.003112559
-0.000526759
 0.004427404
 0.001485061
 0.003112559
-0.000526759
-0.155505017
-0.115785762
-0.077988752
-0.037790261
-0.093630244
-0.077988752
-0.093630244
-0.115785762
-0.024630697
-0.037790261
-0.002309645
-0.069935370
-0.093630244
-0.155505017
-0.152624425
-0.385296449
-0.077988752
-0.037790261
-0.002249091
-0.152624425
-0.077988752
-0.037790261
-0.002309645
-0.003680640
-0.002249091
 0.006689717
 0.020634469
 0.000060082
 0.004862567
-0.024941853
-0.024641764
 0.000314300
-0.003680640
 0.006689717
 0.020634469
 0.004862567
 0.003112559
-0.069935370
 0.004427404
-0.024630697
-0.000447569
-0.002309645
-0.069935370
-0.029018081
 0.001485061
-0.001934640
-0.001893706
-0.000532488
 0.003112559
-0.029018081
 0.003438445
-0.002827624
 0.000754439
-0.001307702
-0.029018081
-0.000447569
-0.002309645
 0.000314300
-0.001934640
-0.001893706
 0.003438445
 0.000754439
-0.000447569
-0.001483074
-0.002827624
-0.001483074
 0.003438445
-0.002827624
-0.000447569
-0.003413935
-0.001483074
 0.000060082
-0.024941853
-0.024641764
 0.000314300
-0.003413935
-0.001483074
-0.010318788
 0.003438445
 0.006806117
-0.000483147
 0.015428147
-0.001981421
-0.001594241
-0.000483147
 0.008972644
 0.012667139
 0.011908634
 0.021239405
 0.011908634
 0.021239405
-0.001981421
 0.008972644
 0.017299445
 0.012667139
 0.011908634
 0.021239405
 0.015428147
 0.011908634
 0.021239405
 0.008972644
 0.012667139
-0.001981421
 0.008972644
 0.017299445
-0.001594241
 0.012667139
-0.000483147
 0.016942284
 0.015428147
 0.067496214
-0.005440905
 0.081638475
 0.002193515
 0.016942284
 0.060586864
 0.094074566
-0.006994334
 0.081638475
 0.067496214
 0.009880010
 0.001108054
 0.002232015
-0.000532488
-0.001594241
-0.000483147
 0.016942284
-0.004586340
-0.005440905
-0.006994334
 0.027481224
 0.001144641
 0.046707691
 0.001108054
 0.065428125
 0.002232015
 0.001144641
 0.046707691
 0.066755867
 0.016942284
-0.004586340
 0.000867237
-0.006994334
 0.009880010
 0.033932910
 0.027481224
 0.066755867
 0.125276723
 0.078072825
 0.017299445
-0.000241682
 0.015428147
 0.067496214
-0.000241682
 0.060586864
 0.000867237
 0.094074566
 0.067496214
 0.017299445
-0.001594241
-0.000241682
-0.004586340
 0.090812907
 0.055522350
 0.031432496
 0.042010059
 0.055522350
-0.000241682
-0.004586340
 0.069992343
 0.000867237
 0.033932910
 0.078072825
 0.090812907
 0.125276723
 0.069992343
 0.078072825
 0.055522350
 0.031432496
 0.044983582
 0.055522350
-0.001934640
-0.001893706
 0.002232015
-0.000532488
-0.001307702
 0.015837565
 0.000754439
-0.001307702
 0.015837565
-0.001934640
-0.001893706
 0.065428125
 0.002232015
 0.130986870
 0.015837565
 0.130986870
 0.006806117
 0.066953412
 0.000754439
 0.015837565
-0.010318788
 0.006806117
 0.066953412
 0.090812907
 0.047471766
 0.042010059
 0.031432496
 0.047471766
 0.042010059
 0.090812907
 0.047471766
 0.044983582
 0.031432496
 0.047471766
 0.044983582
 0.014989219
 0.024601794
-0.008275824
 0.002824979
 0.005711129
-0.000134710
-0.008275824
-0.023353199
-0.015445285
 0.005010089
-0.021191599
-0.006493733
 0.014989219
 0.024601794
 0.007304459
-0.003543271
-0.006493733
-0.008579922
 0.005010089
-0.021191599
 0.014989219
 0.005711129
-0.005412580
 0.024601794
 0.002824979
-0.159427416
-0.089946694
-0.385296449
-0.189864798
-0.159427416
-0.089946694
 0.005711129
-0.005412580
-0.023353199
-0.015445285
-0.021191599
-0.003543271
 0.014989219
-0.005412580
 0.024601794
-0.013619755
 0.007304459
-0.089946694
-0.013619755
-0.003853306
-0.189864798
-0.089946694
-0.003543271
-0.011242250
-0.005412580
-0.008579922
-0.021191599
 0.004506062
-0.002057907
-0.003625484
-0.002057907
-0.000134710
 0.001579258
 0.006691648
 0.005010089
-0.001048873
-0.002050377
-0.002976672
-0.003625484
 0.006691648
-0.002050377
-0.002976672
 0.007697521
 0.001579258
 0.002193515
 0.006691648
-0.002057907
-0.003625484
-0.002057907
 0.003991708
 0.007299983
 0.005010089
 0.008283516
 0.004506062
-0.001048873
-0.002050377
-0.002976672
 0.007299983
-0.003625484
-0.002050377
-0.002976672
 0.003991708
 0.007299983
-0.000685715
 0.004176426
-0.011242250
 0.008283516
 0.004506062
-0.006493733
 0.007304459
-0.006493733
 0.000489477
-0.008579922
 0.000489477
-0.013619755
 0.007304459
 0.007265585
-0.007376057
 0.024413325
-0.013619755
-0.003853306
-0.007376057
-0.011242250
 0.000489477
-0.008579922
 0.000331495
 0.003866422
 0.007265585
-0.007376057
 0.024413325
 0.007265585
 0.024413325
 0.007265585
 0.024413325
 0.003991708
 0.008283516
-0.012300491
 0.003991708
 0.004176426
-0.012300491
 0.000331495
-0.011242250
 0.008283516
 0.003840219
 0.000331495
 0.001432224
 0.000850982
-0.001347382
-0.012300491
 0.003840219
-0.010779886
 0.003840219
-0.001682640
-0.001347382
 0.002991303
 0.000850982
-0.001347382
-0.022241685
-0.001347382
 0.002991303
-0.152624425
-0.385296449
-0.189864798
-0.080720534
-0.002249091
-0.152624425
-0.010831133
-0.080720534
-0.003853306
-0.189864798
-0.080720534
-0.001743781
 0.015848240
-0.010831133
-0.080720534
-0.001743781
 0.004029749
 0.015848240
 0.004034399
-0.002249091
 0.006689717
 0.002144559
-0.010831133
 0.020634469
 0.005596353
 0.000060082
 0.004862567
-0.024941853
-0.024641764
 0.006689717
 0.002144559
 0.020634469
 0.005596353
-0.039026341
 0.004862567
 0.001240930
 0.002144559
-0.010831133
 0.004034399
 0.004029749
-0.015463647
 0.005596353
 0.002144559
 0.004034399
 0.000827249
 0.005596353
-0.039026341
 0.008133475
 0.009048887
 0.012100571
-0.003413935
-0.014328804
 0.000060082
 0.001240930
-0.024941853
-0.024641764
-0.039026341
-0.014328804
 0.001240930
-0.003167713
 0.012100571
-0.003413935
-0.010318788
 0.001204569
-0.015463647
 0.012100571
 0.000827249
-0.014328804
 0.000827249
-0.039026341
-0.014328804
 0.008133475
-0.003167713
 0.001204569
 0.012100571
 0.008725935
 0.003866422
-0.003853306
-0.001743781
 0.015848240
 0.019560671
-0.001743781
 0.006027435
 0.003866422
 0.001970936
 0.001432224
 0.019560671
 0.006027435
 0.004029749
 0.015848240
-0.004476479
 0.019560671
 0.006027435
 0.001970936
-0.018183878
 0.006027435
-0.004476479
-0.004124543
 0.004029749
-0.015463647
 0.001970936
 0.001432224
 0.000850982
-0.004124543
-0.003333172
-0.004476479
 0.004230314
 0.001630469
 0.002991303
 0.004230314
 0.008133475
 0.001288726
-0.003333172
 0.003578132
 0.009048887
-0.018183878
-0.022241685
 0.001970936
 0.000850982
-0.018183878
-0.019702734
-0.003333172
-0.004476479
-0.022241685
-0.019702734
 0.004230314
 0.002991303
-0.019702734
 0.004230314
-0.003333172
-0.004124543
 0.001288726
 0.001204569
-0.015463647
 0.008133475
 0.001288726
 0.001204569
-0.001048873
 0.100362798
 0.007697521
 0.081638475
 0.002193515
 0.095553069
 0.100362798
 0.174290591
 0.095553069
 0.060586864
 0.045306748
 0.174290591
 0.094074566
 0.081638475
 0.095553069
 0.009880010
-0.001048873
 0.100362798
 0.102008912
-0.000685715
 0.014528791
-0.000685715
 0.014528791
 0.004176426
 0.100362798
 0.174290591
 0.149701390
 0.102008912
 0.078650804
 0.045306748
 0.174290591
 0.149701390
 0.077145738
 0.088281983
 0.027481224
 0.046707691
 0.148696146
 0.088281983
 0.065428125
 0.046707691
 0.066755867
 0.077145738
 0.045306748
 0.009880010
 0.033932910
 0.027481224
 0.066755867
 0.136658839
 0.125276723
 0.027815400
 0.087087975
 0.077145738
 0.088281983
 0.148696146
 0.027815400
 0.114414627
 0.088281983
 0.078650804
 0.087087975
 0.077145738
 0.045306748
 0.060586864
 0.094074566
 0.136658839
 0.069992343
 0.033932910
 0.136658839
 0.125276723
 0.069992343
 0.102008912
 0.014528791
-0.010779886
 0.077240789
 0.014528791
 0.004176426
 0.149701390
 0.077240789
 0.102008912
 0.078650804
 0.028994682
 0.149701390
 0.077240789
 0.027815400
-0.001682640
 0.028994682
 0.087087975
-0.010779886
 0.027815400
-0.001682640
 0.114414627
 0.001630469
 0.078650804
 0.028994682
 0.087087975
 0.171779525
 0.148696146
 0.065428125
 0.130986870
 0.171779525
 0.076901319
 0.130986870
 0.066953412
 0.171779525
 0.148696146
 0.115844285
 0.114414627
 0.171779525
 0.115844285
 0.009048887
 0.008725935
 0.076901319
-0.003167713
-0.010318788
 0.076901319
 0.066953412
-0.003167713
 0.008725935
 0.076901319
 0.115844285
 0.114414627
 0.001630469
 0.003578132
 0.115844285
 0.003578132
 0.009048887
