1
0.0816894
0.0529675
0.0717581
0.0537388
0.0554086
0.0285538
0.0463195
0.0231242
2
0.0529675
0.048908
0.0537388
0.0360985
0.0285538
0.0201583
0.0231242
0.000918417
3
0.0717581
0.0537388
0.0639697
0.0500929
0.0463195
0.0231242
0.0438745
0.0206203
4
0.0537388
0.0408182
0.0523075
0.039722
0.0394743
0.0258306
0.0349318
0.0237157
5
0.0408182
0.0360985
0.039722
0.0349826
0.0258306
0.0181591
0.0237157
0.0169191
6
0.0523075
0.039722
0.0500929
0.0463493
0.0349318
0.0237157
0.0371286
0.0327939
7
0.039722
0.0349826
0.0463493
0.0420369
0.0237157
0.0169191
0.0327939
0.0269373
8
0.0394743
0.0258306
0.0349318
0.0237157
0.0231242
0.0142148
0.017544
0.0117458
9
0.0258306
0.0181591
0.0237157
0.0169191
0.0142148
0.000918417
0.0117458
-0.000720053
10
0.0349318
0.0237157
0.0371286
0.0327939
0.017544
0.0117458
0.0206203
0.0179209
11
0.0237157
0.0169191
0.0327939
0.0269373
0.0117458
-0.000720053
0.0179209
0.0155922
12
0.0554086
0.0403657
0.0529286
0.0372017
0.0466139
0.028701
0.0433199
0.0236195
13
0.0403657
0.0285538
0.0372017
0.0238636
0.028701
0.0191503
0.0236195
0.0116923
14
0.0529286
0.0372017
0.0463195
0.0313758
0.0433199
0.0236195
0.0363949
0.01934
15
0.0372017
0.0238636
0.0313758
0.0231242
0.0236195
0.0116923
0.01934
0.00841912
16
0.0466139
0.028701
0.0433199
0.0236195
0.0418017
0.0229605
0.038075
0.0154016
17
0.028701
0.0191503
0.0236195
0.0116923
0.0229605
0.0158304
0.0154016
-0.00314069
18
0.0433199
0.0236195
0.0363949
0.01934
0.038075
0.0154016
0.0303786
0.0122559
19
0.0236195
0.0116923
0.01934
0.00841912
0.0154016
-0.00314069
0.0122559
-0.00206366
20
0.0285538
0.018225
0.0238636
0.00919809
0.0191503
0.0160965
0.0116923
-0.00360041
21
0.018225
0.0201583
0.00919809
0.00970009
0.0160965
0.01631
-0.00360041
-0.00383157
22
0.0238636
0.00919809
0.0231242
0.0142148
0.0116923
-0.00360041
0.00841912
0.00531534
23
0.00919809
0.00970009
0.0142148
0.000918417
-0.00360041
-0.00383157
0.00531534
-0.01345
24
0.0191503
0.0160965
0.0116923
-0.00360041
0.0158304
0.0162478
-0.00314069
-0.00496996
25
0.0160965
0.01631
-0.00360041
-0.00383157
0.0162478
0.0208791
-0.00496996
-0.00226873
26
0.0116923
-0.00360041
0.00841912
0.00531534
-0.00314069
-0.00496996
-0.00206366
-0.0109789
27
-0.00360041
-0.00383157
0.00531534
-0.01345
-0.00496996
-0.00226873
-0.0109789
-0.0197686
28
0.0463195
0.0313758
0.0416435
0.0259461
0.0363949
0.01934
0.0302604
0.0121067
29
0.0313758
0.0231242
0.0259461
0.017544
0.01934
0.00841912
0.0121067
0.000614363
30
0.0416435
0.0259461
0.0438745
0.029705
0.0302604
0.0121067
0.0314746
0.0157846
31
0.0259461
0.017544
0.029705
0.0206203
0.0121067
0.000614363
0.0157846
0.00428919
32
0.0363949
0.01934
0.0302604
0.0121067
0.0303786
0.0122559
0.0231494
0.00168801
33
0.01934
0.00841912
0.0121067
0.000614363
0.0122559
-0.00206366
0.00168801
-0.0163037
34
0.0302604
0.0121067
0.0314746
0.0157846
0.0231494
0.00168801
0.0221105
0.00470619
35
0.0121067
0.000614363
0.0157846
0.00428919
0.00168801
-0.0163037
0.00470619
-0.010147
36
0.0231242
0.0142148
0.017544
0.0117458
0.00841912
0.00531534
0.000614363
-0.00195263
37
0.0142148
0.000918417
0.0117458
-0.000720053
0.00531534
-0.01345
-0.00195263
-0.0119554
38
0.017544
0.0117458
0.0206203
0.0179209
0.000614363
-0.00195263
0.00428919
0.000922335
39
0.0117458
-0.000720053
0.0179209
0.0155922
-0.00195263
-0.0119554
0.000922335
-0.000215379
40
0.00841912
0.00531534
0.000614363
-0.00195263
-0.00206366
-0.0109789
-0.0163037
-0.0195042
41
0.00531534
-0.01345
-0.00195263
-0.0119554
-0.0109789
-0.0197686
-0.0195042
-0.0255828
42
0.000614363
-0.00195263
0.00428919
0.000922335
-0.0163037
-0.0195042
-0.010147
-0.0141334
43
-0.00195263
-0.0119554
0.000922335
-0.000215379
-0.0195042
-0.0255828
-0.0141334
-0.0132789
44
0.048908
0.0579818
0.0360985
0.0460375
0.0201583
0.0297982
0.000918417
0.0135391
45
0.0579818
0.0805059
0.0460375
0.0708344
0.0297982
0.0547524
0.0135391
0.0420149
46
0.0360985
0.0399669
0.0349826
0.0379944
0.0181591
0.0221347
0.0169191
0.0209101
47
0.0399669
0.0460375
0.0379944
0.0464175
0.0221347
0.0294902
0.0209101
0.0301071
48
0.0349826
0.0379944
0.0420369
0.0442302
0.0169191
0.0209101
0.0269373
0.0290078
49
0.0379944
0.0464175
0.0442302
0.0513268
0.0209101
0.0301071
0.0290078
0.0365567
50
0.0181591
0.0221347
0.0169191
0.0209101
0.000918417
0.00506702
-0.000720053
0.00462846
51
0.0221347
0.0294902
0.0209101
0.0301071
0.00506702
0.0135391
0.00462846
0.0142499
52
0.0169191
0.0209101
0.0269373
0.0290078
-0.000720053
0.00462846
0.0155922
0.0165956
53
0.0209101
0.0301071
0.0290078
0.0365567
0.00462846
0.0142499
0.0165956
0.0209944
54
0.0460375
0.0708344
0.0513268
0.0736242
0.0135391
0.0420149
0.0209944
0.0494267
55
0.0201583
0.0231634
0.00970009
0.0115931
0.01631
0.0166449
-0.00383157
-0.00403753
56
0.0231634
0.0297982
0.0115931
0.019023
0.0166449
0.0220728
-0.00403753
0.00797843
57
0.00970009
0.0115931
0.000918417
0.00506702
-0.00383157
-0.00403753
-0.01345
-0.0111936
58
0.0115931
0.019023
0.00506702
0.0135391
-0.00403753
0.00797843
-0.0111936
0.000104942
59
0.01631
0.0166449
-0.00383157
-0.00403753
0.0208791
0.0167489
-0.00226873
-0.00407279
60
0.0166449
0.0220728
-0.00403753
0.00797843
0.0167489
0.0185732
-0.00407279
-0.00152541
61
-0.00383157
-0.00403753
-0.01345
-0.0111936
-0.00226873
-0.00407279
-0.0197686
-0.0253473
62
-0.00403753
0.00797843
-0.0111936
0.000104942
-0.00407279
-0.00152541
-0.0253473
-0.0108857
63
0.0297982
0.0449783
0.019023
0.0332276
0.0220728
0.0331442
0.00797843
0.0186677
64
0.0449783
0.0547524
0.0332276
0.0448264
0.0331442
0.0448122
0.0186677
0.0323598
65
0.019023
0.0332276
0.0135391
0.0285906
0.00797843
0.0186677
0.000104942
0.0162805
66
0.0332276
0.0448264
0.0285906
0.0420149
0.0186677
0.0323598
0.0162805
0.0285185
67
0.0220728
0.0331442
0.00797843
0.0186677
0.0185732
0.0259029
-0.00152541
0.00731333
68
0.0331442
0.0448122
0.0186677
0.0323598
0.0259029
0.0388473
0.00731333
0.0239758
69
0.00797843
0.0186677
0.000104942
0.0162805
-0.00152541
0.00731333
-0.0108857
0.0004368
70
0.0186677
0.0323598
0.0162805
0.0285185
0.00731333
0.0239758
0.0004368
0.0185277
71
0.000918417
0.00506702
-0.000720053
0.00462846
-0.01345
-0.0111936
-0.0119554
-0.0117095
72
0.00506702
0.0135391
0.00462846
0.0142499
-0.0111936
0.000104942
-0.0117095
-0.000741745
73
-0.000720053
0.00462846
0.0155922
0.0165956
-0.0119554
-0.0117095
-0.000215379
-0.000426167
74
0.00462846
0.0142499
0.0165956
0.0209944
-0.0117095
-0.000741745
-0.000426167
0.00686369
75
-0.01345
-0.0111936
-0.0119554
-0.0117095
-0.0197686
-0.0253473
-0.0255828
-0.0241045
76
-0.0111936
0.000104942
-0.0117095
-0.000741745
-0.0253473
-0.0108857
-0.0241045
-0.0136741
77
-0.0119554
-0.0117095
-0.000215379
-0.000426167
-0.0255828
-0.0241045
-0.0132789
-0.0158461
78
-0.0117095
-0.000741745
-0.000426167
0.00686369
-0.0241045
-0.0136741
-0.0158461
-0.00465872
79
0.0135391
0.0285906
0.0142499
0.0270524
0.000104942
0.0162805
-0.000741745
0.0152963
80
0.0285906
0.0420149
0.0270524
0.0448195
0.0162805
0.0285185
0.0152963
0.0355073
81
0.0142499
0.0270524
0.0209944
0.0327875
-0.000741745
0.0152963
0.00686369
0.0211099
82
0.0270524
0.0448195
0.0327875
0.0494267
0.0152963
0.0355073
0.0211099
0.0408263
83
0.000104942
0.0162805
-0.000741745
0.0152963
-0.0108857
0.0004368
-0.0136741
0.0084161
84
0.0162805
0.0285185
0.0152963
0.0355073
0.0004368
0.0185277
0.0084161
0.0266207
85
-0.000741745
0.0152963
0.00686369
0.0211099
-0.0136741
0.0084161
-0.00465872
0.014232
86
0.0152963
0.0355073
0.0211099
0.0408263
0.0084161
0.0266207
0.014232
0.0356268
87
0.0639697
0.0529297
0.0516428
0.0362539
0.0567771
0.0450979
0.0444263
0.0264322
88
0.0529297
0.0500929
0.0362539
0.0311468
0.0450979
0.0371286
0.0264322
0.0215002
89
0.0516428
0.0362539
0.0450373
0.0267667
0.0444263
0.0264322
0.0370392
0.0180502
90
0.0362539
0.0311468
0.0267667
0.0162491
0.0264322
0.0215002
0.0180502
0.00268225
91
0.0567771
0.0450979
0.0444263
0.0264322
0.0438745
0.029705
0.0401031
0.0215047
92
0.0450979
0.0371286
0.0264322
0.0215002
0.029705
0.0206203
0.0215047
0.0163287
93
0.0444263
0.0264322
0.0370392
0.0180502
0.0401031
0.0215047
0.0328942
0.0125561
94
0.0264322
0.0215002
0.0180502
0.00268225
0.0215047
0.0163287
0.0125561
-0.000619147
95
0.0500929
0.0420369
0.0162491
0.0478027
0.0206203
0.0155922
-0.000619147
0.0192439
96
0.0450373
0.0267667
0.0404107
0.0235127
0.0370392
0.0180502
0.0329887
0.0110342
97
0.0267667
0.0162491
0.0235127
0.0131315
0.0180502
0.00268225
0.0110342
0.00141153
98
0.0404107
0.0235127
0.0472343
0.0322656
0.0329887
0.0110342
0.0416013
0.0258755
99
0.0235127
0.0131315
0.0322656
0.0267451
0.0110342
0.00141153
0.0258755
0.0222713
100
0.0370392
0.0180502
0.0329887
0.0110342
0.0328942
0.0125561
0.0325168
0.0115355
101
0.0180502
0.00268225
0.0110342
0.00141153
0.0125561
-0.000619147
0.0115355
0.0089407
102
0.0329887
0.0110342
0.0416013
0.0258755
0.0325168
0.0115355
0.0426708
0.0288283
103
0.0110342
0.00141153
0.0258755
0.0222713
0.0115355
0.0089407
0.0288283
0.0275507
104
0.0162491
0.0272554
0.0131315
0.0251593
0.00268225
0.0230335
0.00141153
0.0220917
105
0.0272554
0.0478027
0.0251593
0.0447479
0.0230335
0.0330941
0.0220917
0.0268709
106
0.0131315
0.0251593
0.0267451
0.0363114
0.00141153
0.0220917
0.0222713
0.0332257
107
0.0251593
0.0447479
0.0363114
0.0499311
0.0220917
0.0268709
0.0332257
0.0340799
108
0.00268225
0.0230335
0.00141153
0.0220917
-0.000619147
0.0219797
0.0089407
0.0238595
109
0.0230335
0.0330941
0.0220917
0.0268709
0.0219797
0.0192439
0.0238595
0.00987094
110
0.00141153
0.0220917
0.0222713
0.0332257
0.0089407
0.0238595
0.0275507
0.0317145
111
0.0220917
0.0268709
0.0332257
0.0340799
0.0238595
0.00987094
0.0317145
0.021389
112
0.0438745
0.029705
0.0401031
0.0215047
0.0314746
0.0157846
0.030405
0.0163628
113
0.029705
0.0206203
0.0215047
0.0163287
0.0157846
0.00428919
0.0163628
0.0113686
114
0.0401031
0.0215047
0.0328942
0.0125561
0.030405
0.0163628
0.0323499
0.0090798
115
0.0215047
0.0163287
0.0125561
-0.000619147
0.0163628
0.0113686
0.0090798
-0.0016368
116
0.0314746
0.0157846
0.030405
0.0163628
0.0221105
0.00470619
0.0215124
0.00214855
117
0.0157846
0.00428919
0.0163628
0.0113686
0.00470619
-0.010147
0.00214855
-0.00602168
118
0.030405
0.0163628
0.0323499
0.0090798
0.0215124
0.00214855
0.0255547
0.00862978
119
0.0163628
0.0113686
0.0090798
-0.0016368
0.00214855
-0.00602168
0.00862978
0.00325827
120
0.0206203
0.0179209
0.0163287
0.0279143
0.00428919
0.000922335
0.0113686
0.0137867
121
0.0179209
0.0155922
0.0279143
0.0275503
0.000922335
-0.000215379
0.0137867
0.0155219
122
0.0163287
0.0279143
-0.000619147
0.0219797
0.0113686
0.0137867
-0.0016368
0.00837881
123
0.0279143
0.0275503
0.0219797
0.0192439
0.0137867
0.0155219
0.00837881
0.00722111
124
0.00428919
0.000922335
0.0113686
0.0137867
-0.010147
-0.0141334
-0.00602168
0.00567955
125
0.000922335
-0.000215379
0.0137867
0.0155219
-0.0141334
-0.0132789
0.00567955
0.00680089
126
0.0113686
0.0137867
-0.0016368
0.00837881
-0.00602168
0.00567955
0.00325827
-0.00486706
127
0.0137867
0.0155219
0.00837881
0.00722111
0.00567955
0.00680089
-0.00486706
0.00566354
128
0.0328942
0.0125561
0.0325168
0.0115355
0.0323499
0.0090798
0.036036
0.0175169
129
0.0125561
-0.000619147
0.0115355
0.0089407
0.0090798
-0.0016368
0.0175169
0.0137729
130
0.0325168
0.0115355
0.0426708
0.0288283
0.036036
0.0175169
0.0485079
0.0362911
131
0.0115355
0.0089407
0.0288283
0.0275507
0.0175169
0.0137729
0.0362911
0.0347481
132
0.0323499
0.0090798
0.036036
0.0175169
0.0255547
0.00862978
0.038309
0.0243404
133
0.0090798
-0.0016368
0.0175169
0.0137729
0.00862978
0.00325827
0.0243404
0.0194172
134
0.036036
0.0175169
0.0485079
0.0362911
0.038309
0.0243404
0.0545541
0.0430509
135
0.0175169
0.0137729
0.0362911
0.0347481
0.0243404
0.0194172
0.0430509
0.0374729
136
-0.000619147
0.0219797
0.0089407
0.0238595
-0.0016368
0.00837881
0.0137729
0.0104096
137
0.0219797
0.0192439
0.0238595
0.00987094
0.00837881
0.00722111
0.0104096
-0.000436047
138
0.0089407
0.0238595
0.0275507
0.0317145
0.0137729
0.0104096
0.0347481
0.0252291
139
0.0238595
0.00987094
0.0317145
0.021389
0.0104096
-0.000436047
0.0252291
0.0155125
140
-0.0016368
0.00837881
0.0137729
0.0104096
0.00325827
-0.00486706
0.0194172
0.00611695
141
0.00837881
0.00722111
0.0104096
-0.000436047
-0.00486706
0.00566354
0.00611695
0.0111685
142
0.0137729
0.0104096
0.0347481
0.0252291
0.0194172
0.00611695
0.0374729
0.0257699
143
0.0104096
-0.000436047
0.0252291
0.0155125
0.00611695
0.0111685
0.0257699
0.0216143
144
0.0420369
0.0513268
0.0478027
0.0626179
0.0155922
0.0209944
0.0192439
0.0430553
145
0.0513268
0.0736242
0.0626179
0.0913929
0.0209944
0.0494267
0.0430553
0.0701155
146
0.0478027
0.0626179
0.0499311
0.0642471
0.0192439
0.0430553
0.021389
0.0468295
147
0.0626179
0.0913929
0.0642471
0.100161
0.0430553
0.0701155
0.0468295
0.0901032
148
0.0155922
0.0165956
0.0275503
0.0260397
-0.000215379
-0.000426167
0.0155219
0.0132933
149
0.0165956
0.0209944
0.0260397
0.0317985
-0.000426167
0.00686369
0.0132933
0.0198036
150
0.0275503
0.0260397
0.0192439
0.0242122
0.0155219
0.0132933
0.00722111
0.019069
151
0.0260397
0.0317985
0.0242122
0.0430553
0.0132933
0.0198036
0.019069
0.0377323
152
-0.000215379
-0.000426167
0.0155219
0.0132933
-0.0132789
-0.0158461
0.00680089
0.00381418
153
-0.000426167
0.00686369
0.0132933
0.0198036
-0.0158461
-0.00465872
0.00381418
0.0120408
154
0.0155219
0.0132933
0.00722111
0.019069
0.00680089
0.00381418
0.00566354
0.0232718
155
0.0132933
0.0198036
0.019069
0.0377323
0.00381418
0.0120408
0.0232718
0.0319443
156
0.0209944
0.0327875
0.0317985
0.0425888
0.00686369
0.0211099
0.0198036
0.0326443
157
0.0327875
0.0494267
0.0425888
0.0575739
0.0211099
0.0408263
0.0326443
0.0501942
158
0.0317985
0.0425888
0.0430553
0.0567743
0.0198036
0.0326443
0.0377323
0.0485849
159
0.0425888
0.0575739
0.0567743
0.0701155
0.0326443
0.0501942
0.0485849
0.0631477
160
0.00686369
0.0211099
0.0198036
0.0326443
-0.00465872
0.014232
0.0120408
0.0268968
161
0.0211099
0.0408263
0.0326443
0.0501942
0.014232
0.0356268
0.0268968
0.0457635
162
0.0198036
0.0326443
0.0377323
0.0485849
0.0120408
0.0268968
0.0319443
0.0438633
163
0.0326443
0.0501942
0.0485849
0.0631477
0.0268968
0.0457635
0.0438633
0.0595981
164
0.0192439
0.0242122
0.00987094
0.0184048
0.00722111
0.019069
-0.000436047
0.017547
165
0.0242122
0.0430553
0.0184048
0.0401981
0.019069
0.0377323
0.017547
0.0395564
166
0.00987094
0.0184048
0.021389
0.0287923
-0.000436047
0.017547
0.0155125
0.0274838
167
0.0184048
0.0401981
0.0287923
0.0468295
0.017547
0.0395564
0.0274838
0.0465732
168
0.00722111
0.019069
-0.000436047
0.017547
0.00566354
0.0232718
0.0111685
0.0261829
169
0.019069
0.0377323
0.017547
0.0395564
0.0232718
0.0319443
0.0261829
0.0447464
170
-0.000436047
0.017547
0.0155125
0.0274838
0.0111685
0.0261829
0.0216143
0.033725
171
0.017547
0.0395564
0.0274838
0.0465732
0.0261829
0.0447464
0.033725
0.05254
172
0.0430553
0.0701155
0.0468295
0.0901032
0.0319443
0.0595981
0.05254
0.0933657
173
0.0418017
0.0229605
0.038075
0.0154016
0.0430898
0.0244706
0.0391419
0.0172384
174
0.0229605
0.0158304
0.0154016
-0.00314069
0.0244706
0.0164661
0.0172384
0.00111257
175
0.038075
0.0154016
0.0303786
0.0122559
0.0391419
0.0172384
0.0290679
0.00986881
176
0.0154016
-0.00314069
0.0122559
-0.00206366
0.0172384
0.00111257
0.00986881
-0.00401482
177
0.0430898
0.0244706
0.0391419
0.0172384
0.0470623
0.0271448
0.0436578
0.0204354
178
0.0244706
0.0164661
0.0172384
0.00111257
0.0271448
0.0168876
0.0204354
-0.00186836
179
0.0391419
0.0172384
0.0290679
0.00986881
0.0436578
0.0204354
0.0326516
0.0148398
180
0.0172384
0.00111257
0.00986881
-0.00401482
0.0204354
-0.00186836
0.0148398
0.00314163
181
0.0158304
0.0162478
-0.00314069
-0.00496996
0.0164661
0.0174183
0.00111257
-0.00524939
182
0.0162478
0.0208791
-0.00496996
-0.00226873
0.0174183
0.0206777
-0.00524939
-0.00246651
183
-0.00314069
-0.00496996
-0.00206366
-0.0109789
0.00111257
-0.00524939
-0.00401482
-0.0136908
184
-0.00496996
-0.00226873
-0.0109789
-0.0197686
-0.00524939
-0.00246651
-0.0136908
-0.023693
185
0.0164661
0.0174183
0.00111257
-0.00524939
0.0168876
0.0169289
-0.00186836
-0.00621639
186
0.0174183
0.0206777
-0.00524939
-0.00246651
0.0169289
0.0193405
-0.00621639
-0.00175515
187
0.00111257
-0.00524939
-0.00401482
-0.0136908
-0.00186836
-0.00621639
0.00314163
-0.00654029
188
-0.00524939
-0.00246651
-0.0136908
-0.023693
-0.00621639
-0.00175515
-0.00654029
-0.0104921
189
0.0303786
0.0122559
0.0231494
0.00168801
0.0290679
0.00986881
0.0209416
-0.00104655
190
0.0122559
-0.00206366
0.00168801
-0.0163037
0.00986881
-0.00401482
-0.00104655
-0.0215109
191
0.0231494
0.00168801
0.0221105
0.00470619
0.0209416
-0.00104655
0.0183161
-0.000237155
192
0.00168801
-0.0163037
0.00470619
-0.010147
-0.00104655
-0.0215109
-0.000237155
-0.0201752
193
0.0290679
0.00986881
0.0209416
-0.00104655
0.0326516
0.0148398
0.0250326
0.00564245
194
0.00986881
-0.00401482
-0.00104655
-0.0215109
0.0148398
0.00314163
0.00564245
-0.00967169
195
0.0209416
-0.00104655
0.0183161
-0.000237155
0.0250326
0.00564245
0.0191672
0.00141118
196
-0.00104655
-0.0215109
-0.000237155
-0.0201752
0.00564245
-0.00967169
0.00141118
-0.00276792
197
-0.00206366
-0.0109789
-0.0163037
-0.0195042
-0.00401482
-0.0136908
-0.0215109
-0.0260485
198
-0.0109789
-0.0197686
-0.0195042
-0.0255828
-0.0136908
-0.023693
-0.0260485
-0.0293994
199
-0.0163037
-0.0195042
-0.010147
-0.0141334
-0.0215109
-0.0260485
-0.0201752
-0.015506
200
-0.0195042
-0.0255828
-0.0141334
-0.0132789
-0.0260485
-0.0293994
-0.015506
-0.0163924
201
-0.00401482
-0.0136908
-0.0215109
-0.0260485
0.00314163
-0.00654029
-0.00967169
-0.00799635
202
-0.0136908
-0.023693
-0.0260485
-0.0293994
-0.00654029
-0.0104921
-0.00799635
-0.0151581
203
-0.0215109
-0.0260485
-0.0201752
-0.015506
-0.00967169
-0.00799635
-0.00276792
-0.0019348
204
-0.0260485
-0.0293994
-0.015506
-0.0163924
-0.00799635
-0.0151581
-0.0019348
-0.0055834
205
0.0470623
0.0271448
0.0436578
0.0204354
0.0502395
0.031076
0.0465794
0.0255979
206
0.0271448
0.0168876
0.0204354
-0.00186836
0.031076
0.0197936
0.0255979
0.00838868
207
0.0436578
0.0204354
0.0326516
0.0148398
0.0465794
0.0255979
0.0400171
0.0250044
208
0.0204354
-0.00186836
0.0148398
0.00314163
0.0255979
0.00838868
0.0250044
0.0157033
209
0.0502395
0.031076
0.0465794
0.0255979
0.0574969
0.0411538
0.0548385
0.0368879
210
0.031076
0.0197936
0.0255979
0.00838868
0.0411538
0.0311958
0.0368879
0.024824
211
0.0465794
0.0255979
0.0400171
0.0250044
0.0548385
0.0368879
0.0511793
0.0386446
212
0.0255979
0.00838868
0.0250044
0.0157033
0.0368879
0.024824
0.0386446
0.0311416
213
0.0168876
0.0169289
-0.00186836
-0.00621639
0.0197936
0.0195563
0.00838868
0.00709223
214
0.0169289
0.0193405
-0.00621639
-0.00175515
0.0195563
0.0176234
0.00709223
0.000632557
215
-0.00186836
-0.00621639
0.00314163
-0.00654029
0.00838868
0.00709223
0.0157033
0.0112302
216
-0.00621639
-0.00175515
-0.00654029
-0.0104921
0.00709223
0.000632557
0.0112302
0.00030612
217
0.0197936
0.0195563
0.00838868
0.00709223
0.0311958
0.028333
0.024824
0.0207008
218
0.0195563
0.0176234
0.00709223
0.000632557
0.028333
0.0258482
0.0207008
0.0177566
219
0.00838868
0.00709223
0.0157033
0.0112302
0.024824
0.0207008
0.0311416
0.0277952
220
0.00709223
0.000632557
0.0112302
0.00030612
0.0207008
0.0177566
0.0277952
0.0167995
221
0.0326516
0.0148398
0.0250326
0.00564245
0.0400171
0.0250044
0.0351617
0.0175751
222
0.0148398
0.00314163
0.00564245
-0.00967169
0.0250044
0.0157033
0.0175751
0.00769852
223
0.0250326
0.00564245
0.0191672
0.00141118
0.0351617
0.0175751
0.0226908
0.00754897
224
0.00564245
-0.00967169
0.00141118
-0.00276792
0.0175751
0.00769852
0.00754897
0.00716196
225
0.0400171
0.0250044
0.0351617
0.0175751
0.0511793
0.0386446
0.044146
0.0330882
226
0.0250044
0.0157033
0.0175751
0.00769852
0.0386446
0.0311416
0.0330882
0.025522
227
0.0351617
0.0175751
0.0226908
0.00754897
0.044146
0.0330882
0.0336205
0.0228362
228
0.0175751
0.00769852
0.00754897
0.00716196
0.0330882
0.025522
0.0228362
0.020737
229
0.00314163
-0.00654029
-0.00967169
-0.00799635
0.0157033
0.0112302
0.00769852
0.00912273
230
-0.00654029
-0.0104921
-0.00799635
-0.0151581
0.0112302
0.00030612
0.00912273
-0.00356237
231
-0.00967169
-0.00799635
-0.00276792
-0.0019348
0.00769852
0.00912273
0.00716196
0.0130725
232
-0.00799635
-0.0151581
-0.0019348
-0.0055834
0.00912273
-0.00356237
0.0130725
0.0106061
233
0.0157033
0.0112302
0.00769852
0.00912273
0.0311416
0.0277952
0.025522
0.0232203
234
0.0112302
0.00030612
0.00912273
-0.00356237
0.0277952
0.0167995
0.0232203
0.0135229
235
0.00769852
0.00912273
0.00716196
0.0130725
0.025522
0.0232203
0.020737
0.0302644
236
0.00912273
-0.00356237
0.0130725
0.0106061
0.0232203
0.0135229
0.0302644
0.0229602
237
0.0208791
0.0167489
-0.00226873
-0.00407279
0.0206777
0.0164724
-0.00246651
-0.00629793
238
0.0167489
0.0185732
-0.00407279
-0.00152541
0.0164724
0.0175702
-0.00629793
-0.00495412
239
-0.00226873
-0.00407279
-0.0197686
-0.0253473
-0.00246651
-0.00629793
-0.023693
-0.0267261
240
-0.00407279
-0.00152541
-0.0253473
-0.0108857
-0.00629793
-0.00495412
-0.0267261
-0.0167519
241
0.0206777
0.0164724
-0.00246651
-0.00629793
0.0193405
0.017438
-0.00175515
-0.00171255
242
0.0164724
0.0175702
-0.00629793
-0.00495412
0.017438
0.0205559
-0.00171255
0.00319319
243
-0.00246651
-0.00629793
-0.023693
-0.0267261
-0.00175515
-0.00171255
-0.0104921
-0.0176943
244
-0.00629793
-0.00495412
-0.0267261
-0.0167519
-0.00171255
0.00319319
-0.0176943
-0.00617013
245
0.0185732
0.0259029
-0.00152541
0.00731333
0.0175702
0.0248728
-0.00495412
0.00481883
246
0.0259029
0.0388473
0.00731333
0.0239758
0.0248728
0.0373245
0.00481883
0.0220639
247
-0.00152541
0.00731333
-0.0108857
0.0004368
-0.00495412
0.00481883
-0.0167519
-0.0071313
248
0.00731333
0.0239758
0.0004368
0.0185277
0.00481883
0.0220639
-0.0071313
0.0158209
249
0.0175702
0.0248728
-0.00495412
0.00481883
0.0205559
0.028916
0.00319319
0.0115229
250
0.0248728
0.0373245
0.00481883
0.0220639
0.028916
0.0406795
0.0115229
0.0264651
251
-0.00495412
0.00481883
-0.0167519
-0.0071313
0.00319319
0.0115229
-0.00617013
0.00586228
252
0.00481883
0.0220639
-0.0071313
0.0158209
0.0115229
0.0264651
0.00586228
0.0215788
253
-0.0197686
-0.0108857
-0.0132789
-0.00465872
-0.0104921
-0.00617013
-0.0055834
0.000409811
254
-0.0108857
0.0004368
-0.0136741
0.0084161
-0.0167519
-0.0071313
-0.0154154
0.00772102
255
0.0004368
0.0185277
0.0084161
0.0266207
-0.0071313
0.0158209
0.00772102
0.0241331
256
-0.0136741
0.0084161
-0.00465872
0.014232
-0.0154154
0.00772102
-0.00641319
0.013586
257
0.0084161
0.0266207
0.014232
0.0356268
0.00772102
0.0241331
0.013586
0.0351204
258
-0.0167519
-0.0071313
-0.0154154
0.00772102
-0.00617013
0.00586228
-0.00710668
0.0123209
259
-0.0071313
0.0158209
0.00772102
0.0241331
0.00586228
0.0215788
0.0123209
0.0291774
260
-0.0154154
0.00772102
-0.00641319
0.013586
-0.00710668
0.0123209
0.000409811
0.0175179
261
0.00772102
0.0241331
0.013586
0.0351204
0.0123209
0.0291774
0.0175179
0.0381998
262
0.0193405
0.017438
-0.00175515
-0.00171255
0.0176234
0.0193529
0.000632557
0.00677806
263
0.017438
0.0205559
-0.00171255
0.00319319
0.0193529
0.0249686
0.00677806
0.0140839
264
-0.00175515
-0.00171255
-0.0104921
-0.0176943
0.000632557
0.00677806
0.00030612
-0.00270331
265
-0.00171255
0.00319319
-0.0176943
-0.00617013
0.00677806
0.0140839
-0.00270331
0.00918119
266
0.0176234
0.0193529
0.000632557
0.00677806
0.0258482
0.0310381
0.0177566
0.0208816
267
0.0193529
0.0249686
0.00677806
0.0140839
0.0310381
0.0361999
0.0208816
0.0291515
268
0.000632557
0.00677806
0.00030612
-0.00270331
0.0177566
0.0208816
0.0167995
0.0144378
269
0.00677806
0.0140839
-0.00270331
0.00918119
0.0208816
0.0291515
0.0144378
0.0239778
270
0.0205559
0.028916
0.00319319
0.0115229
0.0249686
0.0379627
0.0140839
0.0246886
271
0.028916
0.0406795
0.0115229
0.0264651
0.0379627
0.0487346
0.0246886
0.0369824
272
0.00319319
0.0115229
-0.00617013
0.00586228
0.0140839
0.0246886
0.00918119
0.0225652
273
0.0115229
0.0264651
0.00586228
0.0215788
0.0246886
0.0369824
0.0225652
0.0333939
274
0.0249686
0.0379627
0.0140839
0.0246886
0.0361999
0.0490326
0.0291515
0.0410859
275
0.0379627
0.0487346
0.0246886
0.0369824
0.0490326
0.0598658
0.0410859
0.0508238
276
0.0140839
0.0246886
0.00918119
0.0225652
0.0291515
0.0410859
0.0239778
0.0367256
277
0.0246886
0.0369824
0.0225652
0.0333939
0.0410859
0.0508238
0.0367256
0.0480388
278
-0.0104921
-0.0176943
-0.0151581
-0.0178866
0.00030612
-0.00270331
-0.00356237
-0.00323508
279
-0.0176943
-0.00617013
-0.0178866
-0.00710668
-0.00270331
0.00918119
-0.00323508
0.00682973
280
-0.0151581
-0.0178866
-0.0055834
-0.00590577
-0.00356237
-0.00323508
0.0106061
0.0103588
281
-0.0178866
-0.00710668
-0.00590577
0.000409811
-0.00323508
0.00682973
0.0103588
0.0141691
282
0.00030612
-0.00270331
-0.00356237
-0.00323508
0.0167995
0.0144378
0.0135229
0.0140391
283
-0.00270331
0.00918119
-0.00323508
0.00682973
0.0144378
0.0239778
0.0140391
0.0227292
284
-0.00356237
-0.00323508
0.0106061
0.0103588
0.0135229
0.0140391
0.0229602
0.0228843
285
-0.00323508
0.00682973
0.0103588
0.0141691
0.0140391
0.0227292
0.0228843
0.028542
286
-0.00617013
0.00586228
-0.00710668
0.0123209
0.00918119
0.0225652
0.00682973
0.0223804
287
0.00586228
0.0215788
0.0123209
0.0291774
0.0225652
0.0333939
0.0223804
0.0398627
288
-0.00710668
0.0123209
0.000409811
0.0175179
0.00682973
0.0223804
0.0141691
0.0275735
289
0.0123209
0.0291774
0.0175179
0.0381998
0.0223804
0.0398627
0.0275735
0.0454286
290
0.00918119
0.0225652
0.00682973
0.0223804
0.0239778
0.0367256
0.0227292
0.034955
291
0.0225652
0.0333939
0.0223804
0.0398627
0.0367256
0.0480388
0.034955
0.0518821
292
0.00682973
0.0223804
0.0141691
0.0275735
0.0227292
0.034955
0.028542
0.0398152
293
0.0223804
0.0398627
0.0275735
0.0454286
0.034955
0.0518821
0.0398152
0.0551861
294
0.0221105
0.00470619
0.0215124
0.00214855
0.0183161
-0.000237155
0.0174235
-0.00408424
295
0.00470619
-0.010147
0.00214855
-0.00602168
-0.000237155
-0.0201752
-0.00408424
-0.0145235
296
0.0215124
0.00214855
0.0255547
0.00862978
0.0174235
-0.00408424
0.0204034
0.00332175
297
0.00214855
-0.00602168
0.00862978
0.00325827
-0.00408424
-0.0145235
0.00332175
0.000382414
298
0.0183161
-0.000237155
0.0174235
-0.00408424
0.0191672
0.00141118
0.0192912
-0.00301573
299
-0.000237155
-0.0201752
-0.00408424
-0.0145235
0.00141118
-0.00276792
-0.00301573
-0.00352821
300
0.0174235
-0.00408424
0.0204034
0.00332175
0.0192912
-0.00301573
0.0235655
0.00736324
301
-0.00408424
-0.0145235
0.00332175
0.000382414
-0.00301573
-0.00352821
0.00736324
0.00351743
302
-0.010147
-0.0141334
-0.00602168
0.00567955
-0.0201752
-0.015506
-0.0145235
0.00542359
303
-0.0141334
-0.0132789
0.00567955
0.00680089
-0.015506
-0.0163924
0.00542359
0.00480866
304
-0.00602168
0.00567955
0.00325827
-0.00486706
-0.0145235
0.00542359
0.000382414
0.00993295
305
0.00567955
0.00680089
-0.00486706
0.00566354
0.00542359
0.00480866
0.00993295
0.0197669
306
-0.0201752
-0.015506
-0.0145235
0.00542359
-0.00276792
-0.0019348
-0.00352821
0.0108236
307
-0.015506
-0.0163924
0.00542359
0.00480866
-0.0019348
-0.0055834
0.0108236
0.0102079
308
-0.0145235
0.00542359
0.000382414
0.00993295
-0.00352821
0.0108236
0.00351743
0.0170023
309
0.00542359
0.00480866
0.00993295
0.0197669
0.0108236
0.0102079
0.0170023
0.0304542
310
0.0255547
0.00325827
0.0545541
0.0374729
0.0235655
0.00351743
0.056901
0.0479509
311
0.00325827
-0.00486706
0.0194172
0.00611695
0.000382414
0.00993295
0.0234998
0.0177305
312
-0.00486706
0.00566354
0.00611695
0.0111685
0.00993295
0.0197669
0.0177305
0.0250412
313
0.0194172
0.00611695
0.0374729
0.0257699
0.0234998
0.0177305
0.041733
0.0341431
314
0.00611695
0.0111685
0.0257699
0.0216143
0.0177305
0.0250412
0.0341431
0.0340626
315
0.000382414
0.00993295
0.0234998
0.0177305
0.00351743
0.0170023
0.0254066
0.0314579
316
0.00993295
0.0197669
0.0177305
0.0250412
0.0170023
0.0304542
0.0314579
0.0400306
317
0.0234998
0.0177305
0.041733
0.0341431
0.0254066
0.0314579
0.0479509
0.0463794
318
0.0177305
0.0250412
0.0341431
0.0340626
0.0314579
0.0400306
0.0463794
0.0486165
319
0.0191672
0.00141118
0.0192912
-0.00301573
0.0226908
0.00754897
0.022846
0.00438309
320
0.00141118
-0.00276792
-0.00301573
-0.00352821
0.00754897
0.00716196
0.00438309
0.00705157
321
0.0192912
-0.00301573
0.0235655
0.00736324
0.022846
0.00438309
0.0306839
0.016859
322
-0.00301573
-0.00352821
0.00736324
0.00351743
0.00438309
0.00705157
0.016859
0.0157091
323
0.0226908
0.00754897
0.022846
0.00438309
0.0336205
0.0228362
0.0329749
0.0198112
324
0.00754897
0.00716196
0.00438309
0.00705157
0.0228362
0.020737
0.0198112
0.0209242
325
0.022846
0.00438309
0.0306839
0.016859
0.0329749
0.0198112
0.0406613
0.0297498
326
0.00438309
0.00705157
0.016859
0.0157091
0.0198112
0.0209242
0.0297498
0.0298779
327
-0.00276792
-0.0019348
-0.00352821
0.0108236
0.00716196
0.0130725
0.00705157
0.022309
328
-0.0019348
-0.0055834
0.0108236
0.0102079
0.0130725
0.0106061
0.022309
0.0214939
329
-0.00352821
0.0108236
0.00351743
0.0170023
0.00705157
0.022309
0.0157091
0.0268034
330
0.0108236
0.0102079
0.0170023
0.0304542
0.022309
0.0214939
0.0268034
0.0387699
331
0.00716196
0.0130725
0.00705157
0.022309
0.020737
0.0302644
0.0209242
0.0342917
332
0.0130725
0.0106061
0.022309
0.0214939
0.0302644
0.0229602
0.0342917
0.0364169
333
0.00705157
0.022309
0.0157091
0.0268034
0.0209242
0.0342917
0.0298779
0.040704
334
0.022309
0.0214939
0.0268034
0.0387699
0.0342917
0.0364169
0.040704
0.0501378
335
0.0235655
0.00351743
0.056901
0.0479509
0.0406613
0.0298779
0.070005
0.0617271
336
0.00351743
0.0304542
0.0479509
0.0486165
0.0298779
0.0501378
0.0617271
0.075671
337
-0.0132789
-0.0158461
0.00680089
0.00381418
-0.0163924
-0.0206957
0.00480866
0.0019036
338
-0.0158461
-0.00465872
0.00381418
0.0120408
-0.0206957
-0.00641319
0.0019036
0.0104626
339
0.00680089
0.00381418
0.00566354
0.0232718
0.00480866
0.0019036
0.0197669
0.0250035
340
0.00381418
0.0120408
0.0232718
0.0319443
0.0019036
0.0104626
0.0250035
0.0308289
341
-0.0163924
-0.0206957
0.00480866
0.0019036
-0.0055834
-0.00590577
0.0102079
0.00795637
342
-0.0206957
-0.00641319
0.0019036
0.0104626
-0.00590577
0.000409811
0.00795637
0.0145792
343
0.00480866
0.0019036
0.0197669
0.0250035
0.0102079
0.00795637
0.0304542
0.0284376
344
0.0019036
0.0104626
0.0250035
0.0308289
0.00795637
0.0145792
0.0284376
0.0337371
345
-0.00465872
0.014232
0.0120408
0.0268968
-0.00641319
0.013586
0.0104626
0.0262717
346
0.014232
0.0356268
0.0268968
0.0457635
0.013586
0.0351204
0.0262717
0.0452105
347
0.0120408
0.0268968
0.0319443
0.0438633
0.0104626
0.0262717
0.0308289
0.0429562
348
0.0268968
0.0457635
0.0438633
0.0595981
0.0262717
0.0452105
0.0429562
0.0591118
349
-0.00641319
0.013586
0.0104626
0.0262717
0.000409811
0.0175179
0.0145792
0.028991
350
0.013586
0.0351204
0.0262717
0.0452105
0.0175179
0.0381998
0.028991
0.0474784
351
0.0104626
0.0262717
0.0308289
0.0429562
0.0145792
0.028991
0.0337371
0.0454015
352
0.0262717
0.0452105
0.0429562
0.0591118
0.028991
0.0474784
0.0454015
0.0608076
353
0.00566354
0.0319443
0.0216143
0.05254
0.0304542
0.0337371
0.0486165
0.0722396
354
0.0319443
0.0595981
0.05254
0.0933657
0.0337371
0.0608076
0.0722396
0.0954757
355
-0.0055834
-0.00590577
0.0102079
0.00795637
0.0106061
0.0103588
0.0214939
0.0208449
356
-0.00590577
0.000409811
0.00795637
0.0145792
0.0103588
0.0141691
0.0208449
0.0254848
357
0.0102079
0.00795637
0.0304542
0.0284376
0.0214939
0.0208449
0.0387699
0.0372628
358
0.00795637
0.0145792
0.0284376
0.0337371
0.0208449
0.0254848
0.0372628
0.0416551
359
0.0106061
0.0103588
0.0214939
0.0208449
0.0229602
0.0228843
0.0364169
0.0355436
360
0.0103588
0.0141691
0.0208449
0.0254848
0.0228843
0.028542
0.0355436
0.0402623
361
0.0214939
0.0208449
0.0387699
0.0372628
0.0364169
0.0355436
0.0501378
0.0493244
362
0.0208449
0.0254848
0.0372628
0.0416551
0.0355436
0.0402623
0.0493244
0.0531638
363
0.000409811
0.0381998
0.0337371
0.0608076
0.028542
0.0551861
0.0531638
0.0746528
364
0.0304542
0.0337371
0.0486165
0.0722396
0.0501378
0.0531638
0.075671
0.0886016
365
0.0337371
0.0608076
0.0722396
0.0954757
0.0531638
0.0746528
0.0886016
0.105793
