0.063692920
0.070963536
0.070963536
0.063692920
0.049735057
0.063692920
0.070963536
0.070963536
0.063692920
0.049735057
0.063692920
0.070963536
0.070963536
0.063692920
0.049735057
0.063692920
0.070963536
0.070963536
0.063692920
0.049735057
0.110192925
0.124061585
0.124061585
0.110192925
0.083273887
0.110192925
0.124061585
0.124061585
0.110192925
0.083273887
0.110192925
0.124061585
0.124061585
0.110192925
0.083273887
0.110192925
0.124061585
0.124061585
0.110192925
0.083273887
0.143951195
0.163745981
0.163745981
0.143951195
0.104986871
0.143951195
0.163745981
0.163745981
0.143951195
0.104986309
0.143951195
0.163745981
0.163745981
0.143951195
0.104986309
0.143950658
0.163745981
0.163745981
0.143950658
0.104986309
0.166920127
0.191807635
0.191807635
0.166920127
0.117047776
0.166920127
0.191807635
0.191807635
0.166920127
0.117047776
0.166920127
0.191807635
0.191807635
0.166920127
0.117047776
0.166920127
0.191807635
0.191807635
0.166920127
0.117047776
0.180191355
0.209116661
0.209116661
0.180191355
0.120900125
0.180191355
0.209116661
0.209116661
0.180191355
0.120900125
0.180191355
0.209116661
0.209116661
0.180191355
0.120900125
0.180191355
0.209116661
0.209116661
0.180191355
0.120900125
0.183982918
0.215745335
0.215745335
0.183982918
0.117047776
0.183982918
0.215745335
0.215745335
0.183982918
0.117047776
0.183982918
0.215745335
0.215745335
0.183982918
0.117047776
0.183982918
0.215745335
0.215745335
0.183982918
0.117047776
0.177740709
0.211169995
0.211169995
0.177740709
0.104986309
0.177740709
0.211169455
0.211169455
0.177740027
0.104986309
0.177740027
0.211169455
0.211169455
0.177740027
0.104986309
0.177740027
0.211169455
0.211169455
0.177740027
0.104986309
0.160292915
0.194474083
0.194474083
0.160292915
0.083273887
0.160292915
0.194474083
0.194474083
0.160292915
0.083273887
0.160292915
0.194474083
0.194474083
0.160292915
0.083273887
0.160292915
0.194474083
0.194474083
0.160292915
0.083273887
0.130021803
0.164495040
0.164495040
0.130021803
0.049735057
0.130021803
0.164495040
0.164495040
0.130021017
0.049735057
0.130021017
0.164495040
0.164495040
0.130021017
0.049735057
0.130021017
0.164495040
0.164495040
0.130021017
0.049735057
0.085032799
0.119893755
0.119893755
0.085032799
0.001782936
0.085032799
0.119893755
0.119893755
0.085032799
0.001782936
0.085032799
0.119893755
0.119893755
0.085032799
0.001782936
0.085032799
0.119893755
0.119893755
0.085032799
0.001782936
0.130021803
0.164495040
0.164495040
0.130021803
0.049735057
0.130021803
0.164495040
0.164495040
0.130021017
0.049735057
0.130021017
0.164495040
0.164495040
0.130021017
0.049735057
0.130021017
0.164495040
0.164495040
0.130021017
0.049735057
0.160292915
0.194474083
0.194474083
0.160292915
0.083273887
0.160292915
0.194474083
0.194474083
0.160292915
0.083273887
0.160292915
0.194474083
0.194474083
0.160292915
0.083273887
0.160292915
0.194474083
0.194474083
0.160292915
0.083273887
0.177740709
0.211169995
0.211169995
0.177740709
0.104986309
0.177740709
0.211169455
0.211169455
0.177740027
0.104986309
0.177740027
0.211169455
0.211169455
0.177740027
0.104986309
0.177740027
0.211169455
0.211169455
0.177740027
0.104986309
0.183982918
0.215745335
0.215745335
0.183982918
0.117047776
0.183982918
0.215745335
0.215745335
0.183982918
0.117047776
0.183982918
0.215745335
0.215745335
0.183982918
0.117047776
0.183982918
0.215745335
0.215745335
0.183982918
0.117047776
0.180191355
0.209116661
0.209116661
0.180191355
0.120900125
0.180191355
0.209116661
0.209116661
0.180191355
0.120900125
0.180191355
0.209116661
0.209116661
0.180191355
0.120900125
0.180191355
0.209116661
0.209116661
0.180191355
0.120900125
0.166920127
0.191807635
0.191807635
0.166920127
0.117047776
0.166920127
0.191807635
0.191807635
0.166920127
0.117047776
0.166920127
0.191807635
0.191807635
0.166920127
0.117047776
0.166920127
0.191807635
0.191807635
0.166920127
0.117047776
0.143951195
0.163745981
0.163745981
0.143951195
0.104986871
0.143951195
0.163745981
0.163745981
0.143951195
0.104986309
0.143951195
0.163745981
0.163745981
0.143951195
0.104986309
0.143950658
0.163745981
0.163745981
0.143950658
0.104986309
0.110192925
0.124061585
0.124061585
0.110192925
0.083273887
0.110192925
0.124061585
0.124061585
0.110192925
0.083273887
0.110192925
0.124061585
0.124061585
0.110192925
0.083273887
0.110192925
0.124061585
0.124061585
0.110192925
0.083273887
0.063692920
0.070963536
0.070963536
0.063692920
0.049735057
0.063692920
0.070963536
0.070963536
0.063692920
0.049735057
0.063692920
0.070963536
0.070963536
0.063692920
0.049735057
0.063692920
0.070963536
0.070963536
0.063692920
0.049735057
0.001782936
0.001782936
0.049735057
0.083273887
0.001782936
0.049735057
0.001782936
0.049735057
0.001782936
0.083273887
0.001782936
0.049735057
0.001782936
0.049735057
0.001782936
0.083273887
0.001782936
0.049735057
0.001782936
0.049735057
0.001782936
0.083273887
0.001782936
0.049735057
0.001782936
0.049735057
0.001782936
0.083273887
0.104986309
0.083273887
0.104986871
0.083273887
0.104986309
0.083273887
0.104986309
0.083273887
0.104986309
0.117047776
0.104986871
0.117047776
0.104986309
0.117047776
0.104986309
0.117047776
0.104986309
0.117047776
0.120900125
0.117047776
0.120900125
0.117047776
0.120900125
0.117047776
0.120900125
0.117047776
0.120900125
0.117047776
0.120900125
0.117047776
0.120900125
0.117047776
0.120900125
0.117047776
0.120900125
0.117047776
0.104986309
0.117047776
0.104986309
0.117047776
0.104986309
0.117047776
0.104986309
0.117047776
0.104986309
0.083273887
0.104986309
0.083273887
0.104986309
0.083273887
0.104986309
0.083273887
0.104986309
0.083273887
0.049735057
0.083273887
0.049735057
0.083273887
0.049735057
0.083273887
0.049735057
0.083273887
0.049735057
0.085032799
0.001782936
0.085032799
0.119893755
0.119893755
0.049735057
0.119893755
0.085032799
0.049735057
0.085032799
0.001782936
0.085032799
0.119893755
0.119893755
0.049735057
0.119893755
0.085032799
0.049735057
0.085032799
0.049735057
0.001782936
0.085032799
0.119893755
0.119893755
0.049735057
0.119893755
0.085032799
0.049735057
0.085032799
0.001782936
0.085032799
0.119893755
0.119893755
0.049735057
0.119893755
0.085032799
0.049735057
0.085032799
0.001782936
0.085032799
0.049735057
0.119893755
0.119893755
0.001782936
0.085032799
0.001782936
0.085032799
0.049735057
0.085032799
0.119893755
0.119893755
0.001782936
0.085032799
0.001782936
0.085032799
0.049735057
0.085032799
0.119893755
0.119893755
0.001782936
0.085032799
0.001782936
0.049735057
0.085032799
0.119893755
0.119893755
0.001782936
0.085032799
0.001782936
0.049735057
0.083273887
0.049735057
0.083273887
0.049735057
0.083273887
0.049735057
0.083273887
0.049735057
0.083273887
0.104986309
0.083273887
0.104986309
0.083273887
0.104986309
0.083273887
0.104986309
0.083273887
0.104986309
0.117047776
0.104986309
0.117047776
0.104986309
0.117047776
0.104986309
0.117047776
0.104986309
0.117047776
0.120900125
0.117047776
0.120900125
0.117047776
0.120900125
0.117047776
0.120900125
0.117047776
0.120900125
0.117047776
0.120900125
0.117047776
0.120900125
0.117047776
0.120900125
0.117047776
0.120900125
0.117047776
0.104986309
0.117047776
0.104986871
0.117047776
0.104986309
0.117047776
0.104986309
0.117047776
0.104986309
0.083273887
0.104986871
0.083273887
0.104986309
0.083273887
0.104986309
0.083273887
0.104986309
0.083273887
0.049735057
0.083273887
0.049735057
0.083273887
0.049735057
0.083273887
0.049735057
0.083273887
0.049735057
0.001782936
0.049735057
0.001782936
0.049735057
0.001782936
0.049735057
0.001782936
0.049735057
0.001782936
0.049735057
0.001782936
0.049735057
0.001782936
0.049735057
0.001782936
