0.760784
0.566614
0.508567
0.438069
0.373732
0.433315
0.372205
0.288216
0.216323
0.201664
0.148158
0.133852
0.150692
0.132276
0.0761024
0.0608599
0.042251
0.0270084
0.0406869
0.0250812
0.0216216
0.00523234
0.00310865
-0.00325944
-0.00573291
-0.00242395
-0.00537061
-0.0121982
-0.0152986
0.00176566
0.00978273
0.00466306
-0.0100732
-0.0151929
0.00649587
-0.0117223
0.0545823
0.0483047
0.0451814
0.0313791
0.0282403
0.0305221
0.0278362
0.0115616
0.00842281
0.00685341
-4.00329e-05
-0.00160943
-0.00049901
-0.001842
-0.00994876
-0.0115182
0.0207309
0.0144534
0.0189356
0.0135636
-0.0189039
-0.0251815
0.568162
0.337738
0.266834
0.251739
0.227073
0.21187
0.175068
0.161016
0.131087
0.123486
0.111208
0.103607
0.083099
0.0754932
0.0632156
0.0594149
0.0532767
0.0494754
0.0393077
0.0354186
0.0293035
0.0273794
0.0244546
0.0224824
0.0176373
0.0153812
0.0126256
0.0104115
0.025479
0.0556142
0.115885
0.108283
0.0960055
0.0884041
0.067892
0.0602907
0.0480128
0.0404115
0.0366109
0.0304719
0.0266713
0.0247709
0.0217545
0.019815
0.0146731
0.0127728
0.00970333
0.00780299
0.0164152
0.0126146
0.00647562
0.00267496
0.272524
0.226141
0.255131
0.207606
0.181493
0.13511
0.111919
0.122997
0.0998053
0.0895943
0.0664029
0.077481
0.0542896
0.0426939
0.0482329
0.0366372
0.03103
0.0336089
0.0279689
0.0252583
0.0194605
0.02223
0.0164321
0.0315317
0.0199361
0.0254751
0.0138794
0.161857
0.114331
0.0905684
0.110263
0.0864999
0.0676943
0.0439313
0.0636258
0.0398628
0.0279813
0.0378286
0.0259471
0.020091
0.02493
0.0190636
0.0142878
0.00834707
0.0132707
0.00732994
0.0165443
0.00466279
0.01451
0.00262853
0.197979
0.181997
0.17875
0.162374
0.0970703
0.0810879
0.0730966
0.0689749
0.0609837
0.056988
0.0549271
0.0509316
0.0357564
0.0317607
0.0296998
0.0257043
0.0237065
0.022676
0.0206782
0.0130906
0.0110928
0.0100623
0.00806458
0.0306333
0.022642
0.0185203
0.0105291
0.0753542
0.0589783
0.0507903
0.0549097
0.0467217
0.0426277
0.0446874
0.0405934
0.0208729
0.0167789
0.0188386
0.0147446
0.0126976
0.0137274
0.0116804
0.00182015
-0.000226842
0.000802989
-0.001244
0.00728058
-0.000907368
0.00321196
-0.004976
0.169257
0.128476
0.124801
0.102741
0.104922
0.082862
0.082425
0.0594466
0.0623341
0.0505971
0.0522889
0.0406575
0.0445464
0.0289498
0.0346067
0.0190101
0.0134952
0.0140403
0.00852534
0.00883759
0.0026715
0.00386774
-0.00229833
0.0395673
0.0806815
0.0975712
0.0688296
0.0703869
0.0416453
0.03145
0.0280532
0.0229555
0.0212717
0.0161595
0.0180485
0.0129509
0.0112525
0.00615481
0.0178579
0.0227484
0.0114407
0.00915633
-0.00215141
0.0658122
0.0340532
0.018635
0.013639
0.0118197
0.00672201
0.0107011
0.00469657
0.00343785
-0.00328264
0.020461
0.00502358
0.0181736
0.0036072
0.00458154
-0.011298
0.0386279
0.00686893
0.048439
0.0472464
-0.00590794
0.087955
0.0793197
0.0605894
0.0556484
0.0469478
0.0420562
0.0405015
0.0334679
0.0269094
0.0219294
0.0201135
0.0150763
0.0169047
0.0118071
0.0101086
0.005011
0.0198757
0.0521353
0.0476765
0.0384995
0.0340844
0.0248796
0.0276672
0.017472
0.014584
0.0106759
0.00773868
0.00822922
0.00463501
0.000671244
-0.00335156
0.0140751
0.00387981
0.0349587
0.0204922
0.00777438
0.0722937
0.0652677
0.0451093
0.0380833
0.0345703
0.0244911
0.0209781
0.0192216
0.014182
0.0124255
0.00988784
0.00813134
0.00309175
0.00133524
0.0159028
0.0123898
0.00231062
-0.0012024
0.0279327
0.0209067
0.0173937
0.0156462
0.0105976
0.00884111
0.00718936
0.00561999
-0.000492626
-0.00224913
0.00731452
0.00380152
0.00041939
-0.00271935
-0.014866
-0.018379
0.000748348
-0.00627767
0.0365627
0.0198994
0.00839954
-0.0131205
-0.0467107
-0.070797
0.0904614
0.0672699
0.0783484
0.0551568
0.0455294
0.0217542
0.0332741
0.0212369
0.0271466
0.0209783
0.0240829
0.0179501
0.0178497
0.00959939
0.0148215
0.00657114
0.0151804
0.0148759
-0.00152092
0.00881936
-0.00757742
0.00964115
0.0440786
0.068583
0.0448201
0.0645144
0.0407515
0.0222743
-0.00181701
0.0181558
0.0059958
0.0160966
0.00990217
0.0150671
0.008885
0.00669641
-0.00175711
0.00567922
-0.00277428
0.00396146
-0.000522085
-0.0173228
-0.00255646
-0.0193571
-0.00588563
0.0210572
0.00892809
-0.0456665
-0.0149591
-0.0711791
-0.00230408
0.566614
0.433315
0.438069
0.288216
0.508567
0.372205
0.373732
0.216323
0.150692
0.148158
0.0761024
0.0406869
0.042251
0.00649588
0.0608599
0.0250812
0.00978274
0.00523234
-0.00242394
-0.00325944
-0.0121982
0.00310865
-0.00537061
-0.00573293
-0.0152986
-0.0100732
0.0216216
0.00466305
0.00176566
-0.0151929
0.0270084
-0.0117223
0.201664
0.132276
0.133852
0.0545823
0.0189356
0.0207308
-0.018904
0.0483047
0.0305221
0.031379
0.0115616
0.0451814
0.0278361
0.0282402
0.0084228
-0.000499013
-4.00707e-05
-0.00994877
0.00685341
-0.001842
-0.00160946
-0.0115182
0.0135636
0.0144533
-0.0251816
0.331803
0.265869
0.246089
0.176647
0.156452
0.223491
0.205294
0.12746
0.1083
0.104744
0.0598203
0.056329
0.0901341
0.0846899
0.0417193
0.036275
0.0346869
0.0120676
0.0104795
0.026248
0.0246599
0.0238659
0.0125562
0.0117621
0.0196464
0.0188524
0.0075427
0.00674864
0.00204059
0.000452481
0.170873
0.122394
0.105088
0.0825985
0.065376
0.098027
0.0753795
0.0583151
0.034779
0.026984
0.0149231
0.00712808
0.0218923
0.0158283
0.0119643
0.00589386
0.0158218
0.0105454
0.00589386
-0.000176617
0.0121044
0.00203638
-0.00817041
0.0996855
0.0430438
0.0334592
0.0260089
0.0195483
0.0175461
0.0110854
0.0189151
0.0118212
0.0104522
0.00335835
0.0149938
0.0307443
0.0186033
0.0118212
-0.00125257
0.0256642
0.00908321
-0.0110411
0.0186033
-0.00493283
-0.0192922
-0.0446446
0.122394
0.098027
0.0825985
0.0583151
0.105088
0.0753795
0.065376
0.034779
0.0218923
0.0158218
0.0119643
0.00589386
0.0158283
0.0105454
0.00589386
-0.000176617
0.0149231
0.00203638
0.026984
0.0121044
0.0071281
-0.0081704
0.0747282
0.0430438
0.0307443
0.0260089
0.0189151
0.0175461
0.0104522
0.0195483
0.0118212
0.0110854
0.00335835
0.0118212
0.0334592
0.0186033
0.0149938
-0.00125257
0.0186033
0.00908321
-0.0192922
0.0256642
-0.00493282
-0.011041
-0.0446446
-0.00567857
0.0894978
0.0748595
0.049786
0.0341961
0.0274164
0.0143402
0.00756046
0.0188976
0.0116346
0.0100324
0.00117467
-0.000813092
0.00546915
0.00319792
-0.0056836
-0.00795482
-0.000958328
-0.00875329
0.0627635
0.0501977
0.019189
0.00558662
0.0672299
0.0628999
0.0247304
0.0193584
0.0166724
0.0153294
0.00674445
0.00540145
0.00928948
0.00820699
-0.00173481
-0.00294575
-0.000497507
-0.0031835
0.00461997
0.002455
-0.017456
-0.0198505
0.0398919
0.035562
0.033397
0.0132565
0.0110915
0.021893
0.0197281
0.0186456
0.00857533
0.00749285
0.0128936
0.0118111
0.00174085
0.000658377
-0.000412469
-0.00257742
-0.00471905
-0.009049
0.0100742
-0.0149814
0.0381018
0.0255359
-0.00650934
-0.0190751
0.0160132
0.0111203
0.00486044
-3.24745e-05
0.0111203
0.00644946
-3.24745e-05
-0.00492539
0.00716855
-0.00629233
-0.0151484
0.00644946
-0.00072913
-0.0160782
-0.0249365
0.00252246
-0.0285979
-0.0437369
0.0129697
0.0114715
0.00181699
0.000318759
0.00687354
0.00528285
-0.00434847
-0.00651572
0.010389
-0.00933575
-0.0119165
0.0023499
-0.000524715
-0.0216667
-0.0247321
0.00822408
-0.0316412
-0.0363869
-0.00669559
-0.0121398
-0.0551104
-0.0605547
-0.0511198
-0.0762522
0.265869
0.223491
0.176647
0.12746
0.24609
0.205294
0.156452
0.1083
0.0901342
0.0598203
0.0417193
0.104744
0.0846899
0.0563292
0.036275
0.026248
0.0120676
0.0020406
0.034687
0.0246599
0.0196464
0.0125562
0.0075427
0.0238659
0.0188524
0.0117622
0.00674865
0.0104796
0.000452489
0.19293
0.174321
0.0961005
0.0817489
0.0476857
0.0333285
0.0282373
0.00912109
0.00402986
0.0261499
0.0191918
0.01716
0.00708808
0.0047836
0.0162407
0.0143979
0.00348706
0.00164423
0.0019425
-0.00501563
0.0817489
0.0694473
0.0333285
0.0261499
0.00912109
0.0019425
0.0282373
0.0191918
0.0162407
0.00708808
0.00348706
0.01716
0.0143979
0.00478361
0.00164423
0.00402992
-0.00501562
0.0189713
0.0724119
0.0677677
0.0236283
0.0190194
0.017238
0.0069157
0.00491137
0.0157
0.0142926
0.00294635
0.00153897
-0.0005791
-0.00518802
0.0157526
0.0129379
-0.00962457
-0.0125694
0.0167531
0.0612429
0.0556191
0.0545504
0.0301061
0.0290431
0.0500891
0.0484267
0.0245818
0.0229194
0.0224345
0.0101657
0.00968082
0.0198575
0.0193726
0.00710388
0.00661898
0.0102284
0.00459881
0.174321
0.15394
0.0724119
0.0612429
0.0236284
0.0157526
-0.000579028
-0.00962457
0.0190194
0.0157
0.00691572
0.00294635
0.017238
0.0142926
0.00491137
0.00153897
0.0129379
-0.00518798
-0.0125694
0.0102284
0.0677677
0.0556191
0.0500891
0.0301061
0.0245818
0.0545504
0.0484267
0.0290431
0.0229194
0.0198575
0.0101658
0.0071039
0.0224345
0.0193726
0.00968087
0.006619
0.0167531
0.00459881
0.051911
0.0475269
0.0264037
0.0220196
0.020465
0.00926595
0.00771131
0.0198275
0.0177168
0.0070739
0.00494917
0.0475269
0.0437354
0.0220196
0.0198275
0.00926595
0.0070739
0.0204649
0.0177168
0.0077113
0.00494917
0.0176627
0.0445847
0.043453
0.0190576
0.0176741
0.00630391
0.00489651
0.0171177
0.0166444
0.00403415
0.00356086
0.0172859
0.0423559
0.0414093
0.0161888
0.0152422
0.000896391
-0.00644974
0.0445847
0.0423559
0.0190576
0.0171177
0.0063039
0.00403415
0.0176741
0.0166444
0.00489651
0.00356086
0.0161888
0.043453
0.0414093
0.0172859
0.0152422
0.0407867
0.0395515
0.0146197
0.0133845
0.0395515
0.0378381
0.0133845
0.011671
0.0110534
-0.00141252
-0.00203013
0.0110534
0.0101967
-0.00203013
-0.00288685
-0.00644974
-0.0115474
0.0894978
0.0627634
0.049786
0.019189
0.0748595
0.0501975
0.0341961
0.0188976
0.0143402
-0.000958304
0.0274164
0.0116346
0.00546911
0.00117467
-0.00568363
0.0100324
0.00319795
-0.000813093
-0.00795478
0.00756045
-0.00875328
0.00558656
0.0381017
0.0160132
0.0111203
0.00486044
-3.24745e-05
0.0111203
0.00644946
-3.24745e-05
-0.00492539
0.00644946
-0.00629233
-0.0160782
0.00716855
-0.00072913
-0.0151484
-0.0249365
-0.00650943
-0.0285979
0.0255357
0.00252248
-0.0190754
-0.043737
0.0100742
-0.0511198
0.0672299
0.039892
0.0247304
-0.00471896
0.0629
0.0355623
0.0218933
0.0132568
-0.00041214
0.0333974
0.0197285
0.012894
0.00857574
0.00174127
0.018646
0.0118116
0.00749326
0.000658841
0.0110918
-0.00257704
0.0193584
0.00462005
-0.000497521
-0.017456
0.0166724
0.00928951
0.00674444
-0.00173481
0.0153294
0.00820704
0.00540145
-0.00294575
0.00245509
-0.00318351
-0.0198505
-0.0090488
0.0129697
0.00687354
0.00181697
-0.00434851
0.0114716
0.00528286
0.00031882
-0.00651569
0.00234992
-0.00933577
-0.0216667
0.0103891
-0.000524698
-0.0119163
-0.0247321
-0.00669552
-0.0316412
-0.0551104
0.00822433
-0.0121398
-0.0363866
-0.0605546
-0.0149814
-0.0762522
-0.00072913
0.337739
0.169257
0.0975712
0.0658122
0.0703869
0.0386279
0.0688296
0.0340532
0.0181736
0.020461
0.00458154
0.018635
0.0107011
0.0118197
0.00343785
0.013639
0.00469657
0.00672201
-0.00328264
0.0036072
0.00502358
-0.011298
0.0416453
0.0227484
0.0280532
0.0180485
0.0212718
0.0112525
0.0229555
0.0129509
0.0161595
0.00615481
0.00915633
0.03145
0.0114407
0.0178579
-0.00215141
0.00686893
0.124801
0.082425
0.104922
0.0623341
0.0445464
0.0522889
0.0346067
0.0505971
0.0289498
0.0406575
0.0190101
0.00883759
0.0140403
0.00386774
0.0134952
0.00267151
0.00852536
-0.00229832
0.102741
0.0594467
0.082862
0.0395673
0.0472464
0.128476
0.0484391
0.0806818
-0.00590771
0.272525
0.181493
0.255132
0.161857
0.226142
0.13511
0.0895945
0.122997
0.0774815
0.111919
0.0664031
0.0998059
0.0542901
0.0315323
0.0482337
0.0254758
0.0426945
0.0199366
0.036638
0.025259
0.0336097
0.0222308
0.0310308
0.0194612
0.0279698
0.016433
0.0138801
0.207606
0.114332
0.0676948
0.110263
0.063626
0.0905692
0.0439321
0.0865003
0.0398632
0.0165446
0.0378287
0.0145101
0.0279817
0.00466318
0.0259473
0.014288
0.02493
0.0132708
0.0200912
0.00834727
0.0190637
0.00733004
0.00262871
0.0904614
0.0455294
0.0783485
0.0332741
0.0148759
0.0271466
0.0178497
0.0240829
0.0148215
0.0209783
0.00959939
0.0179501
0.00657114
0.00881936
0.021237
-0.00152089
0.0151805
-0.00757739
0.0672701
0.0217543
0.0551571
0.00964131
0.00892809
0.0685831
0.0222743
0.0645144
0.0181558
-0.000522085
0.0160966
0.00669641
0.0150671
0.00567922
0.00990219
-0.0017571
0.00888502
-0.00277427
-0.00255646
0.00599585
-0.0173227
0.00396151
-0.0193571
0.0448203
-0.00181685
0.0407517
-0.00588552
-0.0149591
0.0440787
-0.0456664
0.0210576
-0.0711788
0.266834
0.175068
0.227073
0.131088
0.0830996
0.111208
0.0632158
0.039308
0.0532767
0.0293036
0.0176374
0.0244546
0.0126256
0.0273795
0.0153813
0.0224824
0.0104115
0.059415
0.0354188
0.0494754
0.0254791
0.123486
0.0754937
0.103607
0.0556143
0.25174
0.161016
0.21187
0.115885
0.0678923
0.0960055
0.048013
0.108283
0.0602909
0.0884042
0.0404116
0.0164153
0.030472
0.00647571
0.0366109
0.0126147
0.0266713
0.0146732
0.0217545
0.00970335
0.024771
0.0127728
0.019815
0.00780301
0.00267503
0.0879553
0.0476766
0.0276673
0.0340846
0.0140752
0.0384996
0.017472
0.00822922
0.010676
0.000671254
0.014584
0.004635
0.00773876
-0.00335153
0.0248799
0.00387996
0.06059
0.040502
0.0469486
0.02691
0.0169053
0.0201143
0.0101093
0.0219301
0.0118077
0.0150771
0.00501169
0.055649
0.0334684
0.042057
0.0198764
0.0204926
0.07932
0.0349588
0.052136
0.00777483
0.00839954
0.0365634
-0.0467103
0.072294
0.0279328
0.0451098
0.000748776
0.0652679
0.0209067
0.000419361
0.00731473
-0.0148659
0.0173937
0.00718935
0.0105977
-0.000492584
0.0156462
0.00561997
0.00884117
-0.0022491
-0.00271939
0.00380164
-0.0183789
0.0380835
0.015903
0.0244913
0.00231086
0.0345704
0.0123899
0.0209782
0.00988796
0.0141821
0.00309187
0.0192216
0.0081314
0.0124255
0.0013353
-0.00120227
-0.00627742
-0.0131206
0.0198998
-0.0707965
0.19798
0.0970705
0.17875
0.075355
0.181997
0.0810879
0.0306333
0.068975
0.0185204
0.0730966
0.022642
0.0609837
0.0357564
0.0549272
0.0296999
0.056988
0.0317607
0.0509316
0.0257043
0.0130906
0.022676
0.0100624
0.0237065
0.0110928
0.0206782
0.00806457
0.0105291
0.162374
0.0589787
0.00728102
0.0549098
0.00321206
0.0507905
-0.000907157
0.0467218
0.0208729
0.0446875
0.0188386
0.0426278
0.0167789
0.0405935
0.0147446
0.00182017
0.0137274
0.000803016
0.0126976
-0.000226828
0.0116804
-0.00124398
-0.00497594
-0.00230403
0.0340532
0.487939
0.508567
0.350242
0.373732
0.350242
0.372205
0.190954
0.201664
0.122174
0.133852
0.122174
0.132276
0.0424618
0.0545823
0.0608599
0.0207308
0.0270084
0.0189356
0.0216216
-0.000920326
0.00176566
0.00310865
-0.00730232
-0.00573293
-0.0067136
-0.00537061
-0.0166416
-0.0152986
0.00197706
0.00466305
-0.0178788
-0.0151929
0.0250812
-0.018904
-0.0117223
0.216323
0.566614
0.239228
0.251739
0.198762
0.21187
0.148298
0.161016
0.101754
0.115885
0.123486
0.0960055
0.103607
0.0678921
0.0754934
0.048013
0.0556143
0.059415
0.0456747
0.0494754
0.031618
0.0354186
0.0216784
0.0254791
0.0273794
0.0205351
0.0224824
0.0134809
0.0153813
0.00851115
0.0104115
0.266834
0.167972
0.197979
0.226141
0.17875
0.207606
0.0970703
0.111919
0.0849569
0.0998053
0.0466158
0.0664031
0.0345024
0.0426939
0.0284457
0.03103
0.0254174
0.0279689
0.0158321
0.0194605
0.0128037
0.0164321
0.0366373
0.00927516
0.0199361
0.00321847
0.0138795
0.0542897
0.13511
0.0753542
0.0905684
0.0712857
0.0864999
0.0236565
0.0439313
0.019588
0.0279813
0.0175537
0.020091
0.0165366
0.0190636
0.00462929
0.00834707
0.00361216
0.00732994
0.0259471
-0.00626089
0.00466275
-0.00829515
0.0026285
0.0398628
0.114331
0.0587703
0.0722937
0.0793197
0.0451093
0.0521354
0.0556484
0.0385432
0.0420562
0.0299549
0.0334679
0.0163627
0.0198757
0.0219294
0.0130796
0.0150763
0.00878546
0.0118071
0.00198937
0.005011
0.0279327
0.0349588
0.0384995
0.0213666
0.0248796
0.0129743
0.014584
0.00598218
0.00773868
0.00306561
0.004635
-0.00510806
-0.00335156
0.017472
-0.000813912
0.00387981
0.000748376
0.00777439
0.00474698
0.0198995
-0.0256756
-0.0131206
-0.084849
-0.070797
0.087955
0.128476
0.0365627
0.0806813
0.102741
0.0608022
0.0828619
0.0373865
0.0594463
0.0175074
0.0395671
0.050597
0.0296276
0.0406574
0.0179197
0.0289496
0.00798017
0.0134951
0.00301039
0.00852533
-0.00284352
0.00267142
-0.0078133
-0.00229837
0.01901
0.00839954
0.048439
0.0688295
0.0212545
0.0314498
0.00766234
0.0178576
0.0229552
0.0110615
0.0161591
0.00785294
0.0129506
0.00105684
0.00615445
0.00124528
0.0114405
-0.012347
-0.00215169
0.0416451
0.0090808
0.013639
0.00162435
0.00672198
0.000142027
0.00469657
-0.00832084
-0.00328265
0.018635
-0.00517176
0.00502349
-0.00879675
0.0036072
-0.025181
-0.011298
0.0340531
-0.018764
0.00686863
-0.0467108
-0.00590824
-0.0350616
-0.00230406
0.0440787
0.0672701
0.0319656
0.0551571
-0.00143707
0.0217543
-0.0135501
0.00964131
0.021237
0.0035848
0.0151805
0.0209783
0.0121522
0.0179501
0.00380155
0.00959939
0.000773301
0.00657114
-0.0131166
-0.00152089
-0.0191731
-0.00757739
-0.0264687
0.0210571
0.0448201
0.0169885
0.0407514
-0.02558
-0.00181702
-0.0296486
-0.0058857
0.00599576
-0.00792004
0.00396142
0.00990216
0.00294425
0.00888499
-0.00769785
-0.00175712
-0.00871502
-0.00277429
-0.0292043
-0.0173228
-0.0312386
-0.0193571
-0.089786
-0.0456665
-0.117562
-0.071179
0.337738
0.239227
0.265869
0.0587702
0.0672299
0.0748595
0.0247304
0.0274164
0.00487446
0.00756045
0.00894992
0.0100324
-0.00215609
-0.000813093
0.00211545
0.00319793
-0.0090373
-0.00795482
0.0116346
-0.012084
-0.00875328
0.0341961
0.0398919
0.0501975
-0.00471904
0.00558656
-0.0257254
-0.0149814
0.00474661
0.00822408
0.010389
0.0114715
-0.00076371
0.000318767
0.00448879
0.00528285
-0.0075982
-0.00651572
-0.0140814
-0.0119165
-0.00211283
-0.000524711
-0.0263203
-0.0247321
-0.0407168
-0.0363869
-0.0153161
-0.0121398
-0.0637309
-0.0605547
0.0129697
0.0255357
-0.0316412
-0.0190754
-0.00669552
0.00252248
0.00716855
0.0111203
-0.00399567
-3.24745e-05
0.00286017
0.00644946
-0.00924353
-0.00492539
-0.0214315
-0.0151484
-0.00652299
-0.00072913
-0.0307304
-0.0249365
-0.0551104
-0.043737
-0.0853278
-0.0762522
0.0894978
0.105088
0.049786
0.065376
0.0627634
0.0753795
0.019189
0.026984
-0.000666867
0.0071281
0.00582146
0.0121044
0.0158283
0.00175754
0.00589386
0.00593897
0.0105454
-0.00521381
-0.000176617
-0.0159654
-0.0081704
0.034779
0.122394
0.0100742
0.0256642
0.0334592
0.00588467
0.0149938
0.0195483
0.0065309
0.0110854
0.00605498
0.0118212
-0.00240788
0.00335835
0.0103657
0.0186033
-0.00949021
-0.00125257
-0.0292592
-0.011041
-0.0205228
-0.00493282
-0.0602346
-0.0446446
0.0430438
0.0381017
0.0747282
0.098027
0.0340332
0.0583151
0.0551565
0.0753795
0.0105454
0.0158218
-0.000176617
0.00589386
0.00565252
0.0105454
-0.00550025
-0.000176617
0.0218923
-0.0101046
0.00203638
0.00075961
0.0121044
-0.0215459
-0.00817041
0.034779
-0.0511198
-0.00567857
0.0186033
0.0307443
-0.00125257
0.0118212
0.0189151
0.00335835
0.0104522
0.00481791
0.0118212
-0.0037355
0.00335835
0.00646238
0.0186033
-0.0133935
-0.00125257
-0.0453904
-0.0192922
-0.0299605
-0.00493283
-0.0696723
-0.0446446
0.167972
0.174321
0.0658729
0.0677677
0.0148234
0.0167531
0.017238
0.00411732
0.00491137
0.0136913
0.0142926
0.000937613
0.00153897
0.0190194
-0.0079864
-0.00518798
0.0106294
0.0129379
-0.0148779
-0.0125694
0.0536172
0.0556191
0.00256771
0.00459881
0.0724119
0.0817489
0.0236284
0.0282373
-0.000579028
0.00402992
0.0157526
0.01716
0.00299898
0.00478361
0.0129905
0.0143979
0.000236844
0.00164423
0.0191918
-0.00962457
-0.00501562
0.0333285
0.0612429
0.0694473
0.0102284
0.0189713
0.0261499
-0.00523609
0.0019425
0.0140487
0.0162407
0.00129501
0.00348706
0.0118566
0.0143979
-0.000897031
0.00164423
0.0191918
-0.0114586
-0.00501563
0.147807
0.15394
0.0431302
0.043453
0.0169611
0.0172859
0.0176741
0.00420238
0.00489651
0.0162562
0.0166444
0.00317271
0.00356086
0.0410707
0.0414093
0.0149016
0.0152422
0.0445847
0.0475269
0.0190576
0.0204649
0.0063039
0.0077113
0.0171177
0.0177168
0.00403415
0.00494917
0.0220196
0.0423559
0.0437354
0.0161888
0.0176627
0.0198275
0.00488186
0.0070739
0.0168312
0.0177168
0.00374764
0.00494917
-0.00920728
-0.00644974
0.0390111
0.0407867
0.0423559
0.0146197
0.0161888
0.0171177
0.00310527
0.00403415
0.0157155
0.0166444
0.00263198
0.00356086
0.0395515
0.0414093
0.0133845
0.0152422
-0.013326
-0.0115474
0.051911
0.0612429
0.000896391
0.0102284
0.0157526
-0.0152789
-0.00962457
0.00741359
0.0129379
0.0157
0.000184218
0.00294635
0.0115305
0.0142926
-0.00122317
0.00153897
-0.0180937
-0.0125694
0.0445847
0.0500891
0.0190576
0.0245818
0.043453
0.0484267
0.0172859
0.0198575
0.00420238
0.00710388
0.0171228
0.0193726
0.00403932
0.00661898
0.0229194
0.0556191
-0.00644974
0.00459881
0.19293
0.223491
0.0961005
0.12746
0.174321
0.205294
0.0724119
0.0901341
0.0236283
0.0417193
0.0677677
0.08469
0.0167531
0.0262481
-0.00798638
0.00204068
0.0157832
0.0196464
0.00302956
0.00754273
0.0152983
0.0188524
0.00254461
0.00674867
0.02466
-0.00957451
0.000452571
0.0362751
0.1083
-0.0353701
-0.00072913
0.00644946
0.0111203
-0.00492539
-3.24745e-05
0.00286017
0.00644946
-0.00924353
-0.00492539
-0.0249365
-0.0160782
-0.00790772
-0.00072913
-0.0321151
-0.0249365
0.0160132
-0.0481695
-0.0285979
-0.0150863
0.00252246
-0.0635011
-0.0437369
0.0381018
0.0627635
-0.00650934
0.019189
0.0255359
0.0501977
-0.0190751
0.00558662
0.0188976
-0.0162568
-0.000958328
-0.000696311
0.00546915
-0.011849
-0.0056836
-0.00363656
0.00319792
-0.0147893
-0.00795482
0.0116346
-0.0230018
-0.00875329
-0.0927806
-0.0511198
-0.0247865
-0.00669559
0.0023499
0.00687354
-0.0097538
-0.00434847
0.000269353
0.00528287
-0.0118344
-0.0065157
-0.030903
-0.0216667
-0.0105517
-0.000524659
-0.0347591
-0.0247321
-0.0732014
-0.0551104
-0.0321938
-0.0121397
-0.0806086
-0.0605546
0.0129697
0.0398919
-0.0316412
-0.00471905
0.00822432
0.0218932
-0.0140813
-0.000412404
0.00632632
0.0128939
-0.00509327
0.00174116
0.00553231
0.0118115
-0.00617567
0.000658761
0.0197284
-0.0162461
-0.0025772
0.035562
-0.0363868
-0.009049
0.00461997
-0.0313545
-0.017456
-0.0112139
0.002455
0.00928948
-0.00869775
-0.00173481
0.00137253
0.00820699
-0.00978023
-0.00294575
-0.0335195
-0.0198505
-0.121616
-0.0762522
0.331803
0.433315
0.170873
0.288216
0.265869
0.372205
0.0894978
0.150692
0.0100742
0.0406869
-0.0292592
0.00649587
-0.00551576
0.00978273
-0.0253717
-0.0100732
-0.00242395
-0.0200011
-0.0121982
-0.0138499
-0.00537061
-0.0237778
-0.0152986
-0.0122955
0.00466306
-0.0321514
-0.0151929
0.0250812
-0.0452276
-0.0117223
0.0761024
0.0672299
0.132276
-0.0149814
0.0189356
-0.0546932
-0.0189039
-0.0203534
0.0135636
0.0305221
-0.00629228
0.0115616
0.0108776
0.0278362
-0.00897826
-0.00049901
-0.0189062
-0.00994876
-0.0103213
-0.001842
-0.0202492
-0.0115182
0.00842281
-0.0600652
-0.0251815
0.0545823
0.216323
-0.104945
0.0340531
0.065812
0.00686863
0.0386275
0.0036072
0.0181736
-0.011298
0.00458141
-0.0105805
0.0036072
0.0107011
-0.00450192
0.0034378
-0.00348666
0.00469657
-0.0119495
-0.00328264
-0.0271775
-0.011298
0.0340531
-0.0248903
0.00686863
0.0227481
-0.0067236
0.00915584
0.0180482
0.00235973
0.0112521
0.00294594
0.0129506
-0.00385017
0.00615448
-0.00856873
0.0114406
-0.0221609
-0.00215166
0.0975709
-0.0203158
0.0472458
0.0824246
0.0273668
0.0445462
0.0174272
0.0346067
0.0101873
0.0289496
0.000247748
0.00883748
-0.00472202
0.00386771
-0.00815228
0.00267142
-0.0131221
-0.00229837
0.01901
0.062334
0.0161515
0.0594463
-0.00372764
0.0395671
-0.0247682
0.048439
-0.0838336
-0.00590824
0.169257
-0.0612302
0.00892809
0.0455294
-0.0031849
0.0148759
-0.00924139
0.00881936
0.0178497
0.00579111
0.0148215
-0.000211015
0.00959939
-0.00323926
0.00657114
-0.0212456
-0.00152092
-0.0273021
-0.00757742
0.0332741
-0.0236068
0.0217542
-0.0358745
0.00964115
-0.0875409
-0.0149591
0.0222743
-0.0190278
-0.000522085
-0.0210622
-0.00255646
0.00669641
-0.00357364
0.00567922
-0.0118093
-0.00175711
-0.0128265
-0.00277428
-0.0375335
-0.0173228
-0.0395679
-0.0193571
0.0181558
-0.0479875
-0.00181701
-0.0525228
-0.00588563
-0.129948
-0.0456665
-0.159784
-0.0711791
0.0904614
0.181493
0.068583
0.161857
0.0440786
0.0895943
0.0319653
0.077481
0.0208873
0.0664029
0.00877388
0.0315317
0.00271725
0.0254751
-0.00282178
0.0199361
-0.00887847
0.0138794
0.0252583
0.0108511
0.02223
0.00808154
0.0194605
0.0050532
0.0164321
0.0542896
0.13511
0.0210572
0.0676943
0.0169886
0.0636258
-0.00270578
0.0439313
-0.0067743
0.0165443
-0.00880856
0.01451
-0.0186558
0.00466279
-0.02069
0.00262853
0.0142878
0.0016114
0.0132707
-0.00331221
0.00834707
-0.00432933
0.00732994
0.0398628
0.114331
-0.0631107
0.00839954
0.0276672
-0.00593421
0.0140751
-0.000709557
0.00822922
-0.00917242
0.000671244
-0.0052641
0.00463501
-0.013727
-0.00335156
0.017472
-0.0161295
0.00387981
0.0476765
-0.0195264
0.0204922
0.0405015
0.00690007
0.0169047
0.000103989
0.0101086
0.00180243
0.0118071
-0.00499365
0.005011
0.0269094
0.0112874
0.0334679
-0.00230478
0.0198757
-0.00684307
0.0349587
-0.0365866
0.00777438
-0.126748
-0.0467107
-0.0923902
-0.0131205
0.0279327
-0.0436126
0.000748348
-0.019398
0.00041939
-0.0363238
-0.014866
-0.0225368
-0.00271935
0.00718936
-0.0111822
-0.000492626
-0.00428873
0.00561999
-0.0127516
-0.00224913
-0.0394625
-0.018379
0.0209067
-0.0506386
-0.00627767
0.0159028
-0.0198699
0.00231062
-0.00979068
0.0123898
-0.0233829
-0.0012024
0.00988784
-0.00799849
0.00309175
-0.0029589
0.00813134
-0.009755
0.00133524
-0.159519
-0.070797
0.087955
0.175068
0.0365627
0.083099
0.0166827
0.0393077
0.00674318
0.0176373
0.0017734
0.0126256
0.00338307
0.0153812
-0.00158669
0.0104115
0.0293035
0.0114222
0.0354186
0.00148273
0.025479
0.0632156
0.0275006
0.0754932
0.00762155
0.0556142
0.131087
0.0722937
0.161016
0.0198994
0.067892
2.01827e-05
0.0480128
0.0122982
0.0602907
-0.00758108
0.0164152
-0.0175207
0.00647562
-0.0113817
0.0126146
-0.0213213
0.00267496
0.0146731
-0.00229483
0.00970333
0.000774653
0.0127728
-0.00419516
0.00780299
0.0404115
0.115885
-0.176376
-0.00230408
0.0970703
-0.0264687
0.0753542
-0.0198213
0.0306333
-0.0319342
0.0185203
-0.0274602
0.022642
-0.0399255
0.0105291
0.0357564
0.00447259
0.0296998
0.00653345
0.0317607
0.000476986
0.0130906
-0.00255129
0.0100623
-0.00152084
0.0110928
-0.00454907
0.00806458
0.0257043
0.0810879
-0.0440476
0.00728058
-0.0484858
0.00321196
-0.0520386
-0.000907368
-0.0566737
-0.004976
0.0208729
-0.00701031
0.0188386
-0.00906997
0.0167789
-0.0111043
0.00182015
-0.0121214
0.000802989
-0.0131513
-0.000226842
-0.0141684
-0.001244
0.0147446
0.0589783
0.496557
0.247739
0.20007
0.255131
0.207606
0.154184
0.106515
0.161857
0.114331
0.0905684
0.122997
0.0998053
0.0676942
0.0439313
0.0320498
0.0262595
0.0336089
0.0279689
0.0203906
0.0144498
0.02223
0.0164321
0.048233
0.0366373
0.0206128
0.00873128
0.0254752
0.0138795
0.0774812
0.0542897
0.171127
0.154702
0.17875
0.162374
0.0674199
0.0509945
0.0753542
0.0589783
0.0507904
0.0466964
0.054927
0.0509315
0.0249415
0.0208475
0.0188005
0.0226759
0.0206782
0.0079231
0.00587611
0.0100623
0.00806452
0.0296997
0.0257042
0.0689746
0.0609835
0.00728059
-0.000907359
0.0185199
0.0105289
0.272524
0.197979
0.181997
0.227073
0.21187
0.0970703
0.089079
0.111208
0.103607
0.0466158
0.0426201
0.0532767
0.0494754
0.0213894
0.0193907
0.0244546
0.0224824
0.00908369
0.00677711
0.0126256
0.0104115
0.0173929
0.0293035
0.0254791
0.0386245
0.0632156
0.0556143
0.0810877
0.0730964
0.0960055
0.0884042
0.0306332
0.0226419
0.0186463
0.0166485
0.0217545
0.019815
0.00603264
0.00403483
0.00970335
0.00780301
0.030472
0.0266713
-0.00258533
-0.00658098
0.00647571
0.00267503
0.048013
0.0404116
0.131087
0.115885
0.060628
0.0129589
0.068583
0.0448201
0.0783485
0.0551571
0.0222743
0.0160052
0.0240829
0.0179501
0.0127995
0.00434591
0.0148215
0.00657114
0.0100644
0.0271466
0.0151805
0.00354666
-0.0132541
0.00881936
-0.00757739
-0.00181702
0.0332741
0.00964131
0.0210571
-0.0230966
-0.0803543
-0.0149591
-0.071179
-0.0346058
0.0904614
0.0672701
0.104922
0.0828619
0.0455294
0.03335
0.0522889
0.0406574
0.0269888
0.0105921
0.00479426
0.0140403
0.00852533
-0.000102287
-0.00658468
0.00386774
-0.00229836
0.0346067
0.0190101
0.0217543
0.0623341
0.0395672
0.0440787
0.124801
0.0806814
0.00892809
-0.0456665
0.0472464
0.0161519
0.0106369
0.0212717
0.0161595
0.0053282
-0.000186747
0.0112525
0.00615481
0.00512196
0.0280532
0.0178579
-0.0042919
-0.0157436
0.00915633
-0.00215141
0.0703869
0.0416453
0.0128875
-0.0203153
0.0386279
0.00686893
-0.00856857
0.020461
0.00502358
-7.40607e-05
0.0118197
0.00672201
-0.00335821
-0.0100787
0.00343785
-0.00328264
-0.00901057
-0.0248901
0.00458154
-0.011298
-0.00590794
-0.00230406
-0.0198213
0.0365627
0.0313013
0.0469478
0.0420562
0.0149144
0.00942536
0.0201135
0.0150763
0.00409076
-0.00142419
0.0101086
0.00501101
0.00730498
0.0269094
0.0198757
0.0275007
0.0605894
0.0521354
-0.00669208
-0.01941
0.0204922
0.0112874
0.0340844
0.0248796
0.00048294
-0.00971234
0.0140751
0.00387982
0.000942592
0.0106759
0.00773868
-0.00612483
-0.0101477
0.000671247
-0.00335156
0.00777439
0.0198995
0.0122982
0.0084976
0.00659729
0.014182
0.0124255
-0.00350056
-0.00540087
0.00309176
0.00133525
0.0244911
0.0209781
-0.0112816
-0.0147946
0.00231063
-0.00120239
0.0451093
0.0380833
-0.026436
-0.033462
0.000748376
-0.00627765
-0.00979067
0.00731454
0.00380152
0.00204502
0.0105976
0.00884111
-0.00728871
-0.00904522
-0.000492623
-0.00224913
-0.0284581
-0.0319711
-0.0148659
-0.018379
-0.089786
-0.115844
-0.0467107
-0.070797
0.568162
0.337738
0.266834
0.438069
0.373732
0.169257
0.087955
0.0722937
0.148158
0.133852
0.00839954
-0.0068431
0.042251
0.0270084
-0.0273556
-0.0455737
0.00649588
-0.0117223
-0.0141958
-0.00325944
-0.00573293
-0.0206611
-0.0241045
-0.0121982
-0.0152986
-0.0157652
0.00523234
0.00176566
-0.0295999
-0.0350488
-0.0100732
-0.0151929
-0.0131206
-0.0193981
0.0207308
0.0144533
0.0113145
0.031379
0.0282402
-0.00536416
-0.00850293
-0.0100723
-4.00707e-05
-0.00160946
-0.0184116
-0.019981
-0.00994877
-0.0115182
0.0115616
0.0084228
-0.0527555
-0.059033
-0.018904
-0.0251816
0.0761024
0.0545823
0.288216
0.216323
0.247739
0.154184
0.255132
0.161857
0.20007
0.106515
0.207606
0.114332
0.0676948
0.122997
0.0774815
0.0905692
0.043932
0.0206134
0.0482337
0.0254758
0.0320506
0.0203914
0.0336097
0.0222308
0.0262604
0.0144507
0.0279698
0.016433
0.00873206
0.036638
0.0138801
0.0998059
0.0542902
0.060628
-0.0230966
0.068583
0.0222743
0.0127995
0.0240829
0.0148215
0.0160052
0.00434591
0.0179501
0.00657114
0.00354666
0.0271466
0.00881936
0.0100645
-0.0132541
0.0151805
-0.00757739
0.0783485
0.0332741
0.0448203
-0.00181687
0.0551571
0.00964132
-0.0149591
0.0129589
-0.0803543
0.0210576
-0.0711788
0.272525
0.0904615
0.0455294
0.0269888
0.0522889
0.0346067
0.03335
0.0105921
-0.000102287
0.0140403
0.00386774
0.00479427
-0.00658468
0.00852534
-0.00229833
0.0406575
0.0190101
0.104922
0.0623341
0.0672701
0.0217543
0.082862
0.0395673
0.00892809
0.124801
0.0472464
0.0128875
0.0703869
0.0386279
0.0161519
0.00532821
0.0212718
0.0112525
0.010637
-0.000186696
0.0161595
0.00615486
-0.0042919
0.0280532
0.00915633
0.00512208
-0.0157435
0.017858
-0.00215134
-0.0203153
0.0416453
0.00686893
-0.00901057
0.020461
0.00458154
-0.00856856
-0.0248901
0.00502358
-0.00335821
0.0118197
0.00343785
-7.4016e-05
-0.0100787
0.00672205
-0.00328262
-0.011298
0.0440787
-0.0456665
0.0806817
-0.00590771
0.171127
0.0674199
0.17875
0.0753551
0.154702
0.0509945
0.162374
0.0589787
0.00728106
0.068975
0.0185204
0.0507906
0.0249417
0.0549272
0.0296999
0.0466965
0.0208476
0.0079232
0.022676
0.0100624
0.0188006
0.00587615
0.0206782
0.00806458
0.0509316
0.0257043
-0.000907126
0.0609837
0.0105291
-0.0346057
0.19798
0.0970705
0.0466159
0.0213895
0.00908376
0.0244546
0.0126256
0.0193908
0.00677718
0.0224824
0.0104115
0.0532767
0.0293036
0.0426203
0.017393
0.0494754
0.0254791
0.111208
0.0632158
0.0890792
0.0386246
0.103607
0.0556144
0.227073
0.131088
0.181997
0.0810879
0.0306333
0.0960055
0.0480131
0.0730966
0.022642
-0.00258528
0.030472
0.00647577
0.0186464
0.00603272
0.0217545
0.00970336
0.0166485
0.00403489
0.019815
0.00780303
-0.00658093
0.0266713
0.00267508
0.0884042
0.0404117
0.21187
0.115885
-0.00230403
-0.0897858
0.0365634
0.0149152
0.0040915
0.0201143
0.0101093
0.00942616
-0.00142339
0.0150771
0.0050117
0.0469486
0.0269101
0.031302
0.00730581
0.042057
0.0198764
-0.00669141
0.06059
0.0204927
0.000483291
0.0340847
0.0140753
0.0112878
-0.00971203
0.0248799
0.00387998
-0.00612472
0.010676
0.000671284
0.000942718
-0.0101476
0.00773873
-0.00335156
0.0275013
-0.0194093
0.0521358
0.00777469
-0.0467101
-0.0198213
-0.115844
0.0198999
-0.0264356
0.0451095
0.000748404
0.0122984
-0.0112814
0.0244912
0.00231066
0.00849769
-0.00350044
0.0141821
0.00309179
0.00659732
-0.00540081
0.0124255
0.00133524
-0.0147945
0.0209781
-0.0012024
-0.0334619
0.0380833
-0.00627767
-0.0284581
0.00731452
-0.014866
-0.00979068
-0.0319712
0.00380152
-0.00728872
0.0105976
-0.000492626
0.00204501
-0.00904523
0.00884111
-0.00224913
-0.018379
-0.0707968
-0.0971195
0.337739
0.169257
0.438069
0.288216
0.266834
0.0879553
0.00839954
-0.0273556
0.042251
0.00649587
-0.00684307
-0.0455737
0.0270084
-0.0117223
-0.0206611
-0.00325944
-0.0121982
-0.0141958
-0.0241045
-0.00573291
-0.0152986
-0.0295999
0.00523234
-0.0100732
-0.0157652
-0.0350488
0.00176566
-0.0151929
0.148158
0.0761024
0.0722937
-0.0131205
-0.0527554
0.0207309
-0.0189039
-0.019398
-0.0590329
0.0144534
-0.00536408
0.0313791
0.0115616
0.0113146
-0.00850288
-0.0184116
-4.00329e-05
-0.00994876
-0.0100723
-0.019981
-0.00160943
-0.0115182
0.0282403
0.00842281
-0.0251815
0.133852
0.0545823
0.373732
0.216323
0.0340532
-0.0247682
-0.0448925
0.00908321
0.00262258
0.0175461
0.0110854
0.00198935
-0.00510451
0.0104522
0.00335835
-0.00193196
0.0260089
0.0149938
-0.00510451
-0.0192922
0.0118212
-0.00125257
-0.011041
-0.0531437
-0.0806476
-0.0192922
-0.0446446
0.0996855
0.0430438
0.0256642
0.0825985
0.065376
0.0186033
-0.00493282
-0.0127278
0.0149231
0.0071281
-0.0178195
-0.0280263
0.00203638
-0.00403409
0.0119643
0.00589386
-0.00403409
-0.0101046
0.00589386
-0.000176617
-0.0081704
0.0583151
0.034779
-0.0247682
-0.0531437
0.00908321
0.00198935
0.0175461
0.0104522
0.00262258
-0.00510451
0.0110854
0.00335835
-0.00510451
0.0260089
0.0118212
-0.00193196
-0.0192922
0.0149938
-0.00125257
-0.0192922
-0.0448925
-0.0806476
-0.0110411
-0.0446446
-0.0815191
0.0430438
0.0186033
0.0825985
0.0583151
0.0256642
-0.00493283
-0.0178195
0.0149231
0.00203638
-0.00403409
0.0119643
0.00589386
-0.00403409
-0.0101046
0.00589386
-0.000176617
-0.0127278
-0.0280263
0.00712808
-0.00817041
0.065376
0.034779
-0.00567857
-0.0631107
-0.0923903
0.0100742
-0.00551574
-0.0122955
0.0143402
0.00756045
-0.0208142
-0.0286092
-0.000958304
-0.00875328
-0.010741
0.00117467
-0.000813093
-0.0164025
-0.0191076
-0.00568363
-0.00795482
0.049786
0.0341961
-0.0205228
-0.0361127
0.019189
0.00558656
-0.0149814
-0.0203534
-0.0230394
-0.000497521
-0.00318351
-0.0045265
0.00674444
0.00540145
-0.0116628
-0.0130058
-0.00173481
-0.00294575
-0.0373119
-0.0399979
-0.017456
-0.0198505
0.0247304
0.0193584
-0.0488985
-0.05366
-0.00471904
-0.00904897
-0.0112139
0.0132565
0.0110916
-0.0227179
-0.0248829
-0.000412435
-0.0025774
-0.00365989
0.00857535
0.00749286
-0.00941188
-0.0104944
0.00174087
0.000658387
-0.130543
-0.161723
-0.0511198
-0.0636863
-0.00650943
-0.0190754
-0.073209
-0.0883481
-0.0285979
-0.037454
-0.00629233
-0.0111852
0.00486044
-3.24745e-05
-0.0111852
-0.0160782
-3.24745e-05
-0.00492539
-0.0151484
-0.0383837
-0.0481695
-0.0160782
-0.0249365
-0.043737
-0.0762522
-0.0809979
-0.0316412
-0.0342219
-0.00933577
-0.010834
0.00181697
0.000318767
-0.0155013
-0.0176685
-0.00434851
-0.00651572
-0.0119165
-0.0439722
-0.0478909
-0.0216667
-0.0247321
-0.0363869
-0.100914
-0.108336
-0.0551104
-0.0605547
0.170873
0.0894978
0.0672299
0.176647
0.156452
0.0381017
0.0129697
0.00822408
0.0598203
0.056329
-0.00669552
-0.0121398
-0.0137279
0.0120676
0.0104795
-0.0221668
-0.0237549
0.0020406
0.000452489
-0.000341571
0.0125562
0.0117621
-0.00456101
-0.00535507
0.0075427
0.00674865
0.0417193
0.036275
0.12746
0.1083
-0.0631107
-0.130543
0.0100742
-0.0205228
0.049786
0.019189
-0.00551576
-0.0208142
0.0143402
-0.000958328
-0.0122955
-0.0286092
0.00756046
-0.00875329
-0.0164025
0.00117467
-0.0056836
-0.010741
-0.0191076
-0.000813092
-0.00795482
-0.0361127
0.0341961
0.00558662
-0.0511198
-0.073209
-0.00650934
-0.0285979
-0.0383837
-0.00629233
-0.0111852
0.00486044
-3.24745e-05
-0.0111852
-0.0160782
-3.24745e-05
-0.00492539
-0.0160782
-0.037454
-0.0481695
-0.0151484
-0.0249365
-0.0636862
-0.0883479
-0.0190751
-0.0437369
-0.0923902
-0.161723
-0.0149814
-0.0488985
0.0247304
-0.00471905
-0.0203534
-0.0373119
-0.000497507
-0.017456
-0.0230394
-0.0399979
-0.0031835
-0.0116628
0.00674445
-0.00173481
-0.0045265
-0.0130058
0.00540145
-0.00294575
-0.0198505
-0.05366
0.0193584
-0.009049
-0.022718
0.0132565
-0.000412404
-0.0112139
-0.0248828
0.0110917
-0.0025772
-0.00941163
0.00857559
0.00174116
-0.0036596
-0.010494
0.00749319
0.000658761
-0.0762522
-0.100914
-0.0316412
-0.0439721
-0.00933575
-0.0155012
0.00181699
-0.00434847
-0.010834
-0.0176685
0.000318759
-0.0065157
-0.0216667
-0.034222
-0.0478909
-0.0119165
-0.0247321
-0.0551104
-0.0809979
-0.108336
-0.0363868
-0.0605546
-0.182003
0.0894978
0.0381018
0.176647
0.12746
0.0672299
0.0129697
-0.00669559
0.0598203
0.0417193
0.00822432
-0.0121397
-0.0221667
0.0120677
0.00204068
-0.0137277
-0.0237548
0.0104796
0.000452571
-0.00456097
0.0125563
0.00754273
-0.000341492
-0.00535503
0.0117622
0.00674867
0.0563292
0.0362751
0.156452
0.1083
-0.00072913
-0.0150863
-0.0201775
0.00912109
0.00402992
-0.0222649
-0.029223
0.0019425
-0.00501562
-0.00732009
0.00708808
0.00478361
-0.00882539
-0.0111094
0.00348706
0.00164423
0.0476857
0.0333285
-0.0150863
-0.0222649
0.00912109
0.0019425
-0.0201775
-0.029223
0.00402986
-0.00501563
-0.00882539
0.00708808
0.00348706
-0.00732012
-0.0111094
0.0047836
0.00164423
-0.0294435
0.0333285
0.0189713
-0.0247864
-0.0293954
-0.000579028
-0.00518798
-0.00719234
0.00691572
0.00491137
-0.00971075
-0.0112147
0.00294635
0.00153897
-0.033832
-0.0380767
-0.00962457
-0.0125694
-0.0321938
0.0236284
0.0167531
-0.0407862
-0.0464158
0.0102284
0.00459881
0.00353585
0.0301061
0.0290431
-0.000925474
-0.00258787
-0.00307278
0.0101658
0.00968087
-0.00564974
-0.00613464
0.0071039
0.006619
0.0245818
0.0229194
0.0961005
0.0724119
-0.0247865
-0.033832
-0.0005791
-0.00962457
-0.0293954
-0.0380767
-0.00518802
-0.00971075
0.0069157
0.00294635
-0.00719233
-0.0112147
0.00491138
0.00153897
-0.0125694
-0.0407862
0.0236283
0.0102284
-0.0321938
-0.0464158
0.0167531
0.00459881
-0.000925464
0.0301061
0.0245818
0.00353578
-0.00258793
-0.00564977
0.0101657
0.00710388
-0.00307283
-0.00613467
0.00968082
0.00661898
0.0290431
0.0229194
-0.0501182
-0.0574643
0.000896391
-0.0034877
-0.00504235
0.00926595
0.0077113
-0.00567974
-0.00780448
0.0070739
0.00494917
0.0264037
0.0220196
-0.0034877
-0.00567974
0.00926595
0.0070739
-0.00504234
-0.00780447
0.00771131
0.00494917
-0.00787179
0.0220196
0.0176627
-0.00644974
-0.00785714
0.0063039
0.00489651
-0.00904938
-0.00952268
0.00403415
0.00356086
-0.00871161
0.0190576
0.0172859
-0.00997826
-0.0109248
0.0161888
0.0152422
-0.0574643
-0.0638815
-0.00644974
-0.00904938
0.00630391
0.00403415
-0.00785713
-0.00952268
0.00489651
0.00356086
-0.00997826
0.0190576
0.0161888
-0.00871161
-0.0109248
0.0172859
0.0152422
-0.0115474
-0.0127826
0.0146197
0.0133845
-0.0127826
-0.014496
-0.0151137
-0.00141252
-0.00203013
-0.0151137
-0.0159704
-0.00203013
-0.00288685
0.0133845
0.011671
0.0724119
0.051911
0.14
0.171127
0.20007
0.17875
0.207606
0.0674199
0.106515
0.0753542
0.0905684
0.084957
0.0998053
0.0236565
0.0262595
0.0254174
0.0279689
0.0107321
0.0144498
0.0128038
0.0164321
0.0320499
0.0284457
0.0366372
-0.00219237
0.0087313
0.00321848
0.0138794
0.0439313
0.0345024
0.0542896
0.114331
0.167972
0.181997
0.198762
0.21187
0.0658729
0.0810879
0.0890792
0.0960055
0.103607
0.0306333
0.0386246
0.0426203
0.0456747
0.0494754
0.0133973
0.017393
0.0193908
0.0205351
0.0224824
0.00477935
0.00677716
0.00851113
0.0104115
0.0216784
0.025479
0.0480128
0.0556142
0.101754
0.115885
0.197979
-0.0689303
-0.0346058
0.0129589
-0.0264687
0.0210572
0.0448201
0.0319653
0.0551568
-0.0255799
-0.00181701
0.0100645
0.0160052
0.0121522
0.0179501
-0.00159481
0.00434591
0.000773252
0.00657114
0.00358465
0.0151804
-0.0251356
-0.0132541
-0.0191732
-0.00757742
-0.0135504
0.00964115
-0.12788
-0.0803543
-0.117562
-0.0711791
-0.0350616
-0.0198213
0.00474698
0.0198994
0.0275006
0.0313013
0.0385432
0.0420562
0.00350434
0.00730495
0.00942536
0.0130796
0.0150763
-0.0046932
-0.00142419
0.00198937
0.005011
0.0163627
0.0198757
0.0451093
0.0521353
-0.026436
-0.01941
0.000748348
0.00777438
0.0112874
0.0213666
0.0248796
-0.0144061
-0.00971234
-0.00081392
0.000942589
0.00598217
0.00773868
-0.0119042
-0.0101477
-0.00510807
-0.00335156
0.00387981
-0.131047
-0.115844
-0.084849
-0.070797
-0.00230408
0.0440786
0.0672699
0.0608022
0.0828619
-0.00143711
0.0217542
0.0333499
0.0296276
0.0406574
-0.00100363
0.0047942
0.0030104
0.00852533
-0.0123826
-0.00658472
-0.0078133
-0.00229837
0.0105921
0.00798018
0.01901
0.0175074
0.0395671
0.0365627
0.0806813
-0.089786
-0.0456665
-0.0467107
-0.00590824
0.00512164
0.0106366
0.0110615
0.0161591
-0.00570206
-0.000187123
0.00105687
0.00615448
0.0076624
0.0178576
-0.0259391
-0.0157439
-0.0123469
-0.00215166
0.0161515
0.0212546
0.0416451
-0.0459484
-0.0203158
-0.0187639
-0.00856873
-0.00517172
-7.41131e-05
0.00162437
0.006722
-0.0151764
-0.0100788
-0.00832084
-0.00328264
0.0050235
-0.0387732
-0.0248903
-0.025181
-0.011298
0.00686863
0.247739
0.239228
0.266834
0.350242
0.373732
0.0587703
0.0722937
0.122174
0.133852
-0.0256756
-0.0131205
-0.00684307
0.0207309
0.0270084
-0.0527554
-0.0455737
-0.0189039
-0.0157652
-0.0141958
-0.00730231
-0.00573291
-0.0256739
-0.0241045
-0.0166415
-0.0152986
-0.000920323
0.00176566
-0.0377347
-0.0350488
-0.0178788
-0.0151929
-0.0117223
0.0424618
0.0545823
0.087955
0.190954
0.216323
0.337738
-0.275721
-0.0971195
-0.0230966
-0.0875409
-0.0149591
0.00354666
0.0127995
0.00579111
0.0148215
-0.0057062
0.00434591
-0.00323926
0.00657114
-0.00924139
0.00881936
-0.0333586
-0.0132541
-0.0273021
-0.00757739
0.0222743
-0.0031849
0.0332741
-0.0479875
-0.00181702
-0.0358745
0.00964131
-0.171142
-0.0803543
-0.159784
-0.071179
0.060628
0.154184
0.068583
0.161857
0.0129589
0.106515
0.0210571
0.0676942
0.0319656
0.0774812
-0.0027058
0.0206128
0.0027174
0.0254752
-0.0145873
0.00873128
0.0203906
0.0108511
0.02223
0.00279055
0.0144498
0.00505323
0.0164321
-0.00887835
0.0138795
0.0439313
0.00877408
0.0542897
0.114331
-0.0612302
0.00892809
0.0269888
0.0174272
0.0346067
-0.00913266
-0.000102287
-0.00472202
0.00386771
-0.0179636
-0.00658468
-0.0131221
-0.00229837
0.0105921
0.000247748
0.01901
0.0455294
0.0273668
0.062334
-0.0236068
0.0217543
-0.00372764
0.0395671
-0.0203158
0.0128869
0.00686863
0.0386275
-0.0520747
-0.0203158
-0.00429254
0.00532781
0.00235973
0.0112521
-0.0106463
-0.000187125
-0.00385018
0.00615445
-0.0067236
0.00915584
-0.0357532
-0.0157439
-0.022161
-0.00215169
-0.0248903
-0.00901082
-0.011298
0.00458141
-0.0407697
-0.0248903
-0.0271775
-0.011298
-0.00335831
-0.00450192
0.0034378
-0.0192378
-0.0100788
-0.0119495
-0.00328265
0.00686863
0.0472458
-0.129948
-0.0456665
-0.0838336
-0.00590824
0.0904614
-0.221154
-0.0346058
0.0674199
-0.0264687
0.0753542
-0.0525543
0.0509945
-0.0440476
0.00728059
-0.0319347
0.0185199
-0.0520387
-0.000907359
0.0249415
0.0044724
0.0296997
-0.00500133
0.0079231
-0.00255137
0.0100623
-0.00704832
0.00587611
-0.00454914
0.00806452
0.0208475
0.000476862
0.0257042
-0.0399258
0.0105289
0.0589783
-0.176376
-0.089786
-0.126748
-0.0467108
-0.00669212
0.00409075
0.000103956
0.0101086
-0.0117897
-0.00142419
-0.00499366
0.005011
0.0149144
0.00690004
0.0269094
-0.015897
0.00730498
-0.00230478
0.0198757
-0.0195264
0.000482881
-0.00593426
0.014075
-0.0297217
-0.00971235
-0.0161295
-0.00612485
-0.00917242
0.00067123
-0.0212271
-0.0101477
-0.013727
-0.00335156
0.00387981
0.0204922
-0.0637709
-0.01941
-0.0365866
0.00777439
-0.211829
-0.115844
-0.159519
-0.070797
-0.026436
-0.0436126
0.000748376
-0.077823
-0.033462
-0.0112816
-0.0198698
0.00231063
-0.0369751
-0.0147946
-0.00350056
-0.00799848
0.00309176
-0.0165511
-0.00540087
-0.00975499
0.00133525
-0.0233829
-0.00120239
-0.0506386
-0.0284581
-0.0363238
-0.0148659
-0.0541516
-0.0319711
-0.0394625
-0.018379
-0.00728871
-0.0111822
-0.000492623
-0.0201355
-0.00904522
-0.0127516
-0.00224913
-0.00627765
-0.00230406
0.00908369
0.0017734
0.0126256
-0.00583651
0.00677711
-0.00158667
0.0104115
0.0213894
0.00674317
0.0293035
-0.00783434
0.0173929
0.00148278
0.0254791
0.0466158
0.0166827
0.0632156
-0.01183
0.0386245
0.00762167
0.0556143
0.0970703
0.0365627
0.131087
-0.0198213
0.0306332
2.0417e-05
0.048013
-0.0274602
-0.00258533
-0.0175206
0.00647571
-0.0312609
-0.00658098
0.00603264
-0.00229479
0.00970335
-0.0085788
0.00403483
-0.00419513
0.00780301
-0.0213212
0.00267503
0.0226419
-0.00758094
0.0404116
0.0810877
0.0198995
0.115885
-0.104945
-0.0923902
-0.0257254
-0.0149814
-0.0122955
0.00487447
0.00756046
-0.0319399
-0.0286092
-0.012084
-0.010741
-0.00215609
-0.000813092
-0.0201901
-0.0191076
-0.00903731
-0.00795482
-0.00875329
-0.00551576
0.0247304
0.0341961
-0.0488985
-0.0361127
-0.00471905
0.00558662
-0.172983
-0.161723
-0.0853278
-0.0809979
-0.0407168
-0.0363869
-0.034222
-0.0140814
-0.0119165
-0.010834
-0.000763721
0.000318759
-0.0187509
-0.0176685
-0.0075982
-0.00651572
-0.0500559
-0.0478909
-0.0263203
-0.0247321
-0.112146
-0.108336
-0.0637309
-0.0605547
-0.0762522
-0.0636862
-0.0316412
-0.0190751
-0.100914
-0.0883479
-0.0551104
-0.0437369
-0.037454
-0.0214314
-0.0151484
-0.0111852
-0.00399563
-3.24745e-05
-0.0209711
-0.0160782
-0.00924353
-0.00492539
-0.0549378
-0.0481695
-0.0307304
-0.0249365
-0.0631107
-0.0448925
-0.0292592
-0.0110411
-0.00193196
0.00262258
0.0065309
0.0110854
-0.0108707
-0.00510451
-0.00240788
0.00335835
0.00588467
0.0149938
-0.0289186
-0.0192922
-0.00949023
-0.00125257
-0.0988658
-0.0806476
-0.0602346
-0.0446446
-0.0247682
0.0100742
0.0256642
0.049786
0.065376
-0.0205228
-0.0127278
-0.000666894
0.00712808
-0.0358213
-0.0280263
-0.0159654
-0.00817041
-0.00403409
0.00175754
0.00589386
-0.0158197
-0.0101046
-0.0052138
-0.000176617
-0.00493283
0.019189
0.034779
0.0430438
-0.130543
-0.0815191
-0.0531437
-0.0453904
-0.0192922
-0.00510451
0.00198935
0.00335835
0.0104522
-0.0121984
-0.00510451
-0.0037355
0.00335835
-0.00125257
0.0118212
-0.0332494
-0.0192922
-0.0133935
-0.00125257
-0.109384
-0.0806476
-0.0696723
-0.0446446
-0.0511198
-0.00567857
0.0186033
0.0340332
0.0583151
-0.0299605
-0.0178195
-0.0101046
-0.00403409
-0.000176617
0.00589386
-0.016175
-0.0101046
-0.00550025
-0.000176617
0.00203638
-0.0421014
-0.0280263
-0.0215459
-0.0081704
-0.00493282
0.0105454
0.034779
0.0587702
0.0894978
-0.22903
-0.182003
-0.130543
-0.0927806
-0.073209
-0.0481695
-0.0383837
-0.0249365
-0.0160782
-0.0111852
-0.00492539
-3.24745e-05
-0.0209711
-0.0160782
-0.00924353
-0.00492539
-0.0563225
-0.0481695
-0.0321151
-0.0249365
-0.0285979
-0.111916
-0.0883481
-0.0635011
-0.043737
-0.0511198
-0.0205228
-0.00650943
0.019189
-0.0636863
-0.0361127
-0.0208142
-0.0162568
-0.000958304
-0.0439077
-0.0286092
-0.0230019
-0.0164025
-0.0118491
-0.00568363
-0.025942
-0.0191076
-0.0147893
-0.00795478
-0.00875328
-0.0190754
0.00558656
-0.214798
-0.161723
-0.121616
-0.100914
-0.0732013
-0.0551104
-0.0439722
-0.0309029
-0.0216667
-0.0155013
-0.00975379
-0.00434851
-0.0239381
-0.0176684
-0.0118344
-0.00651569
-0.0589666
-0.0478908
-0.0347591
-0.0247321
-0.129024
-0.108336
-0.0806087
-0.0605546
-0.0762522
-0.0488985
-0.0316412
-0.00471896
-0.0809976
-0.0536599
-0.0373119
-0.0313544
-0.017456
-0.0558249
-0.0399979
-0.0335193
-0.0198505
-0.0116628
-0.00869769
-0.00173481
-0.0209329
-0.0130058
-0.00978017
-0.00294575
-0.0363866
-0.0227176
-0.0140811
-0.00041214
-0.0385514
-0.0248826
-0.016246
-0.00941147
-0.00509323
0.00174127
-0.0173284
-0.0104939
-0.00617564
0.000658841
-0.00257704
-0.0090488
-0.0353701
-0.0321938
-0.0293954
-0.0079864
-0.00719234
0.00411732
0.00491137
-0.011816
-0.0112147
0.000937599
0.00153897
-0.00518802
-0.0403852
-0.0380767
-0.0148779
-0.0125694
0.0148234
0.0167531
-0.0484486
-0.0464158
0.00256771
0.00459881
-0.0247865
-0.0201775
-0.0005791
0.00402986
-0.033832
-0.029223
-0.00962457
-0.00732012
0.00299899
0.0047836
-0.0125168
-0.0111094
0.000236849
0.00164423
-0.00501563
-0.0150863
0.0236283
0.0333285
-0.0407862
-0.0294435
-0.0222649
-0.00523609
0.0019425
-0.0366221
-0.029223
-0.0114586
-0.00882539
0.00129501
0.00348706
-0.0136507
-0.0111094
-0.000897031
0.00164423
-0.00501562
0.0102284
0.0189713
0.0658729
0.0724119
-0.060696
-0.0574643
-0.00920728
-0.00871161
-0.00785713
0.00420238
0.00489651
-0.00991083
-0.00952268
0.00317271
0.00356086
0.0169611
0.0172859
-0.0112666
-0.0109248
0.0149016
0.0152422
-0.00644974
-0.00504234
0.00630391
0.00771131
-0.00904938
-0.00780447
0.00403415
0.00494917
-0.0034877
0.0190576
0.0220196
-0.00997826
-0.00787179
-0.00567974
0.00488186
0.0070739
-0.00933589
-0.00780448
0.00374764
0.00494917
0.0161888
0.0176627
-0.0656601
-0.0638815
-0.013326
-0.0115474
-0.00997826
-0.00904938
0.00310527
0.00403415
-0.0104516
-0.00952268
0.00263198
0.00356086
0.0146197
0.0161888
-0.0127826
-0.0109248
0.0133845
0.0152422
-0.0501182
-0.0407862
-0.033832
-0.0152789
-0.00962457
-0.043601
-0.0380767
-0.0180937
-0.0125694
-0.00971075
0.000184213
0.00294635
-0.0139768
-0.0112147
-0.00122317
0.00153897
0.000896391
0.0102284
-0.0574643
-0.0464158
-0.00644974
-0.000925474
0.0190576
0.0245818
-0.00871161
-0.00564974
0.00420238
0.0071039
-0.00904422
-0.00613464
0.00403932
0.006619
-0.00258787
0.0172859
0.0229194
0.00459881
0.0431302
0.051911
-0.00072913
0.0381017
0.0961005
0.12746
-0.0247864
-0.00669552
0.0236284
0.0417193
-0.0321938
-0.0221668
-0.0079864
0.0020406
-0.0337819
-0.0237549
-0.00957451
-0.00456101
0.00302956
0.0075427
-0.010209
-0.00535507
0.00254462
0.00674865
0.000452489
-0.0121398
0.0167531
0.036275
0.0129697
0.0724119
0.1083
0.0340531
0.169257
0.170873
0.288216
-0.0631107
-0.0273556
-0.0292592
0.00649588
-0.0813288
-0.0455737
-0.0452276
-0.0295999
-0.0206611
-0.0200011
-0.0121982
-0.0337058
-0.0241045
-0.0237778
-0.0152986
-0.0253717
-0.0100732
-0.0520073
-0.0350488
-0.0321514
-0.0151929
-0.0117223
0.00839954
0.0100742
0.0761024
-0.0923903
-0.0527555
-0.0546933
-0.018904
-0.0986679
-0.059033
-0.0600652
-0.0251816
-0.00536416
-0.00629229
0.0115616
-0.0283204
-0.0184116
-0.0189062
-0.00994877
-0.0298897
-0.019981
-0.0202492
-0.0115182
-0.00850293
-0.00897827
0.0084228
-0.0131206
-0.0149814
0.0545823
0.087955
0.0894978
0.216323
0.487939
0.350242
0.350242
0.190954
0.122174
0.122174
0.0424618
0.201664
0.132276
0.133852
0.0545823
0.0189356
0.00197708
-0.000920323
-0.0178788
0.0216216
0.00466306
0.00176566
-0.0067136
-0.00730231
-0.0166415
0.00310865
-0.00537061
-0.00573291
-0.0152986
-0.0151929
0.0207309
-0.0189039
0.0608599
0.0250812
0.0270084
-0.0117223
0.508567
0.372205
0.373732
0.216323
0.239228
0.167972
0.147807
0.0658729
0.0536172
0.0148234
0.00256771
0.0677677
0.0556191
0.0167531
0.0136912
0.00411732
0.000937599
0.017238
0.0142926
0.00491138
0.00153897
0.0106294
-0.00798638
-0.0148779
0.0190194
0.0129379
-0.00518802
-0.0125694
0.00459881
0.0431302
0.0410707
0.0169611
0.0149016
0.043453
0.0414093
0.0172859
0.0162562
0.00420238
0.00317271
0.0176741
0.0166444
0.00489651
0.00356086
0.0152422
0.0390111
-0.00920728
-0.013326
0.0445847
0.0423559
0.0190576
0.0171177
0.00630391
0.00403415
0.020465
0.0177168
0.00771131
0.00494917
0.0161888
0.0475269
0.0437354
0.0220196
0.0176627
0.0168312
0.00488186
0.00374764
0.0198275
0.0177168
0.0070739
0.00494917
0.0407867
0.0395515
0.0146197
0.0133845
0.0423559
0.0414093
0.0161888
0.0157155
0.00310527
0.00263198
0.0171177
0.0166444
0.00403415
0.00356086
0.0152422
-0.00644974
-0.0115474
0.174321
0.15394
0.0724119
0.0612429
0.0236283
0.0157526
0.0129905
0.00299899
0.000236849
0.01716
0.0143979
0.0047836
0.00164423
-0.0005791
-0.00962457
0.0282373
0.0191918
0.00402986
-0.00501563
0.0102284
0.0817489
0.0694473
0.0333285
0.0189713
0.0140487
0.0118566
0.00129501
-0.000897031
0.0162407
0.0143979
0.00348706
0.00164423
-0.00523609
-0.0114586
0.0261499
0.0191918
0.0019425
-0.00501562
0.051911
0.0445847
0.043453
0.0190576
0.0172859
0.0171228
0.00420238
0.00403932
0.0198575
0.0193726
0.0071039
0.006619
0.0500891
0.0484267
0.0245818
0.0229194
0.000896391
-0.00644974
0.0612429
0.0556191
0.0102284
0.00741358
-0.0152789
-0.0180937
0.0157526
0.0129379
0.0115305
0.000184213
-0.00122317
0.0157
0.0142926
0.00294635
0.00153897
-0.00962457
-0.0125694
0.00459881
0.0587703
0.00474698
-0.0153159
-0.0407164
-0.0637307
0.00822432
-0.00211268
-0.0140813
-0.0263201
0.0103891
0.00448885
-0.000763674
-0.0075981
0.0114715
0.00528287
0.000318759
-0.0065157
-0.000524659
-0.0119165
-0.0247321
-0.0121397
-0.0363868
-0.0605546
-0.0257254
-0.0853275
0.0672299
0.0398919
0.0247304
0.00894992
0.00211544
-0.00215609
-0.00903731
0.0100324
0.00319792
-0.000813092
-0.00795482
0.00487447
-0.012084
0.0274164
0.0116346
0.00756046
-0.00875329
-0.00471905
0.0748595
0.0501977
0.0341961
0.00558662
0.0129697
-0.00669559
-0.0316412
-0.0551104
0.0255359
0.00252246
-0.00652303
-0.0214314
-0.0307304
0.00716855
0.00286017
-0.00399563
-0.00924353
0.0111203
0.00644946
-3.24745e-05
-0.00492539
-0.00072913
-0.0151484
-0.0249365
-0.0190751
-0.0437369
-0.0149814
-0.0762522
-0.03537
0.265869
0.19293
0.174321
0.0961005
0.0724119
0.0677677
0.0236284
0.0167531
0.0157832
0.0152983
0.00302956
0.00254462
0.0196464
0.0188524
0.0075427
0.00674865
-0.0079864
-0.00957451
0.026248
0.0246599
0.0020406
0.000452489
0.0901342
0.0846899
0.0417193
0.036275
0.223491
0.205294
0.12746
0.1083
0.0894978
0.0627635
0.049786
0.019189
0.00582152
-0.000666894
-0.0159654
0.026984
0.0121044
0.00593897
0.00175754
-0.0052138
0.0158283
0.0105454
0.00589386
-0.000176617
0.00712808
-0.00817041
0.105088
0.0753795
0.065376
0.034779
0.0381018
0.0100742
-0.0205228
-0.0292592
-0.0602346
0.0256642
0.0103657
0.00588467
-0.00949023
0.0334592
0.0186033
0.0149938
0.00605498
0.0065309
-0.00240788
0.0195483
0.0118212
0.0110854
0.00335835
-0.00125257
-0.00493283
-0.0110411
-0.0446446
-0.0511198
0.122394
0.0747282
0.0551565
0.0340332
0.0105454
0.00565252
-0.000176617
-0.00550025
0.0158218
0.0105454
0.00589386
-0.000176617
0.00075961
-0.0101046
-0.0215459
0.0218923
0.0121044
0.00203638
-0.0081704
0.098027
0.0753795
0.0583151
0.034779
0.0430438
-0.00567857
-0.0299605
-0.0453904
-0.0696723
0.0186033
0.00646238
-0.00125257
-0.0133935
0.0307443
0.0186033
0.0118212
0.00481791
0.00335835
-0.0037355
0.0189151
0.0118212
0.0104522
0.00335835
-0.00125257
-0.00493282
-0.0192922
-0.0446446
-0.00072913
-0.00790772
-0.0249365
-0.0321151
0.00644946
0.00286017
-0.00492539
-0.00924353
0.0111203
0.00644946
-3.24745e-05
-0.00492539
-0.00072913
-0.0160782
-0.0249365
-0.0150863
-0.0481695
-0.0635011
0.0160132
0.00252248
-0.0285979
-0.043737
-0.0247864
-0.0321938
-0.0732013
-0.0806087
-0.00669552
-0.0105517
-0.0309029
-0.0347591
0.00234992
0.000269347
-0.00975379
-0.0118344
0.00687354
0.00528286
-0.00434851
-0.00651569
-0.000524698
-0.0216667
-0.0247321
-0.0121398
-0.0551104
-0.0605546
-0.0927806
-0.121616
0.0381017
0.0255357
-0.00650943
-0.0190754
0.0627634
0.0501975
0.019189
0.00558656
-0.000696375
-0.00363655
-0.0118491
-0.0147893
0.00546911
0.00319795
-0.00568363
-0.00795478
-0.0162568
-0.0230019
0.0188976
0.0116346
-0.000958304
-0.00875328
0.0129697
0.00822433
0.00632632
0.0055323
-0.00509323
-0.00617564
0.012894
0.0118116
0.00174127
0.000658841
-0.0140811
-0.016246
0.0218933
0.0197285
-0.00041214
-0.00257704
-0.0316412
-0.0363866
0.039892
0.0355623
-0.00471896
-0.0090488
-0.0112138
-0.0313544
-0.0335193
0.00462005
0.00245509
0.00137261
-0.00869769
-0.00978017
0.00928951
0.00820704
-0.00173481
-0.00294575
-0.017456
-0.0198505
-0.0511198
-0.0762522
0.239228
0.148298
0.198762
0.101754
0.25174
0.161016
0.21187
0.115885
0.0678924
0.0960055
0.0480131
0.123486
0.0754939
0.103607
0.0556144
0.0316182
0.0456747
0.0216785
0.0594151
0.0354189
0.0494754
0.0254791
0.013481
0.0205351
0.00851116
0.0273795
0.0153814
0.0224824
0.0104115
0.0587703
-0.0256756
0.00474698
-0.084849
0.0722937
0.0279327
0.0451095
0.000748404
0.0793199
0.0349587
0.0129743
0.00306564
0.00598217
-0.00510807
0.014584
0.00463501
0.00773873
-0.00335156
0.0213667
-0.000813854
0.0384996
0.017472
0.0248799
0.00387998
0.0521358
0.0299553
0.0385438
0.0163632
0.055649
0.0334684
0.042057
0.0198764
0.00878611
0.0130804
0.0019901
0.0219301
0.0118077
0.0150771
0.0050117
0.00777469
-0.0131205
0.0198999
-0.0707968
0.167972
-0.0350615
0.266834
0.0879553
0.00839954
0.0365634
-0.0467101
0.128477
0.0484392
0.0090808
0.000142024
0.00162441
-0.00832084
0.013639
0.00469657
0.00672205
-0.00328262
-0.00879675
-0.00517161
-0.025181
0.018635
0.0036072
0.00502358
-0.011298
0.021255
0.0012456
0.00766281
-0.0123465
0.0314501
0.0114408
0.017858
0.00785333
0.0110619
0.00105726
0.0229556
0.0129509
0.0161595
0.00615486
-0.00215134
-0.0187638
0.0688296
0.0340532
0.0416453
0.00686893
0.0806817
0.037387
0.0608023
0.0175076
0.102741
0.0594466
0.082862
0.0395673
0.0179199
0.0296276
0.00798025
-0.00284342
0.00301042
-0.00781326
0.0134952
0.0026715
0.00852534
-0.00229833
0.0505971
0.0289498
0.0406575
0.0190101
-0.00590771
0.19798
0.0970705
0.0466159
0.0849576
0.034503
0.00927571
0.0284465
0.0158329
0.0254183
0.0128047
0.0310308
0.0194612
0.0279698
0.016433
0.00321924
0.0426945
0.0199366
0.036638
0.0138801
0.111919
0.0664031
0.0998059
0.0542902
0.17875
0.0753551
0.0236574
0.0712861
0.0195884
-0.00626041
0.0175539
0.00462951
0.0165367
0.00361226
0.0200912
0.00834726
0.0190637
0.00733003
-0.00829491
0.0279817
0.00466312
0.0259472
0.00262865
0.0905692
0.043932
0.0865003
0.0398631
0.226142
0.13511
0.207606
0.114332
-0.00230403
-0.0897858
-0.0264679
-0.117562
0.0440787
-0.00143706
0.0319657
-0.01355
0.0672701
0.0217543
0.0551571
0.00964132
-0.0131166
0.00358482
-0.0191731
0.021237
-0.00152089
0.0151805
0.00380155
0.0121522
0.000773305
0.0209783
0.00959939
0.0179501
0.00657114
-0.00757739
-0.0456665
0.0210576
-0.0255796
0.0169886
-0.0296485
0.0448203
-0.00181687
0.0407515
-0.00588563
-0.0292042
-0.00791997
-0.0312385
0.0059958
-0.0173228
0.00396146
-0.00769783
0.00294429
-0.008715
0.00990217
-0.00175711
0.008885
-0.00277428
-0.0193571
-0.0711788
-0.104945
0.566614
0.331803
0.265869
0.170873
0.0894978
0.0672299
0.0100742
-0.00551574
-0.0122955
-0.0253717
-0.0321514
0.00978274
0.00466305
-0.0100732
-0.0138499
-0.0200011
-0.0237778
-0.00242394
-0.00537061
-0.0121982
-0.0152986
-0.0151929
-0.0292592
-0.0452276
0.0406869
0.0250812
0.00649588
-0.0117223
-0.0149814
-0.0203534
-0.0546933
-0.0600652
0.0189356
0.0135636
0.0108776
-0.00629229
-0.00897827
-0.0103213
-0.0189062
-0.0202492
-0.000499013
-0.001842
-0.00994877
-0.0115182
0.0305221
0.0278361
0.0115616
0.0084228
-0.018904
-0.0251816
0.150692
0.132276
0.0761024
0.0545823
0.433315
0.372205
0.288216
0.216323
0.337739
0.0340532
0.0036072
-0.0105805
-0.011298
-0.0271775
0.0181736
0.0036072
-0.00348666
-0.00450191
-0.0119495
0.0107011
0.00469657
0.00343785
-0.00328264
0.00458154
-0.011298
0.00686893
-0.0248901
0.0658122
0.0340532
0.0386279
0.00686893
-0.00856857
-0.00672317
-0.0221607
0.0227484
0.0114407
0.00915633
0.00294623
0.00236027
-0.00384984
0.0180485
0.0129509
0.0112525
0.00615481
-0.00215141
-0.0247682
-0.0203153
-0.0838333
0.0975712
0.0484391
0.0472464
0.0161519
0.027367
0.0101876
0.0174273
0.000247876
-0.00815218
-0.00472197
-0.013122
0.00883759
0.00267151
0.00386774
-0.00229832
0.0445464
0.0289498
0.0346067
0.0190101
-0.00372742
0.082425
0.0594467
0.0623341
0.0395673
-0.00590771
-0.0631107
-0.0923903
-0.126748
-0.159519
0.00839954
-0.000709555
-0.0052641
-0.00917242
-0.013727
0.00822922
0.004635
0.000671254
-0.00335153
-0.0059342
-0.0161295
0.0276673
0.017472
0.0140752
0.00387996
-0.0068431
-0.0195262
-0.0365864
0.0476766
0.0349588
0.0204926
0.0112879
0.0069006
0.00180298
0.000104594
-0.00499302
0.0169053
0.0118077
0.0101093
0.00501169
-0.00230416
0.040502
0.0334684
0.02691
0.0198764
0.00777483
-0.0131206
-0.0193981
-0.0225368
-0.0363238
-0.0394625
0.000419361
-0.00271939
-0.00428876
-0.0111822
-0.0127516
0.00718935
0.00561997
-0.000492584
-0.0022491
-0.0148659
-0.0183789
-0.0436124
-0.0506385
0.0279328
0.0209067
0.000748776
-0.00627742
-0.00979055
-0.0198696
-0.0233827
0.015903
0.0123899
0.00231086
-0.00120227
-0.00295884
-0.00799836
-0.00975493
0.00988796
0.0081314
0.00309187
0.0013353
-0.0467103
-0.0707965
-0.0612301
-0.129948
-0.0875409
-0.159784
0.00892809
-0.0236068
-0.0031849
-0.0212456
-0.00924139
-0.0273021
0.0148759
-0.00152089
0.00881936
-0.000211015
0.00579111
-0.00323926
0.0178497
0.00959939
0.0148215
0.00657114
-0.00757739
-0.0358745
0.0455294
0.0217543
0.0332741
0.00964131
-0.0456664
-0.0149591
-0.0479875
-0.0190278
-0.0375335
-0.0210622
-0.0395679
-0.000522085
-0.0173227
-0.00255646
-0.0118093
-0.00357364
-0.0128265
0.00669641
-0.0017571
0.00567922
-0.00277427
-0.0193571
-0.0525227
0.0222743
-0.00181685
0.0181558
-0.00588552
-0.0711788
-0.176375
0.169257
0.0879553
0.072294
0.0365634
0.0275013
0.0166831
0.0114226
0.00674332
0.00338322
0.00177345
-0.00158664
0.0176374
0.0153813
0.0126256
0.0104115
0.00148286
0.039308
0.0354188
0.0293036
0.0254791
0.00762185
0.0830996
0.0754937
0.0632158
0.0556143
0.0198998
0.0122984
2.0417e-05
-0.00758094
-0.0113816
-0.0175206
-0.0213212
0.0164153
0.0126147
0.00647571
0.00267503
0.000774688
-0.00229479
-0.00419513
0.0146732
0.0127728
0.00970335
0.00780301
0.0678923
0.0602909
0.048013
0.0404116
0.175068
0.161016
0.131088
0.115885
0.0904614
0.0440787
0.0208873
0.0319657
0.00877436
-0.00282132
0.00271787
-0.00887781
0.0315323
0.0199366
0.0254758
0.0138801
0.00808225
0.0108518
0.00505401
0.025259
0.0194612
0.0222308
0.016433
0.0895945
0.0664031
0.0774815
0.0542901
0.0685831
0.0210576
-0.00270514
0.0169889
-0.00677396
-0.0186554
-0.00880843
-0.0206899
0.0165446
0.00466318
0.0145101
0.00262871
-0.00331201
0.00161147
-0.00432924
0.014288
0.00834727
0.0132708
0.00733004
0.0676948
0.0439321
0.063626
0.0398632
0.181493
0.13511
0.161857
0.114332
-0.00230403
-0.0198213
-0.0274602
-0.0319342
-0.0399255
0.0306333
0.022642
0.0185204
0.0105291
0.00653344
0.00447263
0.00047698
-0.00152085
-0.00255125
-0.00454908
0.0130906
0.0110928
0.0100624
0.00806457
0.0357564
0.0317607
0.0296999
0.0257043
-0.0264679
-0.0440471
-0.0520384
-0.0484856
-0.0566736
0.00728102
-0.000907157
0.00321206
-0.00497594
-0.00906994
-0.00701025
-0.0111043
-0.0131513
-0.0121214
-0.0141684
0.00182017
-0.000226828
0.000803016
-0.00124398
0.0208729
0.0167789
0.0188386
0.0147446
0.0970705
0.0810879
0.075355
0.0589787
0.14
0.147807
0.035
0.0390111
0.0410707
0.0128421
0.0149016
0.0395515
0.0414093
0.0133845
0.0152422
0.0162562
0.00215868
0.00317271
0.0157155
0.0166444
0.00263198
0.00356086
-0.0174447
-0.013326
0.0390111
0.0395515
0.0128421
0.0133845
0.0410707
0.0414093
0.0149016
0.0152422
0.0157155
0.00215868
0.00263198
0.0162562
0.0166444
0.00317271
0.00356086
0.0407867
0.0423559
0.0146197
0.0161888
0.0171177
0.00310527
0.00403415
0.0168312
0.0177168
0.00374764
0.00494917
0.0423559
0.0437354
0.0161888
0.0168312
0.00310527
0.00374764
0.0171177
0.0177168
0.00403415
0.00494917
0.0176627
-0.013326
-0.0115474
0.0431302
0.0536172
-0.00920728
0.00256771
0.0445847
0.0556191
-0.00644974
0.00459881
0.0106294
0.0136913
-0.00212423
0.000937613
0.0115305
0.0142926
-0.00122317
0.00153897
-0.0209085
-0.0148779
0.00741358
0.0129379
-0.0180937
-0.0125694
0.147807
0.15394
0.0431302
0.0445847
-0.00920728
-0.00644974
0.0536172
0.0556191
0.00256771
0.00459881
0.00741359
-0.0209085
-0.0180937
0.0106294
0.0115305
-0.00212426
-0.00122317
0.0136912
0.0142926
0.000937599
0.00153897
0.0129379
-0.0148779
-0.0125694
0.051911
0.0612429
0.000896391
0.0102284
0.0129905
-0.0025253
0.000236844
0.0118566
0.0143979
-0.000897031
0.00164423
0.0157526
-0.0152789
-0.00962457
0.0140487
0.0191918
-0.0114586
-0.00501562
0.0612429
0.0694473
0.0102284
0.0118566
-0.00252529
-0.000897031
0.0129905
0.0143979
0.000236849
0.00164423
0.0140487
-0.0152789
-0.0114586
0.0157526
0.0191918
-0.00962457
-0.00501562
0.0189713
0.167972
-0.0697788
-0.03537
-0.0153159
-0.0837848
-0.0637307
-0.0321938
-0.0121396
-0.00211253
-0.036347
-0.0263199
-0.0105515
-0.000524391
0.00448915
-0.0126281
-0.00759768
0.000269674
0.00528322
-0.011834
-0.00651521
-0.0347589
-0.0247318
-0.0806086
-0.0605544
0.00474698
-0.1322
-0.0853275
-0.0247864
-0.00669534
-0.0732012
-0.0551101
-0.0150863
-0.00652299
-0.0392937
-0.0307304
-0.00790772
-0.00072913
0.00286017
-0.0128328
-0.00924353
0.00286017
0.00644946
-0.00924353
-0.00492539
-0.0321151
-0.0249365
0.00252255
-0.0635011
-0.0437369
0.0129701
0.0398922
-0.0316409
-0.0047189
0.00211553
-0.0158717
-0.00903725
-0.00363643
0.003198
-0.0147892
-0.00795477
0.00894996
-0.0270245
-0.012084
-0.000696279
0.0116346
-0.0230018
-0.00875328
0.0255359
0.0501977
-0.0190752
0.00558661
-0.121616
-0.076252
0.167972
0.19293
-0.03537
-0.0321938
-0.0837848
-0.0806086
-0.0153159
-0.0121396
-0.0105515
-0.036347
-0.0347589
-0.00211253
-0.000524395
0.000269673
-0.0126281
-0.011834
0.00448915
0.00528321
-0.00759768
-0.00651521
-0.0263199
-0.0247318
-0.0637307
-0.0605544
-0.0247864
-0.0150863
-0.00790772
-0.0392937
-0.0321151
-0.00652299
-0.00072913
0.00286017
-0.0128328
-0.00924353
0.00286017
0.00644946
-0.00924353
-0.00492539
-0.0307304
-0.0249365
-0.0732012
-0.0635011
-0.00669534
0.00252255
-0.0551101
-0.0437369
-0.1322
-0.121616
0.00474698
0.0129701
0.025536
-0.0316409
-0.0190751
0.0398922
0.0501977
-0.00471891
-0.00363643
-0.0158717
-0.0147892
0.00211552
0.003198
-0.00903726
-0.00795478
-0.000696269
-0.0270245
-0.0230018
0.00894995
0.0116346
-0.012084
-0.00875329
0.00558662
-0.0853275
-0.076252
-0.00072913
0.0381017
0.0627635
-0.00650936
0.00582151
-0.0288149
-0.0159654
0.00075961
0.00593897
-0.0103932
-0.0052138
0.00565252
0.0105454
-0.00550025
-0.000176617
0.0121044
-0.0215459
-0.0081704
0.019189
0.0551565
0.0753795
0.0105454
0.034779
-0.0927806
-0.0511198
-0.0205228
-0.0908316
-0.0602346
-0.0299605
-0.00493282
0.0103657
-0.0247887
-0.00949021
0.00646238
0.0186033
-0.0133935
-0.00125257
0.00605498
-0.0108294
-0.00240788
0.00481791
0.0118212
-0.0037355
0.00335835
-0.0696723
-0.0446446
0.0381018
0.0551565
-0.00650934
0.00075961
0.00565252
-0.0103932
-0.00550025
0.00593897
0.0105454
-0.0052138
-0.000176617
-0.0288149
-0.0215459
0.00582152
0.0121044
-0.0159654
-0.00817041
0.0105454
0.0627635
0.0753795
0.019189
0.034779
0.0747282
-0.0511198
-0.0299605
-0.0908316
-0.0696723
-0.0205228
-0.00493283
0.00646238
-0.0247887
-0.0133935
0.0103657
0.0186033
-0.00949023
-0.00125257
0.00481791
-0.0108294
-0.0037355
0.00605498
0.0118212
-0.00240788
0.00335835
-0.0602346
-0.0446446
-0.00567857
0.239228
0.350242
0.0587703
0.122174
-0.0257254
0.0424618
0.0672299
0.132276
-0.0149814
0.00197706
-0.0348374
-0.0178788
-0.0122955
0.00466305
-0.0321514
-0.0151929
-0.0067136
-0.0251208
-0.0166416
-0.0138499
-0.00537061
-0.0237778
-0.0152986
0.0189356
-0.0546933
-0.018904
-0.00551574
0.0250812
-0.0452276
-0.0117223
0.0545823
0.190954
0.26587
0.372205
0.0894978
0.216323
-0.279115
-0.104945
-0.0256756
-0.172648
-0.084849
-0.0923903
-0.0131206
0.0279328
-0.0436124
0.000748776
-0.0068431
0.00306561
-0.015306
-0.00510805
-0.0052641
0.004635
-0.013727
-0.00335153
0.0129743
-0.0229943
-0.000813756
-0.000709555
0.017472
-0.0161295
0.00387996
0.0349588
-0.0365864
0.00777483
0.0299554
-0.00581718
0.0163634
0.0112879
0.0334684
-0.00230416
0.00878614
-0.00910016
0.00199013
0.00180298
0.0118077
-0.00499302
0.00501169
0.0198764
-0.159519
-0.0707965
0.0587703
0.148298
0.00474698
0.101754
0.072294
0.161016
0.0198998
0.0678923
2.0417e-05
0.048013
0.0275013
0.0754937
0.00762185
0.0316181
-0.00231785
0.0216784
0.0114226
0.0354188
0.00148286
0.013481
-0.00348699
0.00851115
0.00338322
0.0153813
-0.00158664
0.0104115
0.0254791
0.0556143
0.115885
-0.227032
-0.0350616
-0.0631107
0.00839954
-0.126748
-0.0467103
-0.0247682
-0.00879675
0.000142027
-0.0172596
-0.00832084
-0.00348666
0.00469657
-0.0119495
-0.00328264
-0.0416939
-0.025181
-0.0105805
0.0036072
-0.0271775
-0.011298
0.0090808
-0.0566491
-0.0187638
0.00124546
-0.032356
-0.0123467
-0.00856857
0.0114407
-0.0221607
-0.00215141
0.00785325
-0.00894748
0.0010572
0.00294623
0.0129509
-0.00384984
0.00615481
0.0036072
0.0340532
-0.0248901
0.00686893
0.0484391
-0.0838333
-0.00590771
0.0373871
-0.025787
0.0175077
0.0161519
0.0594467
-0.00372742
0.01792
-0.0136671
-0.00284339
-0.0186369
-0.00781322
-0.00815218
0.00267151
-0.013122
-0.00229832
0.0079803
0.0101876
0.0289498
0.000247876
0.0190101
0.0395673
0.0879553
-0.176375
-0.0897857
-0.208593
-0.117562
-0.129948
-0.0456664
-0.00143707
-0.0590658
-0.0135501
-0.0236068
0.0217543
-0.0358745
-0.0131166
-0.041931
-0.0191731
-0.0212456
-0.00152089
-0.0273021
-0.00757739
0.00380155
-0.0106056
0.000773301
-0.000211015
0.00959939
-0.00323926
0.00657114
0.00964131
-0.159784
-0.0711788
-0.0255796
-0.0762855
-0.0296483
-0.0479875
-0.00181685
-0.0525227
-0.0292041
-0.0545571
-0.0312385
-0.0375335
-0.0173227
-0.0395679
-0.0193571
-0.00769779
-0.0203743
-0.00871496
-0.0118093
-0.0017571
-0.0128265
-0.00277427
-0.00588552
-0.00230403
0.0466159
-0.014417
0.00927571
-0.0204735
0.00321924
0.0158329
0.000191002
0.0128046
0.00808225
0.0194612
0.00505401
0.016433
-0.00282132
0.0199366
-0.00887781
0.0138801
0.034503
0.0208873
0.0664031
0.00877436
0.0542901
0.0970705
-0.0264679
0.0236574
-0.0305368
-0.00626043
-0.0325713
-0.00829492
0.00462949
-0.00931217
0.00361224
-0.00331201
0.00834727
-0.00432924
0.00733004
-0.0186554
0.00466318
-0.0206899
0.00262871
0.0195884
-0.00270514
0.0439321
-0.00677396
0.0398632
0.075355
0.0440787
0.13511
0.0210576
0.114332
0.239228
0.26587
0.0587703
0.0672299
-0.0257254
-0.0149814
-0.0122955
-0.0348373
-0.0321514
0.00197708
0.00466306
-0.0178788
-0.0151929
-0.0138499
-0.0251208
-0.0237778
-0.0067136
-0.00537061
-0.0166415
-0.0152986
-0.00551576
-0.0546932
-0.0452276
0.0189356
0.0250812
-0.0189039
-0.0117223
0.122174
0.132276
0.0424618
0.0545823
0.0894978
0.350242
0.372205
0.190954
0.216323
0.331803
-0.104945
-0.0923902
-0.172648
-0.159519
-0.0256756
-0.0131205
-0.00684307
-0.0052641
-0.0153059
-0.013727
0.00306564
0.00463501
-0.00510807
-0.00335156
-0.000709557
-0.0229944
-0.0161294
0.0129743
0.017472
-0.000813854
0.00387998
-0.0436126
-0.0365864
0.0279327
0.0349587
0.000748404
0.00777469
0.0112878
-0.00581732
-0.00230418
0.00180301
-0.00910018
-0.00499299
0.00878611
0.0118077
0.0019901
0.0050117
0.0299553
0.0334684
0.0163632
0.0198764
-0.084849
-0.0707968
-0.0631107
-0.0247682
-0.0105805
-0.0416939
-0.0271775
-0.00879675
-0.00348666
-0.0172596
-0.0119495
0.000142024
0.00469657
-0.00832084
-0.00328262
0.0036072
-0.025181
-0.011298
0.0036072
-0.0566491
-0.0248901
0.0090808
0.0340532
-0.0187638
-0.00856856
-0.0323559
-0.0221607
0.0012456
0.0114408
-0.0123465
-0.00215134
0.00294625
-0.00894741
-0.00384982
0.00785333
0.0129509
0.00105726
0.00615486
0.00686893
-0.126748
-0.0838333
0.00839954
0.0484392
-0.0467101
-0.00590771
0.0161519
-0.0257871
-0.00372744
0.0101876
-0.0136671
-0.00815218
-0.0186369
-0.013122
-0.00284342
0.0026715
-0.00781326
-0.00229833
0.000247876
0.0179199
0.0289498
0.00798025
0.0190101
0.037387
0.0594466
0.0175076
0.0395673
-0.227032
-0.176375
-0.129948
-0.208593
-0.159784
-0.0897858
-0.0456665
-0.0236068
-0.0590658
-0.0358745
-0.0212456
-0.041931
-0.0273021
-0.0131166
-0.00152089
-0.0191731
-0.00757739
-0.000211015
-0.0106056
-0.00323926
0.00380155
0.00959939
0.000773305
0.00657114
-0.00143706
0.0217543
-0.01355
0.00964132
-0.117562
-0.0711788
-0.0479875
-0.0762856
-0.0525228
-0.0375335
-0.0545571
-0.0395679
-0.0292042
-0.0173228
-0.0312385
-0.0193571
-0.0118093
-0.0203743
-0.0128265
-0.00769783
-0.00175711
-0.008715
-0.00277428
-0.0255796
-0.00181687
-0.0296485
-0.00588563
0.0587703
0.0722937
0.00474698
0.0198999
0.0275013
2.05987e-05
0.00762194
0.0114226
-0.00231777
0.0014829
0.00338324
-0.00348696
-0.00158662
0.013481
0.0153814
0.00851116
0.0104115
0.0316182
0.0354189
0.0216785
0.0254791
0.0678924
0.0754939
0.0480131
0.0556144
0.148298
0.161016
0.101754
0.115885
0.0879553
-0.0350615
-0.00230403
0.0208873
-0.014417
-0.00282131
-0.0204735
-0.0088778
0.00927571
0.0199366
0.00321924
0.00808225
0.000191003
0.00505401
0.0158329
0.0194612
0.0128047
0.016433
0.0138801
0.00877437
0.0466159
0.0664031
0.034503
0.0542902
0.0440787
-0.0264679
-0.00270516
-0.0305368
-0.0186555
-0.0325713
-0.0206899
-0.00626041
0.00466312
-0.00829491
-0.00331203
-0.00931216
-0.00432927
0.00462951
0.00834726
0.00361226
0.00733003
0.00262865
-0.0067741
0.0236574
0.043932
0.0195884
0.0398631
0.0210576
0.0970705
0.13511
0.0753551
0.114332
0.0340532
0.14
-0.0689302
0.167972
0.0658729
0.198762
0.101754
0.181997
0.0810879
0.0306333
0.0960055
0.048013
0.0890792
0.0386246
0.0133973
0.0456747
0.0216784
0.0426203
0.017393
0.00477935
0.0205351
0.00851115
0.0193908
0.00677718
0.0224824
0.0104115
0.0494754
0.0254791
0.103607
0.0556143
0.21187
0.115885
-0.0350615
-0.131047
0.00474698
-0.084849
-0.0198213
-0.115844
0.0198998
-0.0264355
0.0451098
0.000748776
0.0275013
0.00350506
0.0385438
0.0163634
0.031302
0.00730579
-0.00469232
0.0130804
0.00199013
0.00942616
-0.00142338
0.0150771
0.00501169
0.042057
0.0198764
-0.0194093
0.052136
0.00777483
-0.0144058
0.0213668
-0.000813756
-0.0119041
0.00598225
-0.00510805
0.000942756
-0.0101475
0.00773876
-0.00335153
0.0112879
-0.00971205
0.0248799
0.00387996
-0.0707965
0.171127
0.0674199
0.17875
0.075355
0.0236574
0.010733
0.0254183
0.0128046
0.0262604
0.0144507
0.0279698
0.016433
-0.00219144
0.0284465
0.00321924
0.0320507
0.00873209
0.036638
0.0138801
0.0849576
0.034503
0.0905692
0.0439321
0.0998059
0.0542901
0.20007
0.106515
0.207606
0.114332
-0.0346057
-0.12788
-0.0264679
-0.117562
0.0129589
-0.0803543
0.0210576
-0.0255796
0.0319657
-0.0135501
0.0448203
-0.00181685
-0.0251354
0.00358481
-0.0191731
0.0100645
-0.00159477
0.0121522
0.000773301
0.0160052
0.00434591
0.0179501
0.00657114
-0.0132541
0.0151805
-0.00757739
0.0551571
0.00964131
-0.0711788
0.19798
-0.00230403
-0.0897857
0.0365634
-0.0467103
0.0440787
-0.00143707
0.0608024
0.0175077
0.0672701
0.0217543
-0.00100358
-0.0123825
0.00301044
-0.00781322
0.00479426
-0.00658468
0.00852536
-0.00229832
0.0296276
0.0079803
0.03335
0.0105921
0.0406575
0.0190101
0.082862
0.0395673
-0.0456664
0.0806818
-0.00590771
-0.0259388
0.00766268
-0.0123467
0.0051221
-0.00570159
0.0110619
0.0010572
0.010637
-0.000186687
0.0161595
0.00615481
-0.0157435
0.0178579
-0.00215141
-0.0459481
0.0212548
-0.0187638
-0.0387732
-0.0051717
-0.0151764
0.00162437
-0.00832084
-7.40607e-05
-0.0100787
0.00672201
-0.00328264
-0.025181
-0.00856857
-0.0248901
0.00502358
-0.011298
0.0161519
-0.0203153
0.0416453
0.00686893
-0.275721
0.239228
0.0587703
-0.0256756
0.122174
0.0424618
0.072294
-0.0131206
-0.0527555
0.0207308
-0.018904
-0.0377347
-0.000920326
-0.0178788
-0.0157652
-0.0256739
-0.00730232
-0.0166416
-0.0141958
-0.0241045
-0.00573293
-0.0152986
-0.0350488
0.00176566
-0.0151929
-0.0068431
-0.0455737
0.0270084
-0.0117223
0.133852
0.0545823
0.350242
0.190954
0.266834
0.0879553
0.373732
0.216323
-0.104945
-0.172983
-0.0257254
-0.0853275
-0.112145
-0.0407164
-0.0637307
-0.0809976
-0.108336
-0.0363866
-0.0500556
-0.0140811
-0.0263201
-0.0342218
-0.0478908
-0.0119163
-0.0187508
-0.000763591
-0.0075981
-0.0108339
-0.0176684
0.00031882
-0.00651569
-0.0247321
-0.0605546
-0.0923903
-0.161723
-0.0149814
-0.03194
0.00487446
-0.012084
-0.02019
-0.00215609
-0.00903725
-0.010741
-0.0191076
-0.000813093
-0.00795478
-0.0122955
-0.0286092
0.00756045
-0.00875328
-0.0488985
0.0247304
-0.00471896
-0.00551574
-0.0361127
0.0341961
0.00558656
-0.0762522
-0.100914
-0.0316412
-0.0551104
-0.0636863
-0.0883481
-0.0190754
-0.043737
-0.0549378
-0.0214315
-0.0307304
-0.037454
-0.0481695
-0.0151484
-0.0209711
-0.00399567
-0.00924353
-0.0111852
-0.0160782
-3.24745e-05
-0.00492539
-0.0249365
-0.229029
0.0587703
-0.03537
-0.0484486
0.0148234
0.00256771
-0.0321938
-0.0403852
-0.0079864
-0.011816
0.00411732
0.000937613
-0.00719234
-0.0112147
0.00491137
0.00153897
-0.0148779
-0.0293954
-0.0380767
-0.00518798
-0.0125694
-0.0464158
0.0167531
0.00459881
-0.060696
-0.0656601
-0.00920728
-0.0112666
0.0169611
0.0149016
-0.00871161
-0.00991083
0.00420238
0.00317271
-0.00785714
-0.00952268
0.00489651
0.00356086
-0.0109248
0.0172859
0.0152422
-0.013326
-0.0574643
-0.0638815
-0.00644974
-0.00904938
0.0063039
0.00403415
-0.00504235
-0.00780448
0.0077113
0.00494917
-0.00997826
0.0190576
0.0161888
-0.0034877
-0.00787179
-0.00933589
0.00488186
0.00374764
-0.00567974
-0.00780447
0.0070739
0.00494917
0.0220196
0.0176627
-0.0115474
-0.0127826
0.0146197
0.0133845
-0.00997826
-0.0104516
0.00310527
0.00263198
-0.00904938
-0.00952268
0.00403415
0.00356086
-0.0109248
0.0161888
0.0152422
0.0658729
0.0431302
-0.0247864
-0.033832
-0.000579028
-0.00962457
-0.0125168
0.00299898
0.000236844
-0.00732009
-0.0111094
0.00478361
0.00164423
-0.0201775
-0.029223
0.00402992
-0.00501562
-0.0407862
0.0236284
0.0102284
-0.0150863
-0.0294435
-0.0366221
-0.00523609
-0.0114586
-0.0136507
0.00129501
-0.000897031
-0.00882539
-0.0111094
0.00348706
0.00164423
-0.0222649
-0.029223
0.0019425
-0.00501563
0.0333285
0.0189713
-0.0501182
-0.0574643
0.000896391
-0.00644974
-0.00871161
-0.00904422
0.00420238
0.00403932
-0.00564977
-0.00613467
0.00710388
0.00661898
0.0190576
0.0172859
-0.000925464
-0.00258793
0.0245818
0.0229194
-0.0407862
-0.043601
-0.0152789
-0.0180937
-0.033832
-0.0380767
-0.00962457
-0.0125694
-0.0139768
0.000184218
-0.00122317
-0.00971075
-0.0112147
0.00294635
0.00153897
-0.0464158
0.0102284
0.00459881
0.0724119
0.051911
-0.0631107
-0.0988658
-0.0292592
-0.0602346
-0.0448925
-0.0806476
-0.011041
-0.0289186
0.00588467
-0.00949021
-0.00193196
-0.0108707
0.0065309
-0.00240788
0.00262258
-0.00510451
0.0110854
0.00335835
-0.0192922
0.0149938
-0.00125257
-0.0446446
-0.130543
0.0100742
-0.0205228
-0.0358213
-0.000666867
-0.0159654
-0.0127278
-0.0280263
0.0071281
-0.0081704
-0.0158197
0.00175754
-0.00521381
-0.00403409
-0.0101046
0.00589386
-0.000176617
0.049786
0.019189
0.0256642
-0.00493282
0.065376
0.034779
-0.0511198
-0.0247682
-0.0815191
-0.109384
-0.0453904
-0.0696723
-0.0531437
-0.0806476
-0.0192922
-0.0332494
-0.00125257
-0.0133935
-0.00510451
-0.0121984
0.00335835
-0.0037355
0.00198935
-0.00510451
0.0104522
0.00335835
-0.0192922
0.0118212
-0.00125257
-0.0446446
0.0430438
-0.00567857
-0.0299605
-0.0421014
-0.0101046
-0.016175
-0.000176617
-0.00550025
-0.00403409
-0.0101046
0.00589386
-0.000176617
-0.0215459
-0.0178195
-0.0280263
0.00203638
-0.00817041
0.0340332
0.0105454
0.0186033
-0.00493283
0.0583151
0.034779
-0.182003
-0.214798
-0.0927806
-0.111916
-0.0481695
-0.0563225
-0.0249365
-0.0321151
-0.0383837
-0.0481695
-0.0160782
-0.0209711
-0.00492539
-0.00924353
-0.0111852
-0.0160782
-3.24745e-05
-0.00492539
-0.0249365
-0.0635011
-0.073209
-0.0883479
-0.0285979
-0.0437369
-0.121616
-0.129023
-0.0732014
-0.0806086
-0.100914
-0.108336
-0.0551104
-0.0589665
-0.030903
-0.0347591
-0.0439721
-0.0478909
-0.0216667
-0.0239381
-0.0097538
-0.0118344
-0.0155012
-0.0176685
-0.00434847
-0.0065157
-0.0247321
-0.0605546
-0.130543
-0.161723
-0.0511198
-0.0636862
-0.00650934
-0.0190751
-0.0205228
-0.0361127
-0.0439077
-0.0162568
-0.0230018
-0.025942
-0.011849
-0.0147893
-0.0164025
-0.0191076
-0.0056836
-0.00795482
-0.0208142
-0.0286092
-0.000958328
-0.00875329
0.019189
0.00558662
-0.0762522
-0.0809979
-0.0316412
-0.0363868
-0.0385516
-0.0140813
-0.0162461
-0.0173285
-0.00509327
-0.00617567
-0.00941163
-0.010494
0.00174116
0.000658761
-0.022718
-0.0248828
-0.000412404
-0.0025772
-0.0488985
-0.05366
-0.0558249
-0.0313545
-0.0335195
-0.0373119
-0.0399979
-0.017456
-0.0198505
-0.020933
-0.00869775
-0.00978023
-0.0116628
-0.0130058
-0.00173481
-0.00294575
-0.00471905
-0.009049
0.0894978
-0.00072913
-0.0247865
-0.0321938
-0.0337819
-0.00798638
-0.00957451
-0.010209
0.00302956
0.00254461
-0.00456097
-0.00535503
0.00754273
0.00674867
-0.0221667
-0.0237548
0.00204068
0.000452571
0.0236283
0.0167531
-0.00669559
-0.0121397
0.0417193
0.0362751
0.0961005
0.0724119
0.0381018
0.0129697
0.12746
0.1083
0.247739
-0.0971195
-0.171142
-0.0875409
-0.159784
-0.0230966
-0.0803543
-0.0149591
-0.0333586
-0.00924139
-0.0273021
0.00354666
-0.0057062
0.00579111
-0.00323926
0.0127995
0.00434591
0.0148215
0.00657114
-0.0132541
0.00881936
-0.00757739
-0.0479875
-0.0031849
-0.0358745
0.0222743
-0.00181687
0.0332741
0.00964132
-0.0711788
-0.221154
-0.0612301
-0.129948
-0.0203153
-0.0520743
0.00686893
-0.0248901
-0.0407696
-0.011298
-0.0271775
-0.00901057
-0.0248901
0.00458154
-0.011298
-0.0192377
-0.00450191
-0.0119495
-0.00335821
-0.0100787
0.00343785
-0.00328262
0.0128875
-0.0203153
-0.0357528
-0.00672317
-0.0221607
-0.0042919
-0.0106459
0.00236027
-0.00384982
0.00532821
-0.000186696
0.0112525
0.00615486
-0.0157435
0.00915633
-0.00215134
0.0386279
0.00686893
-0.0838333
0.00892809
-0.00913266
-0.0179636
-0.00472197
-0.013122
-0.000102287
-0.00658468
0.00386774
-0.00229833
0.0174273
0.000247876
0.0269888
0.0105921
0.0346067
0.0190101
-0.0236068
0.027367
-0.00372744
0.0455294
0.0217543
0.0623341
0.0395673
-0.0456665
0.0472464
-0.00590771
-0.176375
-0.211829
-0.126748
-0.159519
-0.0897858
-0.115844
-0.0467101
-0.0637705
-0.0195261
-0.0297214
-0.00593409
-0.0161294
-0.0212271
-0.00917242
-0.013727
-0.00612472
-0.0101476
0.000671284
-0.00335156
0.000483291
-0.00971203
0.0140753
0.00387998
-0.0365864
-0.00669141
-0.011789
0.000104663
-0.00499299
0.0040915
-0.00142339
0.0101093
0.0050117
-0.0158962
0.00690067
-0.00230418
0.0149152
0.00730581
0.0269101
0.0198764
-0.0194093
0.0204927
0.00777469
-0.0707968
-0.077823
-0.0436126
-0.0506386
-0.0541516
-0.0363238
-0.0394625
-0.0284581
-0.0319712
-0.014866
-0.018379
-0.0201355
-0.0111822
-0.0127516
-0.00728872
-0.00904523
-0.000492626
-0.00224913
-0.0264356
-0.0334619
-0.0369751
-0.0198699
-0.0233829
-0.0112814
-0.0147945
-0.0165511
-0.00799849
-0.009755
-0.00350044
-0.00540081
0.00309179
0.00133524
0.00231066
-0.0012024
0.000748404
-0.00627767
0.060628
0.0129589
0.068583
0.0210576
-0.00270516
-0.0145865
0.00271789
-0.0088778
0.0206134
0.00873206
0.00279138
0.0108518
0.00505401
0.0203914
0.0144507
0.0222308
0.016433
0.0254758
0.0138801
0.0319657
0.00877437
0.0676948
0.043932
0.0774815
0.0542902
0.154184
0.106515
0.161857
0.114332
-0.0346057
-0.0525542
-0.0264679
-0.0440471
-0.0520384
-0.0319342
-0.0399255
0.00728106
-0.000907126
-0.00500122
-0.00704827
-0.00255125
-0.00454907
0.0079232
0.00587615
0.0100624
0.00806458
0.00447264
0.000476986
0.0249417
0.0208476
0.0296999
0.0257043
0.0185204
0.0105291
0.0674199
0.0509945
0.0753551
0.0589787
0.0904615
-0.00230403
-0.00583647
0.00177344
-0.00158662
0.00908376
0.00677718
0.0126256
0.0104115
-0.0078343
0.00674331
0.0014829
0.0213895
0.017393
0.0293036
0.0254791
-0.01183
0.016683
0.00762194
0.0466159
0.0386246
0.0632158
0.0556144
-0.0198213
-0.0274602
-0.0312609
-0.0175205
-0.0213212
-0.00258528
-0.00658093
-0.00857876
-0.00229476
-0.0041951
0.00603272
0.00403489
0.00970336
0.00780303
0.00647577
0.00267508
2.05987e-05
-0.00758083
0.0306333
0.022642
0.0480131
0.0404117
0.0365634
0.0198999
0.0970705
0.0810879
0.131088
0.115885
0.337739
0.0340532
-0.0631107
-0.0813289
-0.0292592
-0.0452276
-0.0520073
-0.0253717
-0.0321514
-0.0295999
-0.0337058
-0.0200011
-0.0237778
-0.0206611
-0.0241045
-0.0121982
-0.0152986
-0.0350488
-0.0100732
-0.0151929
-0.0273556
-0.0455737
0.00649587
-0.0117223
-0.0923902
-0.0986678
-0.0546932
-0.0600652
-0.0527554
-0.0590329
-0.0189039
-0.0251815
-0.0283203
-0.0298897
-0.0189062
-0.0202492
-0.0184116
-0.019981
-0.00994876
-0.0115182
-0.00629228
-0.00897826
-0.00536408
-0.00850288
0.0115616
0.00842281
0.0100742
-0.0149814
0.00839954
-0.0131205
0.0761024
0.0545823
0.170873
0.0894978
0.169257
0.0879553
0.288216
0.216323
-0.689302
-0.275721
-0.0689302
-0.227032
-0.131047
-0.172648
-0.084849
-0.211829
-0.115844
-0.159519
-0.0707968
-0.0264356
-0.0436126
0.000748404
-0.0637705
-0.0194093
0.00350508
-0.00581732
0.0163632
-0.0158962
-0.00469232
-0.00910018
0.0019901
-0.011789
-0.00142339
-0.00499299
0.0050117
0.00730581
-0.00230418
0.0198764
-0.0365864
-0.0144059
-0.0229944
-0.0119041
-0.0153059
-0.00510807
-0.0212271
-0.0101476
-0.013727
-0.00335156
-0.000813854
-0.0297214
-0.00971203
-0.0161294
0.00387998
0.00777469
-0.0350615
0.0658729
0.00474698
0.101754
-0.0198213
0.0306333
2.05987e-05
0.0480131
-0.01183
0.0133973
-0.00231777
0.0216785
-0.0078343
0.00477935
-0.00348696
0.00851116
-0.00583647
0.00677718
-0.00158662
0.0104115
0.017393
0.0014829
0.0254791
0.0386246
0.00762194
0.0556144
0.0810879
0.0198999
0.115885
-0.221154
-0.12788
-0.208593
-0.117562
-0.171142
-0.0803543
-0.159784
-0.0711788
-0.0255796
-0.0590658
-0.01355
-0.0479875
-0.0251355
-0.041931
-0.0191731
-0.0333586
-0.0132541
-0.00159479
-0.0106056
0.000773305
-0.0057062
0.00434591
-0.00323926
0.00657114
-0.0273021
-0.00757739
-0.00181687
-0.0358745
0.00964132
-0.0346057
0.0674199
-0.0264679
-0.00219143
0.010733
0.000191003
0.0128047
0.00279138
0.0144507
0.00505401
0.016433
-0.0204735
0.00321924
-0.0145865
0.00873206
-0.0088778
0.0138801
0.0236574
-0.014417
0.034503
-0.00270516
0.043932
0.00877437
0.0542902
0.0753551
0.0129589
0.106515
0.0210576
0.114332
-0.176375
-0.0897858
-0.126748
-0.0467101
-0.129948
-0.0456665
-0.00143706
-0.0257871
0.0175076
-0.0236068
-0.0123825
-0.0186369
-0.00781326
-0.0179636
-0.00658468
-0.013122
-0.00229833
-0.00100358
-0.0136671
0.00798025
-0.00913266
0.0105921
0.000247876
0.0190101
0.0217543
-0.00372744
0.0395673
-0.0838333
-0.045948
-0.0259387
-0.0323559
-0.0123465
-0.0357528
-0.0157435
-0.00570159
-0.00894741
0.00105726
-0.0106459
-0.000186696
-0.00384982
0.00615486
-0.0221607
-0.00215134
-0.0566491
-0.0387731
-0.0416939
-0.025181
-0.0151763
-0.0172596
-0.00832084
-0.0192377
-0.0100787
-0.0119495
-0.00328262
-0.0407696
-0.0248901
-0.0271775
-0.011298
-0.0187638
-0.0520743
-0.0203153
-0.0248901
0.00686893
-0.00590771
-0.00230403
-0.279115
-0.229029
-0.172983
-0.1322
-0.112145
-0.0837848
-0.0637307
-0.129023
-0.108335
-0.0806086
-0.0605544
-0.0500554
-0.036347
-0.0263199
-0.0589663
-0.0478904
-0.0347589
-0.0247318
-0.0187505
-0.0126281
-0.00759768
-0.0239377
-0.017668
-0.011834
-0.00651521
-0.0853275
-0.214798
-0.161723
-0.121616
-0.100914
-0.0732012
-0.0551101
-0.111916
-0.0883479
-0.0635011
-0.0549378
-0.0392937
-0.0307304
-0.0563225
-0.0481695
-0.0321151
-0.0249365
-0.0209711
-0.0128328
-0.00924353
-0.0209711
-0.0160782
-0.00924353
-0.00492539
-0.0437369
-0.076252
-0.0488985
-0.0319399
-0.0270245
-0.02019
-0.0158717
-0.00903726
-0.025942
-0.0191076
-0.0147892
-0.00795478
-0.012084
-0.0439077
-0.0286092
-0.0230018
-0.00875329
-0.0316409
-0.00471891
-0.0636862
-0.0361127
-0.0190751
0.00558662
-0.0697788
-0.0656601
-0.0174447
-0.013326
-0.0112666
0.0128421
0.0149016
-0.0127826
-0.0109248
-0.00991083
0.00215868
0.00317271
-0.0104516
-0.00952268
0.00263198
0.00356086
0.0133845
0.0152422
-0.0656601
-0.0638815
-0.013326
-0.0127826
0.0128421
0.0133845
-0.0112666
-0.0109248
-0.0104516
0.00215868
0.00263198
-0.00991083
-0.00952268
0.00317271
0.00356086
0.0149016
0.0152422
-0.0115474
-0.00997826
-0.00904938
0.00310527
0.00403415
-0.00933589
-0.00780447
0.00374764
0.00494917
0.0146197
0.0161888
-0.00997826
-0.00933589
0.00310527
0.00374764
-0.00904938
-0.00780448
0.00403415
0.00494917
-0.00787179
0.0161888
0.0176627
-0.060696
-0.0484486
-0.00920728
0.00256771
-0.0574643
-0.0464158
-0.0403852
-0.0209085
-0.0148779
-0.011816
-0.00212426
0.000937599
-0.0139768
-0.0112147
-0.00122317
0.00153897
-0.043601
-0.0380767
-0.0180937
-0.0125694
-0.00644974
0.00459881
0.035
0.0431302
-0.060696
-0.0574643
-0.00920728
-0.00644974
-0.0484486
-0.0464158
-0.043601
-0.0209085
-0.0180937
-0.0403852
-0.0380767
-0.0148779
-0.0139768
-0.00212423
-0.00122317
-0.011816
-0.0112147
0.000937613
0.00153897
-0.0125694
0.00256771
0.00459881
-0.0501182
-0.0407862
-0.033832
-0.0152789
-0.0125168
-0.00252529
0.000236849
-0.0136507
-0.0111094
-0.000897031
0.00164423
-0.00962457
-0.0366221
-0.029223
-0.0114586
-0.00501562
0.000896391
0.0102284
-0.0407862
-0.0366221
-0.0152789
-0.0136507
-0.0025253
-0.000897031
-0.0125168
-0.0111094
0.000236844
0.00164423
-0.0114586
-0.033832
-0.029223
-0.00962457
-0.00501562
-0.0294435
0.0102284
0.0189713
0.0431302
0.051911
-0.03537
-0.229029
-0.214798
-0.1322
-0.129023
-0.0837848
-0.0806086
-0.112145
-0.108335
-0.0637307
-0.0605544
-0.0589663
-0.036347
-0.0347589
-0.0500554
-0.0478904
-0.0263199
-0.0247318
-0.0239377
-0.0126281
-0.011834
-0.0187505
-0.017668
-0.00759768
-0.00651521
-0.121616
-0.111916
-0.0732012
-0.0635011
-0.0563225
-0.0392937
-0.0321151
-0.0549378
-0.0481695
-0.0307304
-0.0249365
-0.0209711
-0.0128328
-0.00924353
-0.0209711
-0.0160782
-0.00924353
-0.00492539
-0.100914
-0.088348
-0.0551101
-0.0437369
-0.172983
-0.161723
-0.0853275
-0.076252
-0.0636862
-0.0316409
-0.0190752
-0.0488985
-0.0439077
-0.0270245
-0.025942
-0.0158717
-0.0147892
-0.02019
-0.0191076
-0.00903725
-0.00795477
-0.0230018
-0.03194
-0.0286092
-0.012084
-0.00875328
-0.0361127
-0.0047189
0.00558661
-0.182003
-0.130543
-0.0988658
-0.0908316
-0.0602346
-0.109384
-0.0806476
-0.0696723
-0.0446446
-0.0289186
-0.0247887
-0.00949023
-0.0332494
-0.0192922
-0.0108707
-0.0108294
-0.00240788
-0.0121984
-0.00510451
-0.0037355
0.00335835
-0.0133935
-0.00125257
-0.0927806
-0.0511198
-0.0358213
-0.0288149
-0.0159654
-0.0421014
-0.0280263
-0.0215459
-0.0158197
-0.0103932
-0.0052138
-0.016175
-0.0101046
-0.00550025
-0.000176617
-0.00817041
-0.0205228
-0.00650934
0.019189
-0.0299605
-0.00493283
0.0105454
0.034779
-0.130543
-0.109384
-0.0908316
-0.0696723
-0.0988658
-0.0806476
-0.0602346
-0.0446446
-0.0332494
-0.0247887
-0.0133935
-0.0289186
-0.0192922
-0.0121984
-0.0108294
-0.0037355
-0.0108707
-0.00510451
-0.00240788
0.00335835
-0.00949021
-0.00125257
-0.0815191
-0.0511198
-0.0421014
-0.0288149
-0.0215459
-0.016175
-0.0103932
-0.00550025
-0.0158197
-0.0101046
-0.0052138
-0.000176617
-0.0358213
-0.0280263
-0.0159654
-0.0081704
-0.0299605
-0.00650936
0.0105454
-0.0205228
-0.00493282
0.019189
0.034779
-0.00567857
-0.03537
-0.00072913
-0.104945
-0.0256756
-0.0257254
0.0424618
-0.0923902
-0.0527554
-0.0546932
-0.0377347
-0.0348373
-0.0178788
-0.0520073
-0.0350488
-0.0256739
-0.0251208
-0.0166415
-0.0337058
-0.0241045
-0.0237778
-0.0152986
-0.0321514
-0.0151929
-0.0189039
-0.0813289
-0.0455737
-0.0452276
-0.0117223
-0.0131205
-0.0149814
0.0545823
0.0587703
0.0587703
0.190954
-0.0631107
0.0879553
0.0894978
0.216323
-0.275721
-0.221154
-0.171142
-0.208593
-0.159784
-0.12788
-0.0803543
-0.117562
-0.0711788
-0.0479875
-0.0333586
-0.041931
-0.0273021
-0.0251354
-0.0132541
-0.0057062
-0.0106056
-0.00323926
-0.00159477
0.00434591
0.000773301
0.00657114
-0.0191731
-0.00757739
-0.0590658
-0.0358745
-0.0255796
-0.00181685
-0.0135501
0.00964131
-0.227032
-0.211829
-0.172648
-0.159519
-0.131047
-0.115844
-0.084849
-0.0707965
-0.0637704
-0.0436124
-0.0365864
-0.0297215
-0.0229943
-0.0212271
-0.015306
-0.013727
-0.0119041
-0.0101475
-0.00510805
-0.00335153
-0.0161295
-0.0144058
-0.00971205
-0.000813756
0.00387996
-0.0264355
-0.0194093
-0.0158962
-0.011789
-0.00910016
-0.00499302
-0.00469232
-0.00142338
0.00199013
0.00501169
-0.00581718
-0.00230416
0.00350506
0.00730579
0.0163634
0.0198764
0.000748776
0.00777483
-0.176375
-0.129948
-0.126748
-0.0838333
-0.0520743
-0.0566491
-0.0407696
-0.0416939
-0.0271775
-0.0387732
-0.0248901
-0.025181
-0.0192377
-0.0172596
-0.0119495
-0.0151764
-0.0100787
-0.00832084
-0.00328264
-0.011298
-0.0248901
-0.0459481
-0.0357529
-0.032356
-0.0221607
-0.0259388
-0.0157435
-0.0106459
-0.00894748
-0.00384984
-0.00570159
-0.000186687
0.0010572
0.00615481
-0.0123467
-0.00215141
-0.0203153
-0.0187638
0.00686893
-0.0897857
-0.0456664
-0.0236068
-0.0179636
-0.0186369
-0.013122
-0.0123825
-0.00658468
-0.00781322
-0.00229832
-0.00913266
-0.0136671
0.000247876
-0.00100358
0.0105921
0.0079803
0.0190101
-0.025787
-0.00372742
-0.00143707
0.0217543
0.0175077
0.0395673
-0.0467103
-0.00590771
-0.0689302
-0.0346057
0.0129589
-0.0264679
-0.0145865
-0.0204735
-0.00887781
-0.00219144
0.0027914
0.000191002
0.00505401
0.010733
0.0144507
0.0128046
0.016433
0.00873209
0.00321924
0.0138801
-0.00270514
-0.014417
0.00877436
0.0236574
0.0439321
0.034503
0.0542901
0.0210576
0.0674199
0.106515
0.075355
0.114332
-0.0350615
-0.0198213
-0.01183
-0.0078343
-0.00583647
-0.00348699
-0.00158664
0.00477935
0.00677718
0.00851115
0.0104115
-0.00231785
0.00148286
0.0133973
0.017393
0.0216784
0.0254791
2.0417e-05
0.00762185
0.0306333
0.0386246
0.048013
0.0556143
0.00474698
0.0198998
0.0658729
0.0810879
0.101754
0.115885
-0.00230403
-0.0971195
-0.104945
-0.0923903
-0.0813288
-0.0546933
-0.0520073
-0.0348374
-0.0321514
-0.0377347
-0.0350488
-0.0337058
-0.0251208
-0.0237778
-0.0256739
-0.0241045
-0.0166416
-0.0152986
-0.0178788
-0.0151929
-0.0452276
-0.0527555
-0.0455737
-0.018904
-0.0117223
-0.0257254
-0.0149814
-0.0256756
-0.0131206
0.0424618
0.0545823
-0.0631107
0.0587703
0.0894978
0.0587703
0.0879553
0.190954
0.216323
0.0340532
