 0.013114280
 0.015462465
 0.015551817
 0.013373588
 0.009130348
 0.013589192
 0.015960757
 0.016022838
 0.013769356
 0.009410960
 0.013727177
 0.015943770
 0.015854415
 0.013467863
 0.009007069
 0.013260421
 0.015458683
 0.015396604
 0.013080264
 0.008726467
 0.009009798
 0.013761772
 0.013934045
 0.009509758
 0.002614317
 0.009933864
 0.014736410
 0.014856840
 0.010283367
 0.003158683
 0.010195680
 0.014694386
 0.014522107
 0.009695705
 0.002379955
 0.009302112
 0.013769113
 0.013648689
 0.008952625
 0.001835617
 0.015787124
 0.010320511
 0.010563427
 0.016492071
 0.008282531
 0.017101659
 0.011714246
 0.011885870
 0.017599750
 0.009057888
 0.017469589
 0.011646974
 0.011404054
 0.016764607
 0.007959851
 0.016215694
 0.010352129
 0.010180514
 0.015717647
 0.007184121
 0.015424255
 0.015649847
 0.015946363
 0.016284734
 0.005571718
 0.017041964
 0.017373694
 0.017586514
 0.017659618
 0.006533761
 0.017496900
 0.017290024
 0.016993515
 0.016636395
 0.005193485
 0.015970767
 0.015714410
 0.015501598
 0.015353158
 0.004231529
 0.015373695
 0.016579239
 0.016909033
 0.016330775
 0.008541865
 0.017185977
 0.018519678
 0.018761678
 0.017888322
 0.009635743
 0.017709145
 0.018436932
 0.018107149
 0.016752068
 0.008145049
 0.016009931
 0.016679468
 0.016437480
 0.015307643
 0.007051199
 0.011376635
 0.014765288
 0.015106554
 0.012367025
 0.005476617
 0.013263258
 0.016794577
 0.017052693
 0.014012405
 0.006643205
 0.013837155
 0.016736135
 0.016394875
 0.012846776
 0.005100645
 0.012068658
 0.014898038
 0.014639955
 0.011319669
 0.003934056
 0.011825209
 0.019620560
 0.019951889
 0.012786752
 0.008202895
 0.013665487
 0.021608376
 0.021869467
 0.014422444
 0.009382856
 0.014272959
 0.021599720
 0.021268402
 0.013311436
 0.007885230
 0.012535317
 0.019777575
 0.019516537
 0.011777750
 0.006705269
 0.001751087
 0.012280251
 0.012582435
 0.002627988
 0.002489408
 0.003435104
 0.014108243
 0.014360096
 0.004165931
 0.003627618
 0.004062248
 0.014172347
 0.013870198
 0.003185361
 0.002261837
 0.002444948
 0.012452364
 0.012200563
 0.001714176
 0.001123626
 0.009491458
 0.016744548
 0.017002073
 0.010238764
 0.009048369
 0.010930242
 0.018315213
 0.018547417
 0.011603133
 0.010097867
 0.011560273
 0.018468016
 0.018210512
 0.010812968
 0.008933913
 0.010136467
 0.016921603
 0.016689424
 0.009462658
 0.007884428
 0.002310078
 0.007824841
 0.008027125
 0.002897131
 0.000707846
 0.003443246
 0.009072223
 0.009276856
 0.004037120
 0.001632834
 0.004062664
 0.009319118
 0.009116834
 0.003475611
 0.000718478
 0.002884963
 0.007999681
 0.007795050
 0.002291100
-0.000206485
 0.009679187
 0.016859161
 0.017001226
 0.010091533
 0.008743208
 0.010479380
 0.017753460
 0.017925513
 0.010977759
 0.009520894
 0.011070538
 0.018087522
 0.017945437
 0.010658194
 0.008878650
 0.010168484
 0.017028425
 0.016856379
 0.009669191
 0.008100980
 0.002092920
 0.012481712
 0.012564297
 0.002332658
 0.001895752
 0.002566388
 0.013029840
 0.013167288
 0.002965253
 0.002516944
 0.003115452
 0.013432071
 0.013349452
 0.002875698
 0.002143516
 0.002494705
 0.012645689
 0.012508258
 0.002095883
 0.001522332
 0.012258014
 0.019857268
 0.019886413
 0.012342609
 0.007352776
 0.012441399
 0.020098555
 0.020202212
 0.012741470
 0.007821124
 0.012932151
 0.020540273
 0.020511115
 0.012847538
 0.007689355
 0.012575442
 0.020018162
 0.019914543
 0.012274737
 0.007221012
 0.011815654
 0.014969166
 0.014955204
 0.011775136
 0.004414932
 0.011769419
 0.014969444
 0.015042484
 0.011981457
 0.004744968
 0.012191158
 0.015416292
 0.015430248
 0.012231665
 0.004808069
 0.012060976
 0.015130627
 0.015057610
 0.011849074
 0.004478035
 0.015722942
 0.016675219
 0.016631499
 0.015596061
 0.007322932
 0.015522406
 0.016513794
 0.016561186
 0.015659999
 0.007537207
 0.015866077
 0.016930777
 0.016974486
 0.015992938
 0.007734806
 0.015908994
 0.016837198
 0.016789794
 0.015771434
 0.007520559
 0.015588278
 0.015566287
 0.015507571
 0.015417849
 0.004255174
 0.015313405
 0.015326287
 0.015354027
 0.015393950
 0.004380665
 0.015575907
 0.015682741
 0.015741449
 0.015746291
 0.004646051
 0.015728360
 0.015724721
 0.015696974
 0.015647841
 0.004520647
 0.015682646
 0.009999022
 0.009939764
 0.015510655
 0.006928968
 0.015407969
 0.009755733
 0.009769922
 0.015449172
 0.006992712
 0.015591488
 0.010029331
 0.010088580
 0.015763438
 0.007260532
 0.015786203
 0.010144015
 0.010129828
 0.015745036
 0.007196414
 0.008575868
 0.013165135
 0.013117869
 0.008438697
 0.001281031
 0.008361616
 0.012976795
 0.012982844
 0.008379172
 0.001308379
 0.008473138
 0.013156038
 0.013203298
 0.008610294
 0.001522004
 0.008648356
 0.013281239
 0.013275195
 0.008630815
 0.001494683
 0.012319820
 0.014579677
 0.014553609
 0.012244169
 0.007867581
 0.012205306
 0.014481156
 0.014483103
 0.012210956
 0.007876381
 0.012255253
 0.014565893
 0.014591958
 0.012330898
 0.007994200
 0.012359419
 0.014647676
 0.014645732
 0.012353775
 0.007985409
 0.000723444
-0.000428557
 0.008726467
 0.000839378
 0.001835617
 0.000723444
 0.009130348
 0.000723444
 0.009130348
 0.001367199
 0.000723444
 0.001601646
 0.002614317
 0.000723444
 0.009410960
 0.000723444
 0.009410960
 0.001896248
 0.000723444
 0.003158683
 0.002123358
 0.000723444
 0.009007069
 0.000723444
 0.009007069
 0.001139146
 0.000723444
 0.002379955
 0.001361956
 0.000723444
 0.008726467
 0.000723444
 0.008726467
 0.000610121
 0.000723444
 0.005420566
 0.001835617
 0.008115933
 0.013978959
 0.007740448
 0.006628674
 0.007184121
 0.007020614
 0.013402598
 0.006420059
 0.008883771
 0.003008785
 0.006973488
 0.009116521
 0.006623241
 0.002614317
 0.006033082
 0.009678404
 0.008393835
 0.014654409
 0.008625372
 0.006286124
 0.002614317
 0.013803156
 0.006813140
 0.007703252
 0.008671840
 0.008282531
 0.015236861
 0.009057899
 0.014668866
 0.008092908
 0.010216443
 0.007576585
 0.008299265
 0.004236490
 0.007719255
 0.010380617
 0.006714311
 0.003158683
 0.009214425
 0.010920894
 0.009414190
 0.015713325
 0.003158683
 0.006661842
 0.014828296
 0.003158683
 0.007554882
 0.008953645
 0.008403160
 0.009057888
 0.009324618
 0.015589488
 0.008165478
 0.014976592
 0.007523984
 0.010153029
 0.004074050
 0.008192910
 0.007320795
 0.009920274
 0.006049307
 0.002379955
 0.008636003
 0.010423901
 0.008815163
 0.014914005
 0.002379955
 0.005814835
 0.014001778
 0.002379955
 0.006502792
 0.008052131
 0.007959851
 0.007335173
 0.008414313
 0.014387236
 0.007147515
 0.013770410
 0.006436366
 0.008911055
 0.002927490
 0.006958726
 0.006293703
 0.008746890
 0.005386668
 0.001835617
 0.007851012
 0.009269138
 0.008058038
 0.013910811
 0.001835617
 0.013026637
 0.005760739
 0.007184121
 0.004231529
 0.004188295
 0.004105736
 0.008211039
 0.005601278
 0.008477554
 0.008282531
 0.009000152
 0.008282531
 0.005571718
 0.005477068
 0.005535394
 0.009748833
 0.006991908
 0.009938341
 0.009057888
 0.010527931
 0.009057888
 0.006533761
 0.005271837
 0.005189280
 0.009674031
 0.006574983
 0.009407523
 0.007959851
 0.009882520
 0.007959851
 0.005193485
 0.004001653
 0.003943329
 0.008255656
 0.005292635
 0.008066155
 0.007184121
 0.008484036
 0.007184121
 0.009367798
 0.004231529
 0.011410077
 0.008436391
 0.007051199
 0.005699581
 0.005578662
 0.009820899
 0.005571718
 0.005092693
 0.012308486
 0.005571718
 0.005320083
 0.004076776
 0.011063424
 0.010021756
 0.008541865
 0.013103607
 0.007462479
 0.007365740
 0.011388630
 0.006533761
 0.006721525
 0.013753417
 0.006533761
 0.006373751
 0.006533761
 0.005053299
 0.011128039
 0.009635743
 0.010661454
 0.013583770
 0.007672604
 0.007603081
 0.010674950
 0.005193485
 0.005887546
 0.012685349
 0.005193485
 0.005063315
 0.005193485
 0.003695738
 0.009567401
 0.008145049
 0.009144269
 0.011990146
 0.005980206
 0.006015761
 0.009242207
 0.004231529
 0.004400419
 0.011340373
 0.004231529
 0.004026413
 0.002719298
 0.009292367
 0.005380802
 0.007051199
 0.010068164
 0.003003400
 0.003934056
 0.010555607
 0.002783356
 0.007224903
 0.012626200
 0.012893504
 0.006078563
 0.009796659
 0.007391403
 0.010440049
 0.013234013
 0.012960900
 0.008541865
 0.004510071
 0.011807232
 0.011056357
 0.008541865
 0.010301439
 0.003961420
 0.007247913
 0.011198688
 0.004573806
 0.005476617
 0.011949509
 0.004692468
 0.009119709
 0.012492204
 0.014916180
 0.014602750
 0.007759944
 0.011568732
 0.012455931
 0.009389384
 0.014850733
 0.015172862
 0.009635743
 0.006204748
 0.013719481
 0.012694499
 0.009635743
 0.011896507
 0.009635743
 0.005121544
 0.007518736
 0.011282946
 0.005680088
 0.006643205
 0.012518333
 0.005078005
 0.012507908
 0.009630746
 0.014526583
 0.014854553
 0.010778672
 0.006820995
 0.009200420
 0.012339359
 0.014191895
 0.014514050
 0.008145049
 0.005223689
 0.013014193
 0.011530150
 0.008145049
 0.010697937
 0.008145049
 0.003582406
 0.005797288
 0.009543215
 0.005100645
 0.004120886
 0.010755066
 0.003309657
 0.010747219
 0.007861945
 0.012737548
 0.013022988
 0.009173188
 0.005285298
 0.007396389
 0.010516204
 0.012489577
 0.012766334
 0.007051199
 0.003673140
 0.011287780
 0.010010225
 0.007051199
 0.009210875
 0.002422282
 0.004339505
 0.003934056
 0.006705269
 0.006885147
 0.006751746
 0.007045620
 0.005185985
 0.004419831
 0.004004322
 0.005476617
 0.005366213
 0.005476617
 0.006259118
 0.008202895
 0.008858661
 0.008757771
 0.008911575
 0.006899436
 0.006396576
 0.005985129
 0.006643205
 0.007072726
 0.006643205
 0.006691481
 0.009382856
 0.008514686
 0.008381292
 0.009444149
 0.005845016
 0.005667726
 0.006019975
 0.005100645
 0.006013686
 0.005100645
 0.004908927
 0.007885230
 0.006603123
 0.006704004
 0.007692198
 0.004268775
 0.004230826
 0.003872244
 0.003934056
 0.004440132
 0.003934056
 0.007810932
 0.006705269
 0.002036980
 0.003429520
 0.001123626
 0.008385954
 0.008311051
 0.000363817
 0.000439133
 0.008709895
 0.007110830
 0.005883195
 0.008202895
 0.007851820
 0.002921252
 0.008202895
 0.003876212
 0.006713401
 0.009666483
 0.005022294
 0.002489408
 0.003734733
 0.010273479
 0.010332495
 0.002056179
 0.002130864
 0.010374229
 0.007743351
 0.009011550
 0.009382856
 0.009506444
 0.004467957
 0.009382856
 0.005316466
 0.009382856
 0.007888084
 0.010212179
 0.003627618
 0.005923379
 0.004360287
 0.010033534
 0.009958634
 0.002744432
 0.002668621
 0.009313239
 0.007650340
 0.008629480
 0.007885230
 0.008451977
 0.003476032
 0.007885230
 0.004165391
 0.007885230
 0.006408332
 0.008466764
 0.002261837
 0.004372595
 0.002732512
 0.008240612
 0.008181599
 0.001045341
 0.001121606
 0.007758507
 0.005916875
 0.006881742
 0.006705269
 0.006903597
 0.001999267
 0.006705269
 0.002780516
 0.005233648
 0.000265749
 0.000348701
 0.001123626
 0.000495817
 0.004494022
 0.000434289
 0.007884428
 0.005812982
 0.005628510
 0.009718413
 0.005096588
 0.010975773
 0.001212366
 0.001123473
 0.009048154
 0.005699654
 0.012371702
 0.011275435
 0.002489408
 0.000810355
 0.000207890
-0.000094763
 0.001365398
 0.005302510
 0.002489408
 0.001224725
 0.009065056
 0.001241253
 0.002036135
 0.001954715
 0.002085265
 0.009048369
 0.006048851
 0.002166039
 0.007447575
 0.007601313
 0.011523436
 0.006625053
 0.012789322
 0.002669553
 0.002755926
 0.013967517
 0.010816096
 0.007448303
 0.013040077
 0.003627618
 0.001749535
 0.001448219
 0.002350182
 0.002893612
 0.006749210
 0.003627618
 0.002382196
 0.010427337
 0.003627618
 0.002374494
 0.002650205
 0.002562919
 0.002743501
 0.010097867
 0.002793333
 0.006677485
 0.007402893
 0.007218444
 0.007142002
 0.011626410
 0.012858400
 0.001705215
 0.001786558
 0.014061139
 0.007078409
 0.010368186
 0.012558773
 0.002261837
 0.000508041
 0.000798216
 0.001384205
 0.005869002
 0.001923767
 0.002261837
 0.009627599
 0.001051269
 0.002261837
 0.001020115
 0.001030642
 0.000942338
 0.008933913
 0.001152688
 0.001186998
 0.005162477
 0.005693589
 0.005539874
 0.009922885
 0.005645728
 0.011148272
 0.000227552
 0.000310903
 0.008704293
 0.012499128
 0.005425818
 0.010897570
 0.001123626
-0.000676590
-0.000088799
-0.000968116
 0.000459416
 0.004461652
 0.001123626
-0.000102152
 0.008280098
-0.000113126
 0.007153202
 0.008458190
 0.007884428
 0.002310078
 0.008320624
-0.000206485
 0.013602414
 0.013390735
 0.001879404
 0.002310078
 0.007824841
 0.007763145
 0.012926328
 0.006084172
 0.007824841
 0.008027125
 0.009048369
 0.009212611
 0.005303009
 0.008027125
 0.002897131
 0.009892286
 0.009048369
 0.001350235
 0.002897131
 0.000707846
 0.008629172
 0.009749531
 0.000707846
 0.003443246
 0.014959249
 0.015150111
 0.003155896
 0.003443246
 0.009072223
 0.009178513
 0.007350364
 0.014448895
 0.009072223
 0.009276856
 0.010571609
 0.010097867
 0.006648836
 0.009276856
 0.004037120
 0.010097867
 0.010529474
 0.002490579
 0.004037120
 0.010097867
 0.001632834
 0.009125201
 0.001632834
 0.010386574
 0.001632834
 0.004062664
 0.015068356
 0.014856696
 0.003643487
 0.004062664
 0.009319118
 0.008515270
 0.007568378
 0.014168331
 0.009319118
 0.009116834
 0.009775053
 0.008933913
 0.006060344
 0.009116834
 0.003475611
 0.008933913
 0.009110113
 0.001912144
 0.008933913
 0.003475611
 0.000718478
 0.007667211
 0.000718478
 0.008971423
 0.000718478
 0.002884963
 0.013524299
 0.013333455
 0.002337069
 0.002884963
 0.007999681
 0.007117266
 0.006235460
 0.012662134
 0.007999681
 0.007795050
 0.007884428
 0.008429888
 0.004710716
 0.007795050
 0.002291100
 0.007884428
 0.000730229
 0.002291100
-0.000206485
-0.000749526
 0.000520703
-0.000206485
 0.002310078
 0.000754577
 0.008100980
 0.005826479
 0.005646531
 0.005826479
 0.005646531
 0.007824841
 0.004860324
 0.007824841
-0.000300781
 0.008027125
 0.006266708
 0.012813433
 0.008027125
 0.000707846
 0.001117306
 0.000707846
 0.001117306
 0.002897131
 0.002348266
 0.002897131
 0.001647453
 0.000707846
 0.001647453
 0.000707846
 0.008925042
 0.000707846
 0.000424006
 0.003443246
 0.001871616
 0.008743208
 0.003443246
 0.006893849
 0.007075885
 0.006893849
 0.007075885
 0.009072223
 0.005789394
 0.009072223
 0.000877966
 0.013739167
 0.009276856
 0.007496937
 0.009276856
 0.002250989
 0.001632834
 0.004037120
 0.003429977
 0.004037120
 0.001632834
 0.002275820
 0.001632834
 0.002275820
 0.001632834
 0.009813577
 0.001632834
 0.000910210
 0.009520894
 0.004062664
 0.002498982
 0.004062664
 0.007118470
 0.006938523
 0.007118470
 0.006938523
 0.006301415
 0.009319118
 0.000461464
 0.014038848
 0.007370629
 0.009116834
 0.001679216
 0.000718478
 0.001679216
 0.000718478
 0.003475611
 0.003078212
 0.003475611
 0.000718478
 0.001105771
 0.000718478
 0.001105771
 0.000718478
 0.009484392
 0.000718478
-0.000319130
 0.008878650
 0.001336963
 0.002884963
 0.005798710
 0.005616674
 0.005798710
 0.005616674
 0.007999681
 0.005269096
 0.007999681
-0.000773081
 0.007795050
 0.012954762
 0.006062426
 0.007795050
-0.000206485
 0.000502247
-0.000206485
 0.000502247
 0.001917283
 0.002291100
-0.000206485
 0.008495705
-0.000206485
 0.007321228
 0.008646435
 0.008100980
 0.004756259
 0.000829337
 0.008499665
 0.000285545
 0.001522332
 0.013612237
 0.013495468
-0.000603882
-0.000308367
 0.000284684
 0.011172781
 0.007657755
 0.012592986
 0.005662582
 0.008969613
 0.011258762
 0.008743208
 0.009062709
 0.005619902
 0.010020186
 0.005087616
 0.001078938
 0.009443887
 0.008743208
 0.001029468
 0.000664395
 0.008146426
 0.009291443
 0.000680437
 0.001895752
 0.005402894
 0.001321420
 0.014391751
 0.014533167
 0.000766297
-0.000107724
 0.000181487
 0.011740601
 0.008553319
 0.006275125
 0.009540016
 0.013478958
 0.011880034
 0.009947036
 0.009520894
 0.006449217
 0.010642438
 0.005854669
 0.001725986
 0.009520894
 0.010038274
 0.001675323
 0.009520894
 0.001294561
 0.008666899
 0.001305955
 0.002516944
 0.009884950
 0.001872978
 0.005974730
 0.014698530
 0.014581743
 0.001313194
 0.000726091
 0.000435066
 0.012139068
 0.008330355
 0.009925366
 0.006626549
 0.013547403
 0.012053050
 0.009622004
 0.008878650
 0.010799137
 0.006258684
 0.005643369
 0.001623362
 0.008878650
 0.009140614
 0.001555390
 0.008878650
 0.000905772
 0.007719414
 0.008992072
 0.002143516
 0.000901759
 0.005204332
 0.001236081
 0.013636078
 0.013494665
-0.000212507
 0.000682761
 0.000085923
 0.011336977
 0.007311905
 0.009119312
 0.005784018
 0.012486902
 0.011197561
 0.008100980
 0.008636566
 0.005297327
 0.009946983
 0.000831497
 0.004752090
 0.008100980
 0.000773213
 0.000275614
 0.000603133
 0.000687464
 0.001522332
 0.002387592
 0.003206034
 0.007221012
 0.005839007
 0.005788603
 0.007364357
 0.000923581
 0.000837623
 0.006075996
 0.007139389
 0.001895752
 0.001012767
 0.000936796
 0.002614394
 0.001895752
 0.004066970
 0.005900793
 0.001162428
 0.001078771
 0.003551014
 0.007352776
 0.002836769
 0.006345502
 0.006429394
 0.007575982
 0.001468906
 0.001555268
 0.007490601
 0.006585692
 0.002516944
 0.001638347
 0.001561790
 0.003227453
 0.002516944
 0.004595249
 0.002516944
 0.006391055
 0.001708329
 0.001623249
 0.004094078
 0.007821124
 0.003381205
 0.006706770
 0.006656341
 0.008067474
 0.001388740
 0.001472195
 0.007872970
 0.006852055
 0.002143516
 0.001484777
 0.001560381
 0.003154386
 0.002143516
 0.004469913
 0.002143516
 0.006224967
 0.001083544
 0.000996654
 0.007689355
 0.003640377
 0.002782290
 0.005907787
 0.005823900
 0.007672652
 0.000606556
 0.000690743
 0.007246050
 0.006086904
 0.001522332
 0.000784248
 0.000708949
 0.002391572
 0.003862218
 0.001522332
 0.005734711
 0.008225096
 0.007221012
 0.004478035
 0.008440137
 0.008433551
 0.004905368
 0.008304186
 0.004079067
 0.004457886
 0.007352776
 0.007523125
 0.007352776
 0.008413186
 0.004414932
 0.008700020
 0.008723445
 0.004905199
 0.008693781
 0.004234804
 0.004585114
 0.007821124
 0.007885207
 0.007821124
 0.008900146
 0.004744968
 0.009093736
 0.009087148
 0.005344004
 0.008821034
 0.004996369
 0.004634108
 0.007689355
 0.008034093
 0.007689355
 0.008525968
 0.004808069
 0.008539386
 0.008515966
 0.005142112
 0.008244829
 0.004185753
 0.004576267
 0.007221012
 0.007482659
 0.007221012
 0.004728107
 0.004478035
 0.010500658
 0.009705786
 0.007520559
 0.006844578
 0.006850038
 0.011625331
 0.004060026
 0.012763908
 0.013088475
 0.004693474
 0.010589315
 0.007489894
 0.013071048
 0.012729252
 0.004414932
 0.007589117
 0.003080090
 0.010658643
 0.010450089
 0.004414932
 0.003457046
 0.002882735
 0.004690119
 0.009639786
 0.007322932
 0.010436337
 0.006902217
 0.006873676
 0.011601534
 0.003914813
 0.013069782
 0.012651425
 0.004871370
 0.010649089
 0.007516457
 0.013139975
 0.012706967
 0.004744968
 0.007767212
 0.003202989
 0.010627351
 0.010640125
 0.004744968
 0.003762351
 0.004744968
 0.003199934
 0.005119508
 0.010045012
 0.007537207
 0.010849926
 0.007305625
 0.007311078
 0.012044122
 0.004306109
 0.013514194
 0.013079998
 0.005154125
 0.011046710
 0.007924088
 0.013531615
 0.013114641
 0.004808069
 0.011026165
 0.003517051
 0.008040442
 0.010900486
 0.004808069
 0.003857938
 0.004808069
 0.003278690
 0.004952805
 0.007734806
 0.009951242
 0.010739368
 0.006961816
 0.006990361
 0.004246625
 0.011792867
 0.013249984
 0.012925742
 0.004771690
 0.007613177
 0.010701641
 0.012870188
 0.013179807
 0.004478035
 0.007675869
 0.010810263
 0.003188959
 0.010535708
 0.004478035
 0.003536056
 0.002961490
 0.009460632
 0.005627560
 0.007520559
 0.011647354
 0.004336293
 0.004520647
 0.004637666
 0.005535060
 0.009393779
 0.007322932
 0.005670826
 0.005692011
 0.011489611
 0.007322932
 0.008507738
 0.002769321
 0.005440618
 0.009286196
 0.004076123
 0.004255174
 0.011393925
 0.004412561
 0.005540912
 0.009358664
 0.007537207
 0.005652675
 0.005614262
 0.011493473
 0.007537207
 0.008551561
 0.007537207
 0.002902918
 0.005817167
 0.009684906
 0.004236613
 0.004380665
 0.011684980
 0.004764787
 0.009751742
 0.005909648
 0.007734806
 0.005995638
 0.006019191
 0.011842685
 0.007734806
 0.008871234
 0.007734806
 0.003163251
 0.005801080
 0.009627164
 0.004646051
 0.004474289
 0.011803005
 0.004796763
 0.009554679
 0.005700788
 0.007520559
 0.005883715
 0.005858877
 0.011703470
 0.008735343
 0.007520559
 0.003029736
 0.009354421
 0.004520647
 0.007196414
 0.008528102
 0.007993839
 0.009264699
 0.005106550
 0.007933814
 0.004255174
 0.009103095
 0.006928968
 0.008276820
 0.007747355
 0.009145483
 0.004875048
 0.007766732
 0.004380665
 0.009435109
 0.006992712
 0.008599287
 0.008056176
 0.009524819
 0.005171660
 0.008116195
 0.004646051
 0.009506106
 0.007260532
 0.008678718
 0.008145701
 0.009463706
 0.005261801
 0.008126318
 0.004520647
 0.007196414
 0.007697296
 0.013827275
 0.012948063
 0.001494683
 0.003665666
 0.003685803
 0.007491295
 0.009059723
 0.005943160
 0.008522369
 0.006536001
 0.002489871
 0.008464492
 0.005889986
 0.006928968
 0.013072686
 0.006480294
 0.013659297
 0.007558183
 0.006928968
 0.006327640
 0.007181832
 0.005461717
 0.012681144
 0.001281031
 0.013559924
 0.007479804
 0.003465296
 0.003470116
 0.008819393
 0.007273824
 0.008285802
 0.005728541
 0.006361925
 0.002310675
 0.008298557
 0.005737648
 0.006992712
 0.012998790
 0.006363273
 0.013596960
 0.007498198
 0.006992712
 0.006371933
 0.007126704
 0.006992712
 0.005519038
 0.012841113
 0.001308379
 0.013731953
 0.007594270
 0.003755226
 0.003775362
 0.009069728
 0.007399406
 0.008545000
 0.005947450
 0.006661985
 0.002582935
 0.008602868
 0.006000617
 0.007260532
 0.013302340
 0.006614784
 0.013899894
 0.007733367
 0.007260532
 0.006638114
 0.007360355
 0.007260532
 0.005780613
 0.001522004
 0.013042340
 0.013926192
 0.007771175
 0.003844208
 0.003839386
 0.009196288
 0.007571301
 0.008663927
 0.006073332
 0.002657281
 0.006717274
 0.006064232
 0.008651176
 0.007196414
 0.006661803
 0.013297445
 0.007752796
 0.013889189
 0.007196414
 0.007377254
 0.006585367
 0.005722981
 0.005024403
 0.001494683
 0.007985409
 0.001281031
 0.004856350
 0.004810153
 0.001281031
 0.000267478
 0.000037829
 0.007867581
 0.004831661
 0.001308379
 0.004887926
 0.000291021
 0.001308379
 0.000063803
 0.007876381
 0.005055960
 0.001522004
 0.005078411
 0.000500262
 0.001522004
 0.000272292
 0.007994200
 0.005056921
 0.001494683
 0.000475603
 0.001494683
 0.000246339
 0.007985409
-0.000428557
 0.007867581
-0.000428557
 0.007867581
-0.000428557
 0.007876381
-0.000428557
 0.007876381
-0.000428557
 0.007994200
-0.000428557
 0.007994200
-0.000428557
 0.007985409
-0.000428557
 0.004703732
 0.008082072
 0.004703732
 0.004611131
 0.005611677
 0.002025959
 0.000694929
 0.002025959
 0.000915900
 0.000694929
 0.000915900
 0.004611131
 0.008082072
 0.005611677
 0.002025959
 0.000694929
 0.006309129
 0.004611131
 0.002025959
 0.000694929
 0.006309129
 0.005174097
 0.005239405
 0.005174097
 0.005239405
 0.001696124
 0.001272769
 0.001689585
 0.001696124
 0.001689585
 0.004703732
 0.005174097
 0.008082072
 0.008204881
 0.001689585
 0.004703732
 0.001696124
 0.001272769
 0.001696124
 0.005174097
 0.002745678
 0.001633714
 0.008204881
 0.005239405
 0.005611677
 0.002745678
 0.006465445
 0.001399374
 0.001633714
 0.001399374
 0.006465445
 0.001399374
 0.002745678
 0.001633714
 0.005239405
 0.002745678
 0.001633714
 0.008082072
 0.008204881
 0.005611677
 0.003516750
 0.006242308
 0.003527908
 0.001199377
-0.000140538
 0.000100562
-0.000140538
 0.000100562
 0.003527908
 0.001199377
 0.006242308
 0.003527908
 0.003637275
 0.001199377
-0.000140538
 0.004690785
-0.000140538
 0.003637275
-0.000019229
 0.000388671
-0.000019229
 0.000397941
 0.003516750
 0.000388671
 0.000397941
 0.002872228
 0.003516750
 0.006242308
-0.000019229
 0.000388671
-0.000019229
 0.000388671
 0.002872228
 0.002694563
 0.006079379
 0.002872228
 0.002694563
 0.006242308
 0.006079379
 0.003637275
 0.002694563
 0.006079379
 0.003637275
 0.000334634
 0.004503970
 0.000334634
-0.000757339
-0.000982441
 0.004503970
-0.000757339
-0.000982441
 0.002694563
 0.000334634
-0.000757339
 0.003884831
-0.000159948
 0.000066948
-0.000159948
 0.000066948
 0.001144101
 0.000066948
 0.001144101
-0.000159948
 0.005238129
-0.000159948
 0.005238129
 0.001144101
 0.003884831
 0.006184696
 0.001144101
 0.003016496
 0.006184696
 0.002858147
 0.003016496
 0.002858147
 0.000466100
 0.005325039
 0.000231788
 0.000466100
 0.000231788
 0.001534412
 0.005325039
 0.000231788
 0.001534412
 0.003884831
 0.003188374
 0.000466100
 0.001534412
 0.003188374
 0.003884831
 0.006184696
 0.006218269
 0.006218269
 0.003188374
 0.002942760
 0.003188374
 0.002942760
 0.006184696
 0.006218269
 0.002858147
 0.002942760
-0.000314580
 0.002858147
-0.000315088
-0.000314580
-0.000730974
-0.000315088
-0.000730974
-0.000315088
 0.002942760
-0.000314580
-0.000730974
-0.000413554
-0.000180220
 0.000908014
-0.000413554
-0.000180220
 0.000908014
-0.000413554
 0.000908014
 0.004715669
-0.000413554
 0.000908014
 0.003707100
 0.006175028
 0.003029420
 0.003707100
 0.003029420
 0.002968813
 0.006175028
 0.003029420
 0.002968813
 0.003707100
 0.006175028
 0.004662077
-0.000426489
-0.000655252
 0.004662077
 0.000675530
 0.003707100
 0.003072065
 0.006183368
-0.000426489
-0.000655252
 0.000675530
-0.000426489
 0.000675530
 0.003072065
-0.000426489
 0.000675530
 0.002968813
 0.006175028
 0.006183368
 0.003064722
 0.002968813
-0.000110919
-0.000113224
-0.000528930
-0.000113224
-0.000110919
-0.000528930
-0.000113224
 0.003064722
-0.000110919
-0.000528930
-0.000110919
-0.000528930
 0.003072065
 0.006183368
 0.003064722
 0.003072065
 0.003064722
 0.004927900
 0.005027809
 0.004927900
 0.005027809
 0.001434443
 0.001011331
 0.001434443
 0.004927900
 0.001434443
 0.001011331
 0.001425173
 0.001434443
 0.001425173
 0.004927900
 0.004283351
 0.007699890
 0.007862811
 0.001425173
 0.004283351
 0.002638745
 0.001531681
 0.005027809
 0.002638745
 0.001531681
 0.002638745
 0.001531681
 0.005027809
 0.007862811
 0.005281128
 0.002638745
 0.001294945
 0.006273750
 0.001531681
 0.001294945
 0.006273750
 0.007699890
 0.007862811
 0.005281128
 0.004283351
 0.007699890
 0.004283351
 0.004194472
 0.005281128
 0.007699890
 0.004194472
 0.005281128
 0.001774014
 0.006086960
 0.000453028
 0.004194472
 0.001774014
 0.006086960
 0.000453028
 0.001774014
 0.000453028
 0.001774014
 0.000673781
 0.000453028
 0.000673781
-0.000188666
 0.000220025
-0.000188666
 0.000220025
 0.002770111
-0.000188666
 0.000220025
-0.000188666
 0.000226563
 0.003240504
 0.000220025
 0.000226563
 0.003240504
 0.002770111
 0.006055006
 0.002770111
 0.002621534
 0.002770111
 0.005932205
 0.002621534
 0.006055006
 0.005932205
 0.003489220
 0.002621534
 0.000296564
-0.000794512
 0.005932205
 0.002621534
 0.003489220
 0.000296564
 0.004417357
 0.000296564
-0.000794512
-0.001020673
 0.004417357
-0.001020673
-0.000794512
-0.001020673
 0.003240504
 0.003249661
 0.006055006
 0.003249661
 0.001016244
 0.003249661
 0.006055006
 0.003489220
 0.001016244
-0.000316226
 0.004573648
 0.001016244
-0.000316226
-0.000076692
-0.000316226
-0.000076692
 0.003489220
 0.000615582
 0.001688622
 0.003439627
 0.000615582
 0.000384668
 0.005595964
 0.000615582
 0.000384668
 0.001688622
 0.000384668
 0.005595964
 0.001688622
 0.004282659
 0.003439627
 0.004282659
 0.006626471
 0.006618138
 0.003439627
 0.003222596
 0.003439627
 0.006618138
 0.003222596
 0.003222596
-0.000032724
-0.000449534
 0.006626471
 0.006618138
 0.003222596
 0.003318532
-0.000032724
 0.003318532
-0.000030419
-0.000032724
-0.000449534
-0.000030419
-0.000449534
-0.000030419
 0.004282659
 0.005542347
 0.000142985
 0.005542347
 0.000142985
 0.001456126
 0.004282659
 0.006626471
 0.001456126
 0.003482263
 0.000142985
 0.000369313
 0.000142985
 0.000369313
 0.001456126
 0.000369313
 0.001456126
 0.006626471
 0.003482263
 0.003318532
 0.003482263
 0.003318532
 0.003812834
 0.006328279
-0.000424050
 0.000679116
 0.003118444
-0.000424050
 0.000679116
 0.004695070
-0.000424050
-0.000652417
 0.004695070
-0.000652417
 0.000679116
 0.003812834
 0.006294698
 0.003118444
-0.000424050
-0.000652417
 0.000679116
 0.003145928
 0.000050281
-0.000366766
 0.000050281
-0.000366766
 0.003230513
 0.006328279
 0.006294698
 0.003230513
 0.003145928
 0.000050281
 0.000050789
-0.000366766
 0.000050789
 0.000050281
-0.000366766
 0.000050789
 0.003118444
 0.003145928
 0.006294698
 0.003118444
 0.003145928
-0.000260692
 0.001069392
-0.000260692
 0.004781975
 0.001069392
 0.003812834
 0.003290190
 0.006328279
-0.000260692
-0.000024891
 0.001069392
-0.000260692
-0.000024891
 0.001069392
 0.003812834
 0.003290190
 0.003230513
 0.003290190
 0.006328279
 0.003230513
