0.00392107
0.0061146
0.00875696
0.00867424
0.00611461
0.00844362
0.00867425
0.00864879
0.194709
0.562154
0.451129
-2.70456e-13
0.164724
-0.0141074
0.103559
-0.015894
0.102965
-0.0293367
0.0414389
0.429747
0.259643
6.85378e-14
0.0703294
-0.0202147
0.0329994
-0.0166384
0.00742595
-0.0401415
-0.0293275
0.451129
-2.48132e-13
-0.015894
-0.0141076
-0.0293368
0.164724
0.102965
0.103559
0.0414389
0.264679
2.86711e-14
0.0712338
-0.0120556
0.00990307
0.0712337
0.0746967
0.00990307
-0.00297669
0.259643
4.71173e-14
-0.0166385
-0.0202145
-0.0401415
0.0703301
0.00742618
0.0329996
-0.0293275
-0.00318245
0.0273235
0.0887303
0.366867
0.164724
0.262071
0.103559
0.260972
0.107691
0.158738
0.0458638
0.457481
0.0374944
0.183958
0.0703295
0.130751
0.0329993
0.083608
0.0115505
0.0414945
-0.0254924
0.264664
0.0387041
0.181759
0.080684
0.0825089
0.0187527
0.126141
0.0486744
0.0397296
-0.0139256
0.241389
0.0189007
0.00300665
0.00564368
-0.00957524
0.0191892
-0.00861131
-0.0119948
-0.0226214
-0.101321
-0.0214142
0.0164978
0.00398364
-0.0143568
-0.0191933
-0.0194156
-0.00911805
-0.0577722
-0.0373278
0.0718619
0.418356
0.207034
-6.21505e-15
0.0376714
-0.0152012
0.00494711
-0.0146819
-0.00812355
-0.0344628
-0.0417675
0.439595
0.246758
0.0100265
0.0142252
0.000932357
-0.00926587
-0.00528114
-0.0174542
-0.009129
-0.0226433
0.207034
3.14749e-14
-0.0146819
-0.0152011
-0.0344629
0.0376714
-0.00812358
0.0049475
-0.0417676
-0.104466
0.246758
0.0100265
-0.00528128
0.000932304
-0.00912906
0.0142259
-0.017454
-0.0092659
-0.0226434
-0.0220413
0.0126879
-0.0213206
0.0133202
-0.00543696
-0.0213206
-0.0650926
-0.005437
-0.030795
-0.00365697
0.0159627
0.120828
0.0376714
0.0696331
0.00488678
0.0593441
-0.00457788
0.0109357
-0.0389031
0.210724
0.144165
0.0617225
0.0141043
0.0213821
-0.0094473
0.0224905
-0.0152709
0.0103659
-0.0221393
0.249502
-0.249709
-0.117727
0.0141827
0.00659214
-0.0117742
-0.0179301
-0.0276427
-0.00758009
-0.056481
-0.0370345
-0.110805
-1.22479e-12
-0.016833
0.0264531
-0.00424753
-0.0369991
-0.0628488
-0.000566962
-0.0304637
-0.0301061
0.0216629
0.00650987
0.015699
-0.00476961
-0.016833
-0.00853153
-0.00477444
-0.0214297
0.0273235
0.0887303
0.366867
0.260972
0.262071
0.158738
0.164724
0.107691
0.103559
0.0458637
0.0387041
0.18176
0.126141
0.082509
0.0397296
0.0806841
0.0486744
0.0187527
-0.0139256
0.0374945
0.183957
0.083608
0.130751
0.0414944
0.0703301
0.0115506
0.0329996
-0.0254924
-0.101321
0.457481
0.241389
0.0189007
0.0191891
0.00564367
-0.0119948
0.0030067
-0.00861127
-0.00957537
-0.0226215
0.264664
-0.0214142
0.0164977
-0.0194157
-0.0143567
-0.0577718
0.00398365
-0.0091179
-0.0191934
-0.0373278
-0.000962123
0.0210078
0.113806
0.0646458
0.0566817
0.00898215
0.0646458
0.0204634
0.00898215
-0.0267159
0.146563
0.0587696
0.0189177
0.0210141
0.0108559
0.0242624
-0.0071691
-0.00682786
-0.0211454
-0.254091
-0.10981
-8.58329e-14
0.0298977
-0.0366986
0.00454576
-0.0141548
-0.00760798
-0.0526433
-0.0358476
0.146563
0.0587696
0.0242624
0.0210141
-0.00682786
0.0189177
-0.00716909
0.0108559
-0.0211454
0.225858
-0.10981
1.98724e-13
-0.0141548
-0.0366985
-0.0526434
0.0298977
-0.00760798
0.00454575
-0.0358476
-0.0344413
-0.00365696
0.0159627
0.120828
0.059344
0.0696331
0.0109357
0.0376714
-0.0045779
0.004887
-0.0389031
-0.249708
0.144165
0.0617225
0.0224905
0.0213821
0.0103659
0.0141049
-0.0152707
-0.00944734
-0.0221394
-0.110805
1.14957e-12
-0.0369988
0.0264532
-0.000566968
-0.0168331
-0.0628489
-0.00424755
-0.0304637
0.210724
-0.117727
0.0141827
-0.0276427
-0.0117741
-0.0564807
0.00659216
-0.00758006
-0.0179302
-0.0370345
0.249502
-0.0301061
0.0216629
-0.0168331
0.015699
-0.00477445
0.00650996
-0.00853136
-0.00476969
-0.0214297
-0.0626534
-0.634068
-0.251556
5.3095e-14
0.039157
-0.0366985
0.00386916
-0.0226465
-0.00612956
-0.0524354
-0.0358286
-0.257494
8.76201e-14
-0.0369988
0.0321444
-0.00109386
-0.0369988
-0.0613017
-0.00109386
-0.0302119
-0.111486
-1.85428e-11
0.0285445
0.0253994
0.0084338
-0.0137387
-0.00757003
-0.00374394
-0.0211364
-0.251556
1.04127e-14
-0.0226465
-0.0366985
-0.0524352
0.039157
-0.00612956
0.00386915
-0.0358286
-0.127346
-0.111486
1.81225e-11
-0.0137387
0.0253994
-0.00374394
0.0285445
-0.00757005
0.0084338
-0.0211364
-0.0356984
0.17981
0
0.0634262
0
0.055324
0
-0.00106502
0
0.170176
0.0547548
0
0
0.0547548
0.00330446
0
0
0.167632
0
0
0
0.0538386
0
0
0
0.17981
0.055324
0.0634263
-0.00106502
0
0
0
0
0.168758
0
0.0570846
0
0
0
0
0
0.167632
0.0538386
0
0
0
0
0
0
0.165351
0
0
0
0
0
0
0
0.574859
0
0.43979
0
0.42345
0
0.231428
0
0
0
0
0
0
0
0
0
0.425737
0
0.444599
0
0.180511
0
0.233971
0
0
0
0
0
0
0
0
0
0.419587
0
0.127936
0
0.432189
0
0.239389
0
0
0
0
0
0
0
0
0
0.0526412
0
0.130694
0
0.187296
0
0.238189
0
0
0
0
0
0
0
0
0
0.581851
0.42536
0
0
0.42536
0.214273
0
0
0.416744
0.427157
0
0
0.131848
0.21939
0
0
0
0
0
0
0
0
0
0
0
0
0
0
0
0
0
0
0.416744
0.131848
0
0
0.427157
0.21939
0
0
0.0632758
0.134441
0
0
0.134441
0.222276
0
0
0
0
0
0
0
0
0
0
0
0
0
0
0
0
0
0
0.584478
0
0
0
0.429086
0
0
0
0
0
0
0
0
0
0
0
0
0
0
0
0
0
0
0
0
0
0
0
0
0
0
0
0.435443
0
0
0
0.429671
0
0
0
0
0
0
0
0
0
0
0
0
0
0
0
0
0
0
0
0
0
0
0
0
0
0
0
0.574859
0.42345
0.43979
0.231429
0
0
0
0
0.419587
0.432189
0.127936
0.239389
0
0
0
0
0.425737
0.180511
0.444599
0.233972
0
0
0
0
0.0526412
0.187296
0.130694
0.238189
0
0
0
0
0
0
0
0
0
0
0
0
0
0
0
0
0
0
0
0
0
0
0
0
0
0
0
0
0
0
0
0
0
0
0
0
0.583583
0
0.446746
0
0
0
0
0
0
0
0
0
0
0
0
0
0.430926
0
0.448347
0
0
0
0
0
0
0
0
0
0
0
0
0
0
0
0
0
0
0
0
0
0
0
0
0
0
0
0
0
0
0
0
0
0
0
0
0
0
0
0
0
0
0
0
0
0.584478
0.429086
0
0
0
0
0
0
0.435443
0.429671
0
0
0
0
0
0
0
0
0
0
0
0
0
0
0
0
0
0
0
0
0
0
0
0
0
0
0
0
0
0
0
0
0
0
0
0
0
0
0
0
0
0
0
0
0
0
0
0
0
0
0
0
0
0
0.586785
0
0
0
0
0
0
0
0
0
0
0
0
0
0
0
0
0
0
0
0
0
0
0
0
0
0
0
0
0
0
0
0
0
0
0
0
0
0
0
0
0
0
0
0
0
0
0
0
0
0
0
0
0
0
0
0
0
0
0
0
0
0
0
0
0
0
0
0
0
0
0
0
0
0
0
0
0
0
0
5.04166e-14
-0.0276645
-0.0296969
-0.0654421
-0.0276645
-0.0682646
-0.0654419
0
-7.3811e-13
0
-0.0141073
0
-0.00644368
0
-0.0204871
0
1.59578e-12
0
-0.0202144
0
-0.00838968
0
-0.0324712
0
-2.4446e-14
-0.0194156
-0.0366985
-0.0577722
-0.0369991
-0.0641401
0
0
0
0
0
0
0
0
0
0
0
0
0
0
0
0
0
0
1.62829e-13
-0.034734
-0.023353
-0.0622704
-0.034734
0
-0.0622701
0
8.12353e-13
0
-0.0153224
0
-0.00759055
0
-0.0287339
0
0.00978453
0
0.000569493
0
-0.000914821
0
-0.00812099
0
7.36117e-13
-0.0276427
-0.0366985
-0.0564809
0
0
0
0
-4.22945e-15
-0.0369988
-0.0366985
0
-0.0194157
-0.0641401
-0.0577719
0
-7.71768e-13
-0.00644365
-0.0141074
-0.0204872
0
0
0
0
1.73268e-12
-0.00838958
-0.0202144
-0.0324713
0
0
0
0
-5.04031e-13
-0.0369988
0
0
-0.0369988
-0.0615097
0
0
0.0290468
0.00589106
0.0159775
-0.00662329
0.00589106
0
-0.00662327
0
0.0270194
0.00700346
-0.00409968
-0.0162329
0.00700352
0
-0.0162329
0
6.92629e-13
0
-0.0366985
0
-0.0276427
0
-0.0564805
0
5.53389e-13
-0.00759054
-0.0153222
-0.0287339
0
0
0
0
0.0097846
-0.00091476
0.000569347
-0.00812106
0
0
0
0
0
0
0
0
0
0
0
0
0.0241751
0.00949317
-0.00368356
-0.0155184
0.00949317
0
-0.0155184
0
0.0278517
0.00843259
0.01776
-0.00418308
0.00843254
0
-0.00418308
0
0
0
0
0
0
0
0
0
0
0
0
0
0
0
0
0
0
0
0
0
0
0
0
0
0
0
0
0
0
0
0
0
0.0189007
0
0.00771634
0
-0.00638475
0
-0.00266423
0
0
0
0
0
0
0
0
0
0.0247466
0
0.00634138
0
0.0289925
0
0.00932873
0
0
0
0
0
0
0
0
0
0
0
0
0
0
0
0
0
0
0
0
0
0
0
0
0
0
0
0
0
0
0
0
0
0
0
0
0
0
0
0
0
0
0
0
0
0
0
0
0
0
0
0
0
0
0
0
0
0
0
0
0
0
0
0
0
0
0
0
0
0
0
0
0
0
0
0
0
0
0
0
0
0
0
0
0
0
0
0
0
0
0
0
0
0
0
0
0
0
0
0
0
0
0
0
0
0.0283654
0
0.0062853
0
0.031667
0
0.00862381
0
0
0
0
0
0
0
0
0
0.0246339
0
0.00727222
0
0.027583
0
-0.00750105
0
0
0
0
0
0
0
0
0
0
0
0
0
0
0
0
0
0
0
0
0
0
0
0
0
0
0
0
0
0
0
0
0
0
0
0
0
0
0
0
0
0
0
0
0
0
0
0
0
0
0
0
0
0
0
0
0
0
0
0
0
0
0
0
0
0
0
0
0
0
0
0
0
0.00574902
0
0.0278014
0
-0.00857339
0
-0.00487919
0
0
0
0
0
0
0
0
0
0.0765369
0
0.0568532
0
0.0267521
0
0.00716084
0
0
0
0
0
0
0
0
0
0.0145234
0
0.00328642
0
0
0
0
0
0
0
0
0
0
0
0
0
0.0202646
0
0.00200537
0
0
0
0
0
0
0
0
0
0
0
0
0
0
0
0
0
0
0
0
0
0
0
0
0
0
0
0
0
0
0
0
0
0
0
0
0
0
0
0
0
0
0
0
0
0
0
0
0
0
0
0
0
0
0
0
0
0
0
0
0
0
0
0
0
0
0
0
0
0
0
0
0
0
0
0
0
0.0804535
0
0.0555
0
0.0295718
0
0.00699073
0
0
0
0
0
0
0
0
0
0.0738305
0
0.0185718
0
0.0264118
0
-0.00794502
0
0
0
0
0
0
0
0
0
0.0241751
0
0.00301837
0
0
0
0
0
0
0
0
0
0
0
0
0
0.0222904
0
0.00638438
0
0
0
0
0
0
0
0
0
0
0
0
0
0
0
0
0
0
0
0
0
0
0
0
0
0
0
0
0
0
0
0
0
0
0
0
0
0
0
0
0
0
0
0
0
0
0
0
0
0
0
0
0
0
0
0
0
0
0
0
0
0
0
0
0
0
0
0
0
0
0
0
0
0
0
0
0
0
0
0
0
0
0
0
0
0.0200529
-0.0048207
0
0
0.0131642
-0.000318973
0
0
0
0
0
0
0
0
0
0
0
0
0
0
0
0
0
0
0.020053
0.0131643
0
0
-0.00482059
-0.000318951
0
0
0.0380636
0.0342097
0
0
0.0342097
0.0158881
0
0
0
0
0
0
0
0
0
0
0
0
0
0
0
0
0
0
0.00772486
-0.00506263
0
0
0.0253448
-0.00149428
0
0
0.0195691
0
0
0
0.0108136
0
0
0
0
0
0
0
0
0
0
0
0
0
0
0
0
0
0
0
0.0696475
0.0321011
0
0
0.0455476
0.0143069
0
0
0.0338462
0.0100917
0
0
0.0310471
-0.0068143
0
0
0
0
0
0
0
0
0
0
0
0
0
0
0
0
0
0
0
0
0
0
0
0
0
0
0
0
0
0
0
0
0
0
0
0
0
0
0
0
0
0
0
0
0
0
0
0
0
0
0
0
0
0
0
0
0
0
0
0
0
0
0
0
0
0
0
0
0
0
0
0
0
0
0
0
0
0
0
0
0
0
0
0
0
0
0
0
0
0
0
0
0
0
0
0
0
0
0
0
0
0
0
0
0
0
0
0
0
0
0
0
0
0
0
0
0
0
0
0
0
0
0
0
0
0
0
0
0
0
0
0
0
0
0
0
0
0
0
0
0
0
0
0
0
0
0.007725
0.0253448
0
0
-0.00506249
-0.00149423
0
0
0.0696478
0.0455476
0
0
0.032101
0.0143069
0
0
0
0
0
0
0
0
0
0
0
0
0
0
0
0
0
0
0.0195692
0.0108137
0
0
0
0
0
0
0.0338463
0.0310473
0
0
0.0100918
-0.00681424
0
0
0
0
0
0
0
0
0
0
0
0
0
0
0
0
0
0
0.0647312
0.0444938
0
0
0.0444938
0.0132633
0
0
0.0675403
0.0154267
0
0
0.0300141
-0.00718895
0
0
0
0
0
0
0
0
0
0
0
0
0
0
0
0
0
0
0.0675403
0.0300141
0
0
0.0154267
-0.00718894
0
0
0.0317796
0.00934238
0
0
0.00934238
0
0
0
0
0
0
0
0
0
0
0
0
0
0
0
0
0
0
0
0
0
0
0
0
0
0
0
0
0
0
0
0
0
0
0
0
0
0
0
0
0
0
0
0
0
0
0
0
0
0
0
0
0
0
0
0
0
0
0
0
0
0
0
0
0
0
0
0
0
0
0
0
0
0
0
0
0
0
0
0
0
0
0
0
0
0
0
0
0
0
0
0
0
0
0
0
0
0
0
0
0
0
0
0
0
0
0
0
0
0
0
0
0
0
0
0
0
0
0
0
0
0
0
0
0
0
0
0
0
0
0
0
0
0
0
0
0
0
0
0
0
0
0
0
0
0
0
0
0
0
0
0
0
0
0
0
0
0
0
0
0
0
0
0
0
0
0
0
0
0
0
0
0
0
0
0
0
0
0
0.0181252
0
0
0
-0.0146488
0
0
0
0
0
0
0
0
0
0
0
0
0
0
0
0
0
0
0
0
0
0
0
0
0
0
0
0
0
0
0
0
0
0
0
0
0
0
0
0
0
0
0
0
0
0
0
0
0
0
0
0
0
0
0
0
0
0
0
0
0
0
0
0
0
0
0
0
0
0
0
0
0
0
0
0
0
0
0
0
0
0
0
0
0
0
0
0
0
0
0
0
0
0
0
0
0
0
0
0
0
0
0
0
0
0
0
0
0
0
0
0
0
0
0
0
0
0
0
0
0
0
0
0
0
0
0
0
0
0
0
0
0
0
0
0
0
0
0
0
0
0
0
0
0
0
0
0
0
0
0
0
0
0
0
0
0
0
0
0
0
0
0
0
0
0
0
0
0
0
0
0
0
0
0
0
0
0
0
0
0
0
0
0
0
0
0
0
0
0
0
0
0
0
0
0
0
0
0
0
0
0
0
0
0
0
0
0
0
0
0
0
0
0
0
0
0
0
0
-0.0100036
0
0
0
-0.0143648
0
0
0
0
0
0
0
0
0
0
0
0
0
0
0
0
0
0
0
0
0
0
0
0
0
0
0
0.0186932
0
0
0
0
0
0
0
0
0
0
0
0
0
0
0
0
0
0
0
0
0
0
0
0
0
0
0
0
0
0
0
0
0
0
0
0
0
0
0
0
0
0
0
0
0
0
0
0
0
0
0
0
0
0
0
0
0
0
0
0
0
0
0
0
0
0
0
0
0
0
0
0
0
0
0
0
0
0
0
0
0
0
0
0
0
0
0
0
0
0
0
0
0
0
0
0
0
0
0
0
0
0
0
0
0
0
0
0
0
0
0
0
0
0
0
0
0
0
0
0
0
0
0
0
0
0
0
0
0
0
0
0
0
0
0
0
0
0
0
0
0
0
0
0
0
0
0
0
0
0
0
0
0
0
0
0
0
0
0
0
0
0
0
0
0
0
0
0
0
0
0
0
0
0
0
0
0
0
0
0
0
0
0
0
0
0
0
0
0
0
0
0
0
0
0
0
0
0
0
0
0
0
0
0
0
0
0
0
0
0
0
0
0
0
0
0
0
0
0
0
0
0
0
0
0
0
0
0
0
0
0
0.0189007
-0.00638471
0.00771611
-0.00266436
0
0
0
0
0
0
0
0
0
0
0
0
0.0247466
0.028993
0.00634156
0.00932892
0
0
0
0
0
0
0
0
0
0
0
0
0
0
0
0
0
0
0
0
0
0
0
0
0
0
0
0
0
0
0
0
0
0
0
0
0.00574905
-0.00857338
0.0278013
-0.00487919
0
0
0
0
0.0145234
0
0.00328651
0
0
0
0
0
0.0765368
0.026752
0.0568532
0.00716084
0
0
0
0
0.0202645
0
0.00200542
0
0
0
0
0
0
0
0
0
0
0
0
0
0
0
0
0
0
0
0
0
0
0
0
0
0
0
0
0
0
0
0
0
0
0
0
0
0
0
0
0
0
0
0
0
0.0283654
0.031667
0.00628527
0.00862417
0
0
0
0
0
0
0
0
0
0
0
0
0.0246339
0.0275835
0.00727214
-0.00750113
0
0
0
0
0
0
0
0
0
0
0
0
0
0
0
0
0
0
0
0
0
0
0
0
0
0
0
0
0
0
0
0
0
0
0
0
0.0804535
0.0295719
0.0555
0.0069907
0
0
0
0
0.0241751
0
0.00301833
0
0
0
0
0
0.0738304
0.0264118
0.0185718
-0.00794502
0
0
0
0
0.0222905
0
0.00638431
0
0
0
0
0
0
0
0
0
0
0
0
0
0
0
0
0
0
0
0
0
0
0
0
0
0
0
0
0
0
0
0
0
0
0
0
0
0
0
0
0
0
0
0
0
0
0
0
0
0
0
0
0
0
0
0
0
0
0
0
0
0
0
0
0
0
0
0
0
0
0
0
0
0
0
0
0
0
0
0
0
0
0
0
0
0
0
0
0
0
0
0
0
0
0
0
0
0
0
0
0
0
0
0
0
0
0
0
0
0
0
0
0
0
0
0
0
0
0
0
0
0
0
0
0
0
0
0
0
0
0
0
0
0
0
0
0
0
0
0
0
0
0
0
0
0
0
0
0
0
0
0
0
0
0
0
0
0
0
0
0
0
0
0
0
0
0
0
0
0
0
0
0
0
0
0
0
0
0
0
0
0
0
0
0
0
0
0
0
0
0
0
0
0
0
0
0
0
0
0
0
0
0
0
0
0
0
0
0
0
0
0
0
0
0
0
0
0
0
0
0
0
0
0
0
0
0
0
0
0
0
0
0
0
0
0
0
0
0
0
0
0
0
0
0
0
0
0
0
0
0
0
0
0
0
0
0
0
0
0
0
0
0
0
0
0
0
0
0
0
0
0
0
0
0
0
0
0
0
0
0
0
0
0
0
0
0
0
0
0
0
0
0
0
0
0
0
0
0
0
0
0
0
0
0
0
0
0
0
0
0
0
0
0
0
0
0
0
0
0
0
0
0
0
0
0
0
0
0
0
0
0
0
0
0
0
0
0
0
0
0
0
0
0
0
0
0
0
0
0
0
0
0
0
0
0
0
0
0
0
0
0
0
0
0
0
0
0
0
0
0
0
0
0
0
0
0
0
0
0
0
0
0
0
0
0
0
0
0
0
0
0
0
0
0
0
0
0
0
0
0
0
0
0
0
0
0
0
0
0
0
0
0
0
0
0
0
0
0
0
0
0
0
0
0
0
0
0
0
0
0
0
0
0
0
0
0
0
0
0
0
0
0
0
0
0
0
0
0
0
0
0
0
0
0
0
0
0
0
0
0
0
0
0
0
0
0
0
0
0
0
0
0
0
0
0
0
0
0
0
0
0
0
0
0
0
0
0
0
0
0
0
0
0
0
0
0
0
0
0
0
0
0
0
0
0
0
0
0
0
0
0
0
0
0
0
0
0
0
0
0
0
0
0
0
0
0
0
0
0
0
0
0
0
0
0
0
0
0
0
0
0
0
0
0
0
0
0
0
0
0
0
0
0
0
0
0
0
0
0
0
0
0
0
0
0
0
0
0
0
0
0
0
0
0
0
0
0
0
0
0
0
0
0
0
0
0
0
0
0
0
0
0
0
0
0
0
0
0
0
0
0
0
0
0
0
0
0
0
0
0
0
0
0
0
0
0
0
0
0
0
0
0
0
0
0
0
0
0
0
0
0
0
0
0
0
0
0
0
0
0
0
0
0
0
0
0
0
0
0
0
0
0
0
0
0
0
0
0
0
0
0
0
0
0
0
0
0
0
0
0
0
0
0
0
0
0
0
0
0
0
0
0
0
0
0
0
0
0
0
0
0
0
0
0
0
0
0
0
0
0
0
0
0
0
0
0
0
0
0
0
0
0
0
0
0
0
0
0
0
0
0
0
0
0
0
0
0
0
0
0
0
0
0
0
0
0
0
0
0
0
0
0
0
0
0
0
0
0
0
0
0
0
0
0
0
0
0
0
0
0
0
0
0
0
0
0
0
0
0
0
0
0
0
0
0
0
0
0
0
0
0
0
0
0
0
0
0
0
0
0
0
0
0
0
0
0
0
0
0
0
0
0
0
0
0
0
0
0
0
0
0
0
0.0181253
-0.0146487
0
0
0
0
0
0
0
0
0
0
0
0
0
0
0
0
0
0
0
0
0
0
0
0
0
0
0
0
0
0
0
0
0
0
0
0
0
0
0
0
0
0
0
0
0
0
0
0
0
0
0
0
0
0
-0.0100036
-0.0143648
0
0
0
0
0
0
0.0186932
0
0
0
0
0
0
0
0
0
0
0
0
0
0
0
0
0
0
0
0
0
0
0
0
0
0
0
0
0
0
0
0
0
0
0
0
0
0
0
0
0
0
0
0
0
0
0
0
0
0
0
0
0
0
0
0
0
0
0
0
0
0
0
0
0
0
0
0
0
0
0
0
0
0
0
0
0
0
0
0
0
0
0
0
0
0
0
0
0
0
0
0
0
0
0
0
0
0
0
0
0
0
0
0
0
0
0
0
0
0
0
0
0
0
0
0
0
0
0
0
0
0
0
0
0
0
0
0
0
0
0
0
0
0
0
0
0
0
0
0
0
0
0
0
0
0
0
0
0
0
0
0
0
0
0
0
0
0
0
0
0
0
0
0
0
0
0
0
0
0
0
0
0
0
0
0
0
0
0
0
0
0
0
0
0
0
0
0
0
0
0
0
0
0
0
0
0
0
0
0
0
0
0
0
0
0
0
0
0
0
0
0
0
0
0
0
0
0
0
0
0
0
0
0
0
0
0
0
0
0
0
0
0
0
0
0
0
0
0
0
0
0
0
0
0
0
0
0
0
0
0
0
0
0
0
0
0
0
0
0
0
0
0
0
0
0
0
0
0
0
0
0
0
0
0
0
0
0
0
0
0
0
0
0
0
0
0
0
0
0
0
0
0
0
0
0
0
0
0
0
0
0
0
0
0
0
0
0
0
0
0
0
0
0
0
0
0
0
0
0
0
0
0
0
0
0
0
0
0
0
0
0
0
0
0
0
0
0
0
0
0
0
0
0
0
0
0
0
0
0
0
0
0
0
0
0
0
0
0
0
0
0
0
0
0
0
0
0
0
0
0
0
0
0
0
0
0
0
0
0
0
0
0
0
0
0
0
0
0
0
0
0
0
0
0
0
0
0
0
0
0
0
0
0
0
0
0
0
0
0
0
0
0
0
0
0
0
0
0
0
0
0
0
0
0
0
0
0
0
0
0
0
0
0
0
0
0
0
0
0
0
0
0
0
0
0
0
0
0
0
0
0
0
0
0
0
0
0
0
0
0
0
0
0
0
0
0
0
0
0
0
0
0
0
0
0
0
0
0
0
0
0
0
0
0
0
0
0
0
0
0
0
0
0
0
0
0
0
0
0
0
0
0
0
0
0
0
0
0
0
0
0
0
0
0
0
0
0
0
0
0
0
0
0
0
0
0
0
0
0
0
0
0
0
0
0
0
0
0
0
0
0
0
0
0
0
0
0
0
0
0
0
0
0
0
0
0
0
0
0
0
0
0
0
0
0
0
0
0
0
0
0
0
0
0
0
0
0
0
0
0
0
0
0
0
0
0
0
0
0
0
0
0
0
0
0
0
0
0
0
0
0
0
0
0
0
0
0
0
0
0
0
0
0
0
0
0
0
0
0
0
0
0
0
0
0
0
0
0
0
0
0
0
0
0
0
0
0
0
0
0
0
0
0
0
0
0
0
0
0
0
0
0
0
0
0
0
0
0
0
0
0
0
0
0
0
0
0
0
0
0
0
0
0
0
0
0
0
0
0
0
0
0
0
0
0
0
0
0
0
0
0
0
0
0
0
0
0
0
0
0
0
0
0
0
0
0
0
0
0
0
0
0
0
0
0
0
0
0
0
0
0
0
0
0
0
0
0
0
0
0
0
0
0
0
0
0
0
0
0
0
0
0
0
0
0
0
0
0
0
0
0
0
0
0
0
0
0
0
0
0
0
0
0
0
0
0
0
0
0
0
0
0
0
0
0
0
0
0
0
0
0
0
0
0
0
0
0
0
0
0
0
0
0
0
0
0
0
0
0
0
0
0
0
0
0
0
0
0
0
0
0
0
0
0
0
0
0
0
0
0
0
0
0
0
0
0
0
0
0
0
0
0
0
0
0
0
0
0
0
0
0
0
0
0
0
0
0
0
0
0
0
0
0
0
0
0
0
0
0
0
0
0
0
0
0
0
0
0
0
0
0
0
0
0
0
0
0
0
0
0
0
0
0
0
0
0
0
0
0
0
0
0
0
0
0
0
0
0
0
0
0
0
0
0
0
0
0
0
0
0
0
0
0
0
0
0
0
0
0
0
0
0
0
0
0
0
0
0
0
0
0
0
0
0
0
0
0
0
0
0
0
0
0
0
0
0
0
0
0
0
