0.760784
0.566614
0.568162
0.337738
0.566614
0.331803
0.337739
0.0340532
0.566614
0.508567
0.438069
0.373732
0.433315
0.372205
0.288216
0.216323
0.508567
0.487939
0.373732
0.350242
0.372205
0.350242
0.216323
0.190954
0.438069
0.373732
0.337738
0.266834
0.288216
0.216323
0.169257
0.087955
0.373732
0.350242
0.266834
0.239228
0.216323
0.190954
0.087955
0.0587703
0.433315
0.372205
0.288216
0.216323
0.331803
0.265869
0.170873
0.0894978
0.372205
0.350242
0.216323
0.190954
0.265869
0.239227
0.0894978
0.0587702
0.288216
0.216323
0.169257
0.087955
0.170873
0.0894978
0.0340532
-0.0631107
0.216323
0.190954
0.087955
0.0587703
0.0894978
0.0587702
-0.0631107
-0.104945
0.568162
0.337738
0.496557
0.247739
0.337739
0.0340532
0.247739
-0.0971195
0.337738
0.266834
0.272524
0.197979
0.169257
0.087955
0.0904614
-0.00230408
0.266834
0.239228
0.197979
0.167972
0.087955
0.0587703
-0.00230408
-0.0350616
0.272524
0.197979
0.247739
0.171127
0.0904614
-0.00230408
0.060628
-0.0346058
0.197979
0.167972
0.171127
0.14
-0.00230408
-0.0350616
-0.0346058
-0.0689303
0.169257
0.087955
0.0904614
-0.00230408
0.0340532
-0.0631107
-0.0612301
-0.176375
0.087955
0.0587703
-0.00230408
-0.0350616
-0.0631107
-0.104945
-0.176375
-0.227032
0.0904614
-0.00230408
0.060628
-0.0346058
-0.0612301
-0.176375
-0.0971195
-0.221154
-0.00230408
-0.0350616
-0.0346058
-0.0689303
-0.176375
-0.227032
-0.221154
-0.275721
0.566614
0.433315
0.438069
0.288216
0.508567
0.372205
0.373732
0.216323
0.433315
0.331803
0.288216
0.170873
0.372205
0.265869
0.216323
0.0894978
0.438069
0.288216
0.337739
0.169257
0.373732
0.216323
0.266834
0.0879553
0.288216
0.170873
0.169257
0.0340532
0.216323
0.0894978
0.0879553
-0.0631107
0.508567
0.372205
0.373732
0.216323
0.487939
0.350242
0.350242
0.190954
0.372205
0.265869
0.216323
0.0894978
0.350242
0.239228
0.190954
0.0587703
0.373732
0.216323
0.266834
0.0879553
0.350242
0.190954
0.239228
0.0587703
0.216323
0.0894978
0.0879553
-0.0631107
0.190954
0.0587703
0.0587703
-0.104945
0.331803
0.265869
0.170873
0.0894978
0.265869
0.19293
0.0894978
-0.00072913
0.265869
0.239227
0.0894978
0.0587702
0.19293
0.167972
-0.00072913
-0.0353701
0.170873
0.0894978
0.0340532
-0.0631107
0.0894978
-0.00072913
-0.0631107
-0.182003
0.0894978
0.0587702
-0.0631107
-0.104945
-0.00072913
-0.0353701
-0.182003
-0.22903
0.265869
0.19293
0.0894978
-0.00072913
0.239228
0.167972
0.0587703
-0.03537
0.19293
0.167972
-0.00072913
-0.0353701
0.167972
0.14
-0.03537
-0.0697788
0.0894978
-0.00072913
-0.0631107
-0.182003
0.0587703
-0.03537
-0.104945
-0.229029
-0.00072913
-0.0353701
-0.182003
-0.22903
-0.03537
-0.0697788
-0.229029
-0.279115
0.337739
0.169257
0.272525
0.0904614
0.266834
0.0879553
0.19798
-0.00230403
0.169257
0.0340532
0.0904614
-0.0612301
0.0879553
-0.0631107
-0.00230403
-0.176375
0.272525
0.0904614
0.247739
0.060628
0.19798
-0.00230403
0.171127
-0.0346057
0.0904614
-0.0612301
0.060628
-0.0971195
-0.00230403
-0.176375
-0.0346057
-0.221154
0.266834
0.0879553
0.19798
-0.00230403
0.239228
0.0587703
0.167972
-0.0350615
0.0879553
-0.0631107
-0.00230403
-0.176375
0.0587703
-0.104945
-0.0350615
-0.227032
0.19798
-0.00230403
0.171127
-0.0346057
0.167972
-0.0350615
0.14
-0.0689302
-0.00230403
-0.176375
-0.0346057
-0.221154
-0.0350615
-0.227032
-0.0689302
-0.275721
0.0340532
-0.104945
-0.0971195
-0.275721
-0.104945
-0.279115
-0.275721
-0.689302
0.487939
0.508567
0.350242
0.373732
0.350242
0.372205
0.190954
0.216323
0.508567
0.566614
0.373732
0.438069
0.372205
0.433315
0.216323
0.288216
0.350242
0.373732
0.239228
0.266834
0.190954
0.216323
0.0587703
0.087955
0.373732
0.438069
0.266834
0.337738
0.216323
0.288216
0.087955
0.169257
0.350242
0.372205
0.190954
0.216323
0.239227
0.265869
0.0587702
0.0894978
0.372205
0.433315
0.216323
0.288216
0.265869
0.331803
0.0894978
0.170873
0.190954
0.216323
0.0587703
0.087955
0.0587702
0.0894978
-0.104945
-0.0631107
0.216323
0.288216
0.087955
0.169257
0.0894978
0.170873
-0.0631107
0.0340531
0.566614
0.760784
0.337738
0.568162
0.331803
0.566614
0.0340531
0.337738
0.239228
0.266834
0.167972
0.197979
0.0587703
0.087955
-0.0350616
-0.00230406
0.266834
0.337738
0.197979
0.272524
0.087955
0.169257
-0.00230406
0.0904614
0.167972
0.197979
0.14
0.171127
-0.0350616
-0.00230406
-0.0689303
-0.0346058
0.197979
0.272524
0.171127
0.247739
-0.00230406
0.0904614
-0.0346058
0.060628
0.0587703
0.087955
-0.0350616
-0.00230406
-0.104945
-0.0631107
-0.227032
-0.176376
0.087955
0.169257
-0.00230406
0.0904614
-0.0631107
0.0340531
-0.176376
-0.0612302
-0.0350616
-0.00230406
-0.0689303
-0.0346058
-0.227032
-0.176376
-0.275721
-0.221154
-0.00230406
0.0904614
-0.0346058
0.060628
-0.176376
-0.0612302
-0.221154
-0.0971195
0.337738
0.568162
0.247739
0.496557
0.0340531
0.337738
-0.0971195
0.247739
0.239227
0.265869
0.0587702
0.0894978
0.167972
0.19293
-0.0353701
-0.00072913
0.265869
0.331803
0.0894978
0.170873
0.19293
0.265869
-0.00072913
0.0894978
0.0587702
0.0894978
-0.104945
-0.0631107
-0.0353701
-0.00072913
-0.22903
-0.182003
0.0894978
0.170873
-0.0631107
0.0340531
-0.00072913
0.0894978
-0.182003
-0.0631107
0.167972
0.19293
-0.0353701
-0.00072913
0.14
0.167972
-0.0697788
-0.03537
0.19293
0.265869
-0.00072913
0.0894978
0.167972
0.239228
-0.03537
0.0587703
-0.0353701
-0.00072913
-0.22903
-0.182003
-0.0697788
-0.03537
-0.279115
-0.229029
-0.00072913
0.0894978
-0.182003
-0.0631107
-0.03537
0.0587703
-0.229029
-0.104945
0.331803
0.433315
0.170873
0.288216
0.265869
0.372205
0.0894978
0.216323
0.433315
0.566614
0.288216
0.438069
0.372205
0.508567
0.216323
0.373732
0.170873
0.288216
0.0340531
0.169257
0.0894978
0.216323
-0.0631107
0.087955
0.288216
0.438069
0.169257
0.337738
0.216323
0.373732
0.087955
0.266834
0.265869
0.372205
0.0894978
0.216323
0.239228
0.350242
0.0587703
0.190954
0.372205
0.508567
0.216323
0.373732
0.350242
0.487939
0.190954
0.350242
0.0894978
0.216323
-0.0631107
0.087955
0.0587703
0.190954
-0.104945
0.0587703
0.216323
0.373732
0.087955
0.266834
0.190954
0.350242
0.0587703
0.239228
-0.104945
0.0340531
-0.275721
-0.0971195
-0.279115
-0.104945
-0.689302
-0.275721
0.0340531
0.169257
-0.0612302
0.0904614
-0.0631107
0.087955
-0.176376
-0.00230408
0.169257
0.337738
0.0904614
0.272524
0.087955
0.266834
-0.00230408
0.197979
-0.0612302
0.0904614
-0.0971195
0.060628
-0.176376
-0.00230408
-0.221154
-0.0346058
0.0904614
0.272524
0.060628
0.247739
-0.00230408
0.197979
-0.0346058
0.171127
-0.0631107
0.087955
-0.176376
-0.00230408
-0.104945
0.0587703
-0.227032
-0.0350616
0.087955
0.266834
-0.00230408
0.197979
0.0587703
0.239228
-0.0350616
0.167972
-0.176376
-0.00230408
-0.221154
-0.0346058
-0.227032
-0.0350616
-0.275721
-0.0689302
-0.00230408
0.197979
-0.0346058
0.171127
-0.0350616
0.167972
-0.0689302
0.14
0.496557
0.247739
0.568162
0.337738
0.247739
-0.0971195
0.337739
0.0340532
0.247739
0.171127
0.272524
0.197979
0.060628
-0.0346058
0.0904614
-0.00230406
0.171127
0.14
0.197979
0.167972
-0.0346058
-0.0689303
-0.00230406
-0.0350616
0.272524
0.197979
0.337738
0.266834
0.0904614
-0.00230406
0.169257
0.087955
0.197979
0.167972
0.266834
0.239228
-0.00230406
-0.0350616
0.087955
0.0587703
0.060628
-0.0346058
0.0904614
-0.00230406
-0.0971195
-0.221154
-0.0612301
-0.176376
-0.0346058
-0.0689303
-0.00230406
-0.0350616
-0.221154
-0.275721
-0.176376
-0.227032
0.0904614
-0.00230406
0.169257
0.087955
-0.0612301
-0.176376
0.0340532
-0.0631107
-0.00230406
-0.0350616
0.087955
0.0587703
-0.176376
-0.227032
-0.0631107
-0.104945
0.568162
0.337738
0.760784
0.566614
0.337739
0.0340532
0.566614
0.331803
0.337738
0.266834
0.438069
0.373732
0.169257
0.087955
0.288216
0.216323
0.266834
0.239228
0.373732
0.350242
0.087955
0.0587703
0.216323
0.190954
0.438069
0.373732
0.566614
0.508567
0.288216
0.216323
0.433315
0.372205
0.373732
0.350242
0.508567
0.487939
0.216323
0.190954
0.372205
0.350242
0.169257
0.087955
0.288216
0.216323
0.0340532
-0.0631107
0.170873
0.0894978
0.087955
0.0587703
0.216323
0.190954
-0.0631107
-0.104945
0.0894978
0.0587702
0.288216
0.216323
0.433315
0.372205
0.170873
0.0894978
0.331803
0.265869
0.216323
0.190954
0.372205
0.350242
0.0894978
0.0587702
0.265869
0.239227
0.247739
0.060628
0.272525
0.0904615
0.171127
-0.0346057
0.19798
-0.00230403
0.060628
-0.0971195
0.0904615
-0.0612301
-0.0346057
-0.221154
-0.00230403
-0.176375
0.272525
0.0904615
0.337739
0.169257
0.19798
-0.00230403
0.266834
0.0879553
0.0904615
-0.0612301
0.169257
0.0340532
-0.00230403
-0.176375
0.0879553
-0.0631107
0.171127
-0.0346057
0.19798
-0.00230403
0.14
-0.0689302
0.167972
-0.0350615
-0.0346057
-0.221154
-0.00230403
-0.176375
-0.0689302
-0.275721
-0.0350615
-0.227032
0.19798
-0.00230403
0.266834
0.0879553
0.167972
-0.0350615
0.239228
0.0587703
-0.00230403
-0.176375
0.0879553
-0.0631107
-0.0350615
-0.227032
0.0587703
-0.104945
-0.0971195
-0.275721
0.0340532
-0.104945
-0.275721
-0.689302
-0.104945
-0.279115
0.337739
0.169257
0.438069
0.288216
0.266834
0.0879553
0.373732
0.216323
0.169257
0.0340532
0.288216
0.170873
0.0879553
-0.0631107
0.216323
0.0894978
0.438069
0.288216
0.566614
0.433315
0.373732
0.216323
0.508567
0.372205
0.288216
0.170873
0.433315
0.331803
0.216323
0.0894978
0.372205
0.265869
0.266834
0.0879553
0.373732
0.216323
0.239228
0.0587703
0.350242
0.190954
0.0879553
-0.0631107
0.216323
0.0894978
0.0587703
-0.104945
0.190954
0.0587703
0.373732
0.216323
0.508567
0.372205
0.350242
0.190954
0.487939
0.350242
0.216323
0.0894978
0.372205
0.265869
0.190954
0.0587703
0.350242
0.239228
0.0340532
-0.0631107
0.170873
0.0894978
-0.0631107
-0.182003
0.0894978
-0.00072913
-0.0631107
-0.104945
0.0894978
0.0587702
-0.182003
-0.22903
-0.00072913
-0.0353701
0.170873
0.0894978
0.331803
0.265869
0.0894978
-0.00072913
0.265869
0.19293
0.0894978
0.0587702
0.265869
0.239227
-0.00072913
-0.0353701
0.19293
0.167972
-0.0631107
-0.182003
0.0894978
-0.00072913
-0.104945
-0.229029
0.0587703
-0.03537
-0.182003
-0.22903
-0.00072913
-0.0353701
-0.229029
-0.279115
-0.03537
-0.0697788
0.0894978
-0.00072913
0.265869
0.19293
0.0587703
-0.03537
0.239228
0.167972
-0.00072913
-0.0353701
0.19293
0.167972
-0.03537
-0.0697788
0.167972
0.14
0.14
0.171127
0.167972
0.197979
-0.0689303
-0.0346058
-0.0350616
-0.00230408
0.171127
0.247739
0.197979
0.272524
-0.0346058
0.060628
-0.00230408
0.0904614
0.167972
0.197979
0.239228
0.266834
-0.0350616
-0.00230408
0.0587703
0.087955
0.197979
0.272524
0.266834
0.337738
-0.00230408
0.0904614
0.087955
0.169257
-0.0689303
-0.0346058
-0.0350616
-0.00230408
-0.275721
-0.221154
-0.227032
-0.176376
-0.0346058
0.060628
-0.00230408
0.0904614
-0.221154
-0.0971195
-0.176376
-0.0612302
-0.0350616
-0.00230408
0.0587703
0.087955
-0.227032
-0.176376
-0.104945
-0.0631107
-0.00230408
0.0904614
0.087955
0.169257
-0.176376
-0.0612302
-0.0631107
0.0340531
0.247739
0.496557
0.337738
0.568162
-0.0971195
0.247739
0.0340531
0.337738
0.239228
0.266834
0.350242
0.373732
0.0587703
0.087955
0.190954
0.216323
0.266834
0.337738
0.373732
0.438069
0.087955
0.169257
0.216323
0.288216
0.350242
0.373732
0.487939
0.508567
0.190954
0.216323
0.350242
0.372205
0.373732
0.438069
0.508567
0.566614
0.216323
0.288216
0.372205
0.433315
0.0587703
0.087955
0.190954
0.216323
-0.104945
-0.0631107
0.0587702
0.0894978
0.087955
0.169257
0.216323
0.288216
-0.0631107
0.0340531
0.0894978
0.170873
0.190954
0.216323
0.350242
0.372205
0.0587702
0.0894978
0.239227
0.265869
0.216323
0.288216
0.372205
0.433315
0.0894978
0.170873
0.265869
0.331803
0.337738
0.568162
0.566614
0.760784
0.0340531
0.337738
0.331803
0.566614
-0.275721
-0.0971195
-0.104945
0.0340531
-0.689302
-0.275721
-0.279115
-0.104945
-0.0971195
0.060628
-0.0612302
0.0904614
-0.221154
-0.0346058
-0.176376
-0.00230406
0.060628
0.247739
0.0904614
0.272524
-0.0346058
0.171127
-0.00230406
0.197979
-0.0612302
0.0904614
0.0340531
0.169257
-0.176376
-0.00230406
-0.0631107
0.087955
0.0904614
0.272524
0.169257
0.337738
-0.00230406
0.197979
0.087955
0.266834
-0.221154
-0.0346058
-0.176376
-0.00230406
-0.275721
-0.0689302
-0.227032
-0.0350615
-0.0346058
0.171127
-0.00230406
0.197979
-0.0689302
0.14
-0.0350615
0.167972
-0.176376
-0.00230406
-0.0631107
0.087955
-0.227032
-0.0350615
-0.104945
0.0587703
-0.00230406
0.197979
0.087955
0.266834
-0.0350615
0.167972
0.0587703
0.239228
-0.104945
-0.0631107
0.0587702
0.0894978
-0.22903
-0.182003
-0.0353701
-0.00072913
-0.0631107
0.0340531
0.0894978
0.170873
-0.182003
-0.0631107
-0.00072913
0.0894978
0.0587702
0.0894978
0.239227
0.265869
-0.0353701
-0.00072913
0.167972
0.19293
0.0894978
0.170873
0.265869
0.331803
-0.00072913
0.0894978
0.19293
0.265869
-0.22903
-0.182003
-0.0353701
-0.00072913
-0.279115
-0.229029
-0.0697788
-0.03537
-0.182003
-0.0631107
-0.00072913
0.0894978
-0.229029
-0.104945
-0.03537
0.0587703
-0.0353701
-0.00072913
0.167972
0.19293
-0.0697788
-0.03537
0.14
0.167972
-0.00072913
0.0894978
0.19293
0.265869
-0.03537
0.0587703
0.167972
0.239228
0.0340531
0.169257
0.170873
0.288216
-0.0631107
0.087955
0.0894978
0.216323
0.169257
0.337738
0.288216
0.438069
0.087955
0.266834
0.216323
0.373732
0.170873
0.288216
0.331803
0.433315
0.0894978
0.216323
0.265869
0.372205
0.288216
0.438069
0.433315
0.566614
0.216323
0.373732
0.372205
0.508567
-0.0631107
0.087955
0.0894978
0.216323
-0.104945
0.0587703
0.0587703
0.190954
0.087955
0.266834
0.216323
0.373732
0.0587703
0.239228
0.190954
0.350242
0.0894978
0.216323
0.265869
0.372205
0.0587703
0.190954
0.239228
0.350242
0.216323
0.373732
0.372205
0.508567
0.190954
0.350242
0.350242
0.487939
0.487939
0.350242
0.350242
0.190954
0.508567
0.372205
0.373732
0.216323
0.350242
0.239228
0.190954
0.0587703
0.372205
0.265869
0.216323
0.0894978
0.350242
0.190954
0.239228
0.0587703
0.373732
0.216323
0.266834
0.0879553
0.190954
0.0587703
0.0587703
-0.104945
0.216323
0.0894978
0.0879553
-0.0631107
0.508567
0.372205
0.373732
0.216323
0.566614
0.433315
0.438069
0.288216
0.372205
0.265869
0.216323
0.0894978
0.433315
0.331803
0.288216
0.170873
0.373732
0.216323
0.266834
0.0879553
0.438069
0.288216
0.337739
0.169257
0.216323
0.0894978
0.0879553
-0.0631107
0.288216
0.170873
0.169257
0.0340532
0.239228
0.167972
0.0587703
-0.03537
0.265869
0.19293
0.0894978
-0.00072913
0.167972
0.14
-0.03537
-0.0697788
0.19293
0.167972
-0.00072913
-0.03537
0.0587703
-0.03537
-0.104945
-0.229029
0.0894978
-0.00072913
-0.0631107
-0.182003
-0.03537
-0.0697788
-0.229029
-0.279115
-0.00072913
-0.03537
-0.182003
-0.229029
0.265869
0.19293
0.0894978
-0.00072913
0.331803
0.265869
0.170873
0.0894978
0.19293
0.167972
-0.00072913
-0.03537
0.265869
0.239228
0.0894978
0.0587703
0.0894978
-0.00072913
-0.0631107
-0.182003
0.170873
0.0894978
0.0340532
-0.0631107
-0.00072913
-0.03537
-0.182003
-0.229029
0.0894978
0.0587703
-0.0631107
-0.104945
0.239228
0.0587703
0.167972
-0.0350615
0.266834
0.0879553
0.19798
-0.00230403
0.0587703
-0.104945
-0.0350615
-0.227032
0.0879553
-0.0631107
-0.00230403
-0.176375
0.167972
-0.0350615
0.14
-0.0689302
0.19798
-0.00230403
0.171127
-0.0346057
-0.0350615
-0.227032
-0.0689302
-0.275721
-0.00230403
-0.176375
-0.0346057
-0.221154
0.266834
0.0879553
0.19798
-0.00230403
0.337739
0.169257
0.272525
0.0904615
0.0879553
-0.0631107
-0.00230403
-0.176375
0.169257
0.0340532
0.0904615
-0.0612301
0.19798
-0.00230403
0.171127
-0.0346057
0.272525
0.0904615
0.247739
0.060628
-0.00230403
-0.176375
-0.0346057
-0.221154
0.0904615
-0.0612301
0.060628
-0.0971195
-0.104945
-0.279115
-0.275721
-0.689302
0.0340532
-0.104945
-0.0971195
-0.275721
0.566614
0.331803
0.337739
0.0340532
0.760784
0.566614
0.568162
0.337739
0.331803
0.265869
0.170873
0.0894978
0.433315
0.372205
0.288216
0.216323
0.265869
0.239228
0.0894978
0.0587703
0.372205
0.350242
0.216323
0.190954
0.170873
0.0894978
0.0340532
-0.0631107
0.288216
0.216323
0.169257
0.0879553
0.0894978
0.0587703
-0.0631107
-0.104945
0.216323
0.190954
0.0879553
0.0587703
0.433315
0.372205
0.288216
0.216323
0.566614
0.508567
0.438069
0.373732
0.372205
0.350242
0.216323
0.190954
0.508567
0.487939
0.373732
0.350242
0.288216
0.216323
0.169257
0.0879553
0.438069
0.373732
0.337739
0.266834
0.216323
0.190954
0.0879553
0.0587703
0.373732
0.350242
0.266834
0.239228
0.337739
0.0340532
0.247739
-0.0971195
0.568162
0.337739
0.496557
0.247739
0.0340532
-0.0631107
-0.0612301
-0.176375
0.169257
0.0879553
0.0904614
-0.00230403
-0.0631107
-0.104945
-0.176375
-0.227032
0.0879553
0.0587703
-0.00230403
-0.0350615
-0.0612301
-0.176375
-0.0971195
-0.221154
0.0904614
-0.00230403
0.060628
-0.0346057
-0.176375
-0.227032
-0.221154
-0.275721
-0.00230403
-0.0350615
-0.0346057
-0.0689302
0.169257
0.0879553
0.0904614
-0.00230403
0.337739
0.266834
0.272525
0.19798
0.0879553
0.0587703
-0.00230403
-0.0350615
0.266834
0.239228
0.19798
0.167972
0.0904614
-0.00230403
0.060628
-0.0346057
0.272525
0.19798
0.247739
0.171127
-0.00230403
-0.0350615
-0.0346057
-0.0689302
0.19798
0.167972
0.171127
0.14
0.14
0.167972
-0.0697788
-0.03537
0.167972
0.19293
-0.03537
-0.00072913
0.167972
0.239228
-0.03537
0.0587703
0.19293
0.26587
-0.00072913
0.0894978
-0.0697788
-0.03537
-0.279115
-0.229029
-0.03537
-0.00072913
-0.229029
-0.182003
-0.03537
0.0587703
-0.229029
-0.104945
-0.00072913
0.0894978
-0.182003
-0.0631107
0.167972
0.19293
-0.03537
-0.00072913
0.239228
0.26587
0.0587703
0.0894978
0.19293
0.26587
-0.00072913
0.0894978
0.26587
0.331803
0.0894978
0.170873
-0.03537
-0.00072913
-0.229029
-0.182003
0.0587703
0.0894978
-0.104945
-0.0631107
-0.00072913
0.0894978
-0.182003
-0.0631107
0.0894978
0.170873
-0.0631107
0.0340532
0.239228
0.350242
0.0587703
0.190954
0.26587
0.372205
0.0894978
0.216323
0.350242
0.487939
0.190954
0.350242
0.372205
0.508567
0.216323
0.373732
0.0587703
0.190954
-0.104945
0.0587703
0.0894978
0.216323
-0.0631107
0.0879553
0.190954
0.350242
0.0587703
0.239228
0.216323
0.373732
0.0879553
0.266834
0.26587
0.372205
0.0894978
0.216323
0.331803
0.433315
0.170873
0.288216
0.372205
0.508567
0.216323
0.373732
0.433315
0.566614
0.288216
0.438069
0.0894978
0.216323
-0.0631107
0.0879553
0.170873
0.288216
0.0340532
0.169257
0.216323
0.373732
0.0879553
0.266834
0.288216
0.438069
0.169257
0.337739
-0.279115
-0.104945
-0.689302
-0.275721
-0.104945
0.0340532
-0.275721
-0.0971195
-0.104945
0.0587703
-0.227032
-0.0350616
-0.0631107
0.0879553
-0.176375
-0.00230403
0.0587703
0.239228
-0.0350616
0.167972
0.0879553
0.266834
-0.00230403
0.19798
-0.227032
-0.0350616
-0.275721
-0.0689302
-0.176375
-0.00230403
-0.221154
-0.0346057
-0.0350616
0.167972
-0.0689302
0.14
-0.00230403
0.19798
-0.0346057
0.171127
-0.0631107
0.0879553
-0.176375
-0.00230403
0.0340532
0.169257
-0.0612301
0.0904614
0.0879553
0.266834
-0.00230403
0.19798
0.169257
0.337739
0.0904614
0.272525
-0.176375
-0.00230403
-0.221154
-0.0346057
-0.0612301
0.0904614
-0.0971195
0.060628
-0.00230403
0.19798
-0.0346057
0.171127
0.0904614
0.272525
0.060628
0.247739
0.239228
0.26587
0.0587703
0.0894978
0.350242
0.372205
0.190954
0.216323
0.26587
0.331803
0.0894978
0.170873
0.372205
0.433315
0.216323
0.288216
0.0587703
0.0894978
-0.104945
-0.0631107
0.190954
0.216323
0.0587703
0.0879553
0.0894978
0.170873
-0.0631107
0.0340532
0.216323
0.288216
0.0879553
0.169257
0.350242
0.372205
0.190954
0.216323
0.487939
0.508567
0.350242
0.373732
0.372205
0.433315
0.216323
0.288216
0.508567
0.566614
0.373732
0.438069
0.190954
0.216323
0.0587703
0.0879553
0.350242
0.373732
0.239228
0.266834
0.216323
0.288216
0.0879553
0.169257
0.373732
0.438069
0.266834
0.337739
0.331803
0.566614
0.0340532
0.337739
0.566614
0.760784
0.337739
0.568162
-0.104945
-0.0631107
-0.227032
-0.176375
0.0587703
0.0879553
-0.0350615
-0.00230403
-0.0631107
0.0340532
-0.176375
-0.0612301
0.0879553
0.169257
-0.00230403
0.0904615
-0.227032
-0.176375
-0.275721
-0.221154
-0.0350615
-0.00230403
-0.0689302
-0.0346057
-0.176375
-0.0612301
-0.221154
-0.0971195
-0.00230403
0.0904615
-0.0346057
0.060628
0.0587703
0.0879553
-0.0350615
-0.00230403
0.239228
0.266834
0.167972
0.19798
0.0879553
0.169257
-0.00230403
0.0904615
0.266834
0.337739
0.19798
0.272525
-0.0350615
-0.00230403
-0.0689302
-0.0346057
0.167972
0.19798
0.14
0.171127
-0.00230403
0.0904615
-0.0346057
0.060628
0.19798
0.272525
0.171127
0.247739
0.0340532
0.337739
-0.0971195
0.247739
0.337739
0.568162
0.247739
0.496557
0.14
-0.0689302
0.167972
-0.0350615
0.171127
-0.0346057
0.19798
-0.00230403
-0.0689302
-0.275721
-0.0350615
-0.227032
-0.0346057
-0.221154
-0.00230403
-0.176375
0.167972
-0.0350615
0.239228
0.0587703
0.19798
-0.00230403
0.266834
0.0879553
-0.0350615
-0.227032
0.0587703
-0.104945
-0.00230403
-0.176375
0.0879553
-0.0631107
0.171127
-0.0346057
0.19798
-0.00230403
0.247739
0.060628
0.272525
0.0904614
-0.0346057
-0.221154
-0.00230403
-0.176375
0.060628
-0.0971195
0.0904614
-0.0612301
0.19798
-0.00230403
0.266834
0.0879553
0.272525
0.0904614
0.337739
0.169257
-0.00230403
-0.176375
0.0879553
-0.0631107
0.0904614
-0.0612301
0.169257
0.0340532
-0.275721
-0.689302
-0.104945
-0.279115
-0.0971195
-0.275721
0.0340532
-0.104945
0.239228
0.0587703
0.350242
0.190954
0.266834
0.0879553
0.373732
0.216323
0.0587703
-0.104945
0.190954
0.0587703
0.0879553
-0.0631107
0.216323
0.0894978
0.350242
0.190954
0.487939
0.350242
0.373732
0.216323
0.508567
0.372205
0.190954
0.0587703
0.350242
0.239228
0.216323
0.0894978
0.372205
0.265869
0.266834
0.0879553
0.373732
0.216323
0.337739
0.169257
0.438069
0.288216
0.0879553
-0.0631107
0.216323
0.0894978
0.169257
0.0340532
0.288216
0.170873
0.373732
0.216323
0.508567
0.372205
0.438069
0.288216
0.566614
0.433315
0.216323
0.0894978
0.372205
0.265869
0.288216
0.170873
0.433315
0.331803
-0.104945
-0.229029
0.0587703
-0.03537
-0.0631107
-0.182003
0.0894978
-0.00072913
-0.229029
-0.279115
-0.03537
-0.0697788
-0.182003
-0.229029
-0.00072913
-0.03537
0.0587703
-0.03537
0.239228
0.167972
0.0894978
-0.00072913
0.265869
0.19293
-0.03537
-0.0697788
0.167972
0.14
-0.00072913
-0.03537
0.19293
0.167972
-0.0631107
-0.182003
0.0894978
-0.00072913
0.0340532
-0.0631107
0.170873
0.0894978
-0.182003
-0.229029
-0.00072913
-0.03537
-0.0631107
-0.104945
0.0894978
0.0587703
0.0894978
-0.00072913
0.265869
0.19293
0.170873
0.0894978
0.331803
0.265869
-0.00072913
-0.03537
0.19293
0.167972
0.0894978
0.0587703
0.265869
0.239228
0.247739
-0.0971195
0.337739
0.0340532
0.496557
0.247739
0.568162
0.337739
-0.0971195
-0.221154
-0.0612301
-0.176375
0.060628
-0.0346057
0.0904615
-0.00230403
-0.221154
-0.275721
-0.176375
-0.227032
-0.0346057
-0.0689302
-0.00230403
-0.0350615
-0.0612301
-0.176375
0.0340532
-0.0631107
0.0904615
-0.00230403
0.169257
0.0879553
-0.176375
-0.227032
-0.0631107
-0.104945
-0.00230403
-0.0350615
0.0879553
0.0587703
0.060628
-0.0346057
0.0904615
-0.00230403
0.247739
0.171127
0.272525
0.19798
-0.0346057
-0.0689302
-0.00230403
-0.0350615
0.171127
0.14
0.19798
0.167972
0.0904615
-0.00230403
0.169257
0.0879553
0.272525
0.19798
0.337739
0.266834
-0.00230403
-0.0350615
0.0879553
0.0587703
0.19798
0.167972
0.266834
0.239228
0.337739
0.0340532
0.566614
0.331803
0.568162
0.337739
0.760784
0.566614
0.0340532
-0.0631107
0.170873
0.0894978
0.169257
0.0879553
0.288216
0.216323
-0.0631107
-0.104945
0.0894978
0.0587703
0.0879553
0.0587703
0.216323
0.190954
0.170873
0.0894978
0.331803
0.265869
0.288216
0.216323
0.433315
0.372205
0.0894978
0.0587703
0.265869
0.239228
0.216323
0.190954
0.372205
0.350242
0.169257
0.0879553
0.288216
0.216323
0.337739
0.266834
0.438069
0.373732
0.0879553
0.0587703
0.216323
0.190954
0.266834
0.239228
0.373732
0.350242
0.288216
0.216323
0.433315
0.372205
0.438069
0.373732
0.566614
0.508567
0.216323
0.190954
0.372205
0.350242
0.373732
0.350242
0.508567
0.487939
-0.689302
-0.275721
-0.279115
-0.104945
-0.275721
-0.0971195
-0.104945
0.0340532
-0.275721
-0.0689302
-0.227032
-0.0350615
-0.221154
-0.0346057
-0.176375
-0.00230403
-0.0689302
0.14
-0.0350615
0.167972
-0.0346057
0.171127
-0.00230403
0.19798
-0.227032
-0.0350615
-0.104945
0.0587703
-0.176375
-0.00230403
-0.0631107
0.0879553
-0.0350615
0.167972
0.0587703
0.239228
-0.00230403
0.19798
0.0879553
0.266834
-0.221154
-0.0346057
-0.176375
-0.00230403
-0.0971195
0.060628
-0.0612301
0.0904615
-0.0346057
0.171127
-0.00230403
0.19798
0.060628
0.247739
0.0904615
0.272525
-0.176375
-0.00230403
-0.0631107
0.0879553
-0.0612301
0.0904615
0.0340532
0.169257
-0.00230403
0.19798
0.0879553
0.266834
0.0904615
0.272525
0.169257
0.337739
-0.279115
-0.229029
-0.0697788
-0.03537
-0.229029
-0.182003
-0.03537
-0.00072913
-0.229029
-0.104945
-0.03537
0.0587703
-0.182003
-0.0631107
-0.00072913
0.0894978
-0.0697788
-0.03537
0.14
0.167972
-0.03537
-0.00072913
0.167972
0.19293
-0.03537
0.0587703
0.167972
0.239228
-0.00072913
0.0894978
0.19293
0.26587
-0.229029
-0.182003
-0.03537
-0.00072913
-0.104945
-0.0631107
0.0587703
0.0894978
-0.182003
-0.0631107
-0.00072913
0.0894978
-0.0631107
0.0340532
0.0894978
0.170873
-0.03537
-0.00072913
0.167972
0.19293
0.0587703
0.0894978
0.239228
0.26587
-0.00072913
0.0894978
0.19293
0.26587
0.0894978
0.170873
0.26587
0.331803
-0.104945
0.0587703
0.0587703
0.190954
-0.0631107
0.0879553
0.0894978
0.216323
0.0587703
0.239228
0.190954
0.350242
0.0879553
0.266834
0.216323
0.373732
0.0587703
0.190954
0.239228
0.350242
0.0894978
0.216323
0.26587
0.372205
0.190954
0.350242
0.350242
0.487939
0.216323
0.373732
0.372205
0.508567
-0.0631107
0.0879553
0.0894978
0.216323
0.0340532
0.169257
0.170873
0.288216
0.0879553
0.266834
0.216323
0.373732
0.169257
0.337739
0.288216
0.438069
0.0894978
0.216323
0.26587
0.372205
0.170873
0.288216
0.331803
0.433315
0.216323
0.373732
0.372205
0.508567
0.288216
0.438069
0.433315
0.566614
-0.275721
-0.221154
-0.227032
-0.176375
-0.0689302
-0.0346057
-0.0350615
-0.00230403
-0.221154
-0.0971195
-0.176375
-0.0612301
-0.0346057
0.060628
-0.00230403
0.0904614
-0.227032
-0.176375
-0.104945
-0.0631107
-0.0350615
-0.00230403
0.0587703
0.0879553
-0.176375
-0.0612301
-0.0631107
0.0340532
-0.00230403
0.0904614
0.0879553
0.169257
-0.0689302
-0.0346057
-0.0350615
-0.00230403
0.14
0.171127
0.167972
0.19798
-0.0346057
0.060628
-0.00230403
0.0904614
0.171127
0.247739
0.19798
0.272525
-0.0350615
-0.00230403
0.0587703
0.0879553
0.167972
0.19798
0.239228
0.266834
-0.00230403
0.0904614
0.0879553
0.169257
0.19798
0.272525
0.266834
0.337739
-0.0971195
0.247739
0.0340532
0.337739
0.247739
0.496557
0.337739
0.568162
-0.104945
-0.0631107
0.0587703
0.0894978
0.0587703
0.0879553
0.190954
0.216323
-0.0631107
0.0340532
0.0894978
0.170873
0.0879553
0.169257
0.216323
0.288216
0.0587703
0.0894978
0.239228
0.26587
0.190954
0.216323
0.350242
0.372205
0.0894978
0.170873
0.26587
0.331803
0.216323
0.288216
0.372205
0.433315
0.0587703
0.0879553
0.190954
0.216323
0.239228
0.266834
0.350242
0.373732
0.0879553
0.169257
0.216323
0.288216
0.266834
0.337739
0.373732
0.438069
0.190954
0.216323
0.350242
0.372205
0.350242
0.373732
0.487939
0.508567
0.216323
0.288216
0.372205
0.433315
0.373732
0.438069
0.508567
0.566614
0.0340532
0.337739
0.331803
0.566614
0.337739
0.568162
0.566614
0.760784
