0.032672290
0.036948091
0.036948075
0.032672244
0.024479959
0.032672244
0.036948075
0.036948090
0.032672289
0.024480030
0.032672305
0.036948123
0.036948123
0.032672305
0.024480029
0.032672305
0.036948123
0.036948124
0.032672306
0.024480031
0.049241258
0.057527764
0.057527735
0.049241175
0.033226203
0.049241177
0.057527737
0.057527765
0.049241258
0.033226329
0.049241277
0.057527807
0.057527807
0.049241277
0.033226329
0.049241278
0.057527809
0.057527809
0.049241279
0.033226331
0.051974769
0.064013747
0.064013712
0.051974668
0.028443747
0.051974673
0.064013719
0.064013753
0.051974771
0.028443572
0.051974783
0.064013786
0.064013786
0.051974782
0.028443571
0.051974467
0.064013788
0.064013789
0.051974470
0.028443575
0.042542579
0.057975813
0.057975781
0.042542486
0.011937038
0.042542496
0.057975796
0.057975827
0.042542586
0.011937179
0.042542587
0.057975842
0.057975841
0.042542587
0.011937178
0.042542589
0.057975845
0.057975846
0.042542592
0.011937183
0.042051066
0.040522069
0.040522049
0.042051023
0.014890431
0.042051045
0.040522079
0.040522097
0.042051096
0.014890488
0.042051090
0.040522096
0.040522095
0.042051093
0.014890487
0.042051092
0.040522099
0.040522100
0.042051099
0.014890493
0.042588809
0.030819901
0.030819899
0.042588805
0.011982211
0.042588846
0.030819954
0.030819975
0.042588880
0.011982206
0.042588867
0.030819964
0.030819970
0.042588877
0.011982206
0.042588869
0.030819968
0.030819976
0.042588884
0.011982212
0.061737102
0.047642075
0.047642068
0.061737087
0.028868951
0.061737129
0.047641794
0.047641839
0.061736373
0.028868963
0.061736358
0.047641822
0.047641834
0.061736370
0.028868963
0.061736360
0.047641827
0.047641840
0.061736377
0.028868969
0.068281383
0.052086653
0.052086647
0.068281362
0.033909311
0.068281396
0.052086693
0.052086738
0.068281450
0.033909335
0.068281436
0.052086722
0.052086734
0.068281448
0.033909335
0.068281439
0.052086726
0.052086740
0.068281454
0.033909342
0.060868740
0.043151529
0.043151525
0.060868715
0.025367947
0.060868733
0.043151550
0.043151577
0.060867906
0.025367980
0.060867898
0.043151566
0.043151573
0.060867905
0.025367980
0.060867900
0.043151571
0.043151579
0.060867911
0.025367987
0.038146607
0.019882913
0.019882911
0.038146576
0.001426302
0.038146574
0.019882907
0.019882908
0.038146600
0.001426345
0.038146598
0.019882904
0.019882905
0.038146599
0.001426346
0.038146601
0.019882909
0.019882910
0.038146605
0.001426352
0.060868738
0.043151528
0.043151527
0.060868716
0.025367947
0.060868722
0.043151538
0.043151569
0.060867899
0.025367980
0.060867905
0.043151574
0.043151567
0.060867899
0.025367981
0.060867908
0.043151578
0.043151572
0.060867905
0.025367987
0.068281380
0.052086650
0.052086649
0.068281364
0.033909310
0.068281377
0.052086674
0.052086725
0.068281438
0.033909335
0.068281448
0.052086735
0.052086723
0.068281438
0.033909336
0.068281451
0.052086739
0.052086728
0.068281443
0.033909342
0.061737098
0.047642071
0.047642070
0.061737089
0.028868949
0.061737108
0.047641775
0.047641825
0.061736360
0.028868963
0.061736372
0.047641836
0.047641824
0.061736360
0.028868964
0.061736374
0.047641839
0.047641829
0.061736364
0.028868969
0.042588806
0.030819899
0.030819900
0.042588806
0.011982209
0.042588829
0.030819942
0.030819967
0.042588869
0.011982207
0.042588879
0.030819973
0.030819967
0.042588870
0.011982208
0.042588881
0.030819976
0.030819970
0.042588874
0.011982212
0.042051065
0.040522068
0.040522048
0.042051022
0.014890428
0.042051038
0.040522077
0.040522096
0.042051092
0.014890488
0.042051095
0.040522098
0.040522098
0.042051093
0.014890490
0.042051097
0.040522101
0.040522101
0.042051096
0.014890493
0.042542579
0.057975812
0.057975780
0.042542484
0.011937036
0.042542494
0.057975794
0.057975826
0.042542586
0.011937179
0.042542588
0.057975844
0.057975844
0.042542589
0.011937181
0.042542590
0.057975846
0.057975846
0.042542592
0.011937183
0.051974768
0.064013746
0.064013711
0.051974667
0.028443745
0.051974671
0.064013718
0.064013752
0.051974770
0.028443572
0.051974784
0.064013787
0.064013788
0.051974785
0.028443573
0.051974469
0.064013789
0.064013790
0.051974470
0.028443575
0.049241258
0.057527763
0.057527735
0.049241174
0.033226202
0.049241176
0.057527736
0.057527765
0.049241258
0.033226329
0.049241278
0.057527809
0.057527809
0.049241278
0.033226330
0.049241279
0.057527810
0.057527810
0.049241280
0.033226332
0.032672290
0.036948090
0.036948074
0.032672243
0.024479958
0.032672243
0.036948074
0.036948090
0.032672289
0.024480030
0.032672306
0.036948123
0.036948124
0.032672306
0.024480030
0.032672306
0.036948124
0.036948124
0.032672307
0.024480031
0.000294887
0.000294887
0.024480031
0.033226331
0.000294887
0.024479959
0.000294887
0.024479959
0.000294887
0.033226203
0.000294887
0.024480030
0.000294887
0.024480030
0.000294887
0.033226329
0.000294887
0.024480029
0.000294887
0.024480029
0.000294887
0.033226329
0.000294887
0.024480031
0.000294887
0.024480031
0.000294887
0.033226331
0.028443575
0.033226203
0.028443747
0.033226329
0.028443572
0.033226329
0.028443571
0.033226331
0.028443575
0.011937183
0.028443747
0.011937038
0.028443572
0.011937179
0.028443571
0.011937178
0.028443575
0.011937183
0.034673852
0.026144060
0.014890493
0.034511790
0.011937038
0.034673770
0.011937038
0.013031714
0.008967175
0.026143969
0.014890431
0.034673783
0.034511751
0.011937179
0.034673862
0.011937179
0.013031842
0.011937179
0.008967311
0.014890488
0.026144064
0.034673860
0.034511803
0.011937178
0.034673860
0.011937178
0.013031842
0.011937178
0.008967311
0.014890487
0.026144065
0.034673861
0.034511805
0.011937183
0.034673865
0.011937183
0.013031846
0.008967316
0.035093588
0.014890493
0.039289691
0.011626262
0.011982212
0.033096118
0.038013397
0.030540172
0.027791091
0.035093558
0.017968840
0.023106451
0.027791090
0.030540159
0.014890431
0.028599220
0.039289689
0.014890431
0.036451921
0.008967317
0.035093585
0.011626266
0.011982211
0.039289729
0.038013437
0.033096127
0.027791143
0.030540194
0.035093613
0.023106501
0.017968883
0.030540206
0.027791160
0.014890488
0.028599293
0.039289759
0.014890488
0.036451986
0.014890488
0.008967311
0.035093610
0.011626263
0.011982206
0.039289747
0.033096143
0.038013456
0.030540201
0.027791150
0.035093609
0.017968880
0.023106504
0.030540201
0.027791155
0.014890487
0.028599288
0.039289757
0.014890487
0.036451983
0.014890487
0.008967310
0.035093613
0.011982206
0.011626262
0.039289749
0.033096147
0.038013458
0.030540205
0.027791154
0.035093615
0.017968884
0.023106509
0.030540207
0.027791161
0.014890493
0.028599294
0.039289763
0.014890493
0.036451990
0.008967316
0.011982212
0.028868969
0.015080902
0.015080902
0.013875297
0.013690649
0.011982211
0.028868951
0.015080949
0.015080950
0.013875211
0.013690521
0.011982206
0.028868963
0.015080944
0.015080944
0.013690516
0.013875206
0.011982206
0.028868963
0.015080950
0.015080949
0.013875211
0.013690521
0.011982212
0.028868969
0.033909342
0.025430804
0.025430805
0.029569451
0.035838689
0.028868951
0.033909311
0.025430107
0.025430124
0.035838540
0.029569061
0.028868963
0.033909335
0.025430114
0.025430119
0.035838557
0.029569055
0.028868963
0.033909335
0.025430119
0.025430125
0.035838562
0.029569061
0.028868969
0.033909342
0.025367987
0.039720734
0.039720736
0.039146510
0.037285553
0.033909311
0.025367947
0.039720778
0.039720812
0.037285578
0.039146584
0.033909335
0.025367980
0.039720798
0.039720808
0.037285591
0.039146579
0.033909335
0.025367980
0.039720803
0.039720814
0.037285596
0.039146585
0.033909342
0.025367987
0.038146607
0.001426352
0.037097925
0.037097927
0.038146607
0.019882913
0.035277366
0.017199079
0.019882913
0.019882911
0.025367947
0.019882911
0.038146576
0.025367947
0.038146576
0.001426302
0.038146574
0.037097949
0.037097973
0.038146574
0.019882907
0.017199077
0.035277409
0.019882907
0.019882908
0.025367980
0.019882908
0.038146600
0.025367980
0.038146600
0.025367980
0.001426345
0.038146598
0.037097962
0.037097969
0.038146598
0.019882904
0.017199073
0.035277405
0.019882904
0.019882905
0.025367980
0.019882905
0.038146599
0.025367980
0.038146599
0.001426346
0.038146601
0.037097967
0.037097975
0.038146601
0.019882909
0.017199078
0.035277411
0.019882909
0.019882910
0.025367987
0.019882910
0.038146605
0.025367987
0.038146605
0.001426352
0.038146607
0.025367987
0.015995860
0.015995860
0.015995860
0.015995860
0.019882913
0.019882911
0.017199079
0.035277366
0.019882911
0.001426302
0.038146576
0.001426302
0.038146574
0.025367947
0.038146574
0.015995856
0.015995855
0.015995856
0.015995855
0.019882907
0.035277377
0.019882908
0.017199076
0.019882908
0.001426345
0.038146600
0.001426345
0.038146598
0.025367980
0.038146598
0.015995851
0.015995851
0.015995851
0.015995851
0.019882904
0.035277405
0.017199073
0.019882905
0.001426346
0.038146599
0.001426346
0.025367981
0.038146601
0.015995856
0.015995857
0.015995856
0.015995857
0.019882909
0.019882910
0.035277410
0.017199079
0.019882910
0.001426352
0.038146605
0.001426352
0.025367987
0.033909342
0.037097927
0.037097925
0.037285553
0.039146509
0.025367947
0.033909310
0.037097938
0.037097965
0.039146535
0.037285595
0.025367980
0.033909335
0.037097969
0.037097963
0.039146581
0.037285592
0.025367981
0.033909336
0.037097974
0.037097968
0.039146585
0.037285598
0.025367987
0.033909342
0.028868969
0.039720736
0.039720734
0.035838688
0.029569451
0.033909310
0.028868949
0.039720762
0.039720801
0.029569023
0.035838561
0.033909335
0.028868963
0.039720809
0.039720799
0.029569057
0.035838559
0.033909336
0.028868964
0.039720813
0.039720804
0.029569061
0.035838564
0.033909342
0.028868969
0.011982212
0.025430805
0.025430803
0.013690648
0.013875297
0.028868949
0.011982209
0.025430098
0.025430118
0.013690520
0.013875209
0.028868963
0.011982207
0.025430121
0.025430116
0.013875208
0.013690518
0.028868964
0.011982208
0.025430125
0.025430120
0.013690522
0.013875212
0.028868969
0.011982212
0.039289688
0.036451920
0.014890493
0.015080901
0.015080901
0.028599219
0.030540171
0.027791089
0.023106450
0.017968838
0.027791090
0.030540158
0.011982209
0.038013396
0.033096095
0.039289689
0.011982209
0.011626260
0.008967315
0.036451942
0.014890428
0.039289712
0.015080948
0.015080948
0.028599261
0.027791132
0.030540192
0.023106508
0.017968883
0.027791153
0.030540204
0.011982207
0.038013458
0.033096146
0.039289749
0.011982207
0.011626263
0.011982207
0.008967311
0.036451985
0.014890488
0.039289758
0.015080947
0.015080947
0.028599291
0.027791158
0.030540204
0.023106507
0.017968882
0.027791153
0.030540204
0.011982208
0.038013458
0.033096146
0.039289750
0.011982208
0.011626264
0.011982208
0.008967312
0.014890490
0.036451987
0.039289761
0.015080950
0.015080950
0.028599294
0.027791161
0.030540207
0.017968885
0.023106511
0.030540207
0.027791156
0.011982212
0.033096149
0.038013462
0.039289753
0.011982212
0.011626268
0.008967316
0.035093587
0.014890493
0.034673852
0.013031845
0.011937183
0.035093557
0.014890428
0.034511731
0.034673768
0.014890428
0.026143959
0.008967173
0.035093583
0.013031714
0.011937036
0.034673780
0.035093612
0.014890488
0.034511805
0.034673861
0.014890488
0.026144065
0.014890488
0.008967312
0.035093612
0.013031842
0.011937179
0.034673861
0.035093612
0.014890490
0.034511805
0.034673862
0.014890490
0.026144066
0.014890490
0.008967313
0.035093614
0.011937181
0.013031844
0.034673863
0.035093615
0.014890493
0.034511808
0.034673865
0.026144069
0.014890493
0.008967316
0.011937183
0.028443575
0.011937036
0.028443745
0.011937179
0.028443572
0.011937181
0.028443573
0.011937183
0.028443575
0.033226332
0.028443745
0.033226202
0.028443572
0.033226329
0.028443573
0.033226330
0.028443575
0.033226332
0.024480031
0.033226202
0.024479958
0.033226329
0.024480030
0.033226330
0.024480030
0.033226332
0.024480031
0.000294887
0.024479958
0.000294887
0.024479958
0.000294887
0.024480030
0.000294887
0.024480030
0.000294887
0.024480030
0.000294887
0.024480030
0.000294887
0.024480031
0.000294887
0.014469572
0.013513471
0.014469572
0.013513471
0.014469572
0.014469572
0.013513471
0.014469572
0.014469572
0.013513471
0.014469525
0.013513648
0.014469525
0.014469525
0.014469525
0.014469525
0.013513648
0.014469525
0.013513648
0.013513470
0.014469570
0.013513470
0.014469570
0.014469570
0.014469570
0.014469570
0.013513648
0.014469524
0.013513648
0.014469524
0.013513648
0.014469524
0.013513648
0.014469524
0.014469524
0.014469524
0.014469567
0.014469567
0.013513466
0.014469567
0.014469567
0.013513466
0.014469567
0.013513466
0.014469567
0.013513466
0.014469571
0.014469572
0.014469571
0.014469572
0.013513471
0.014469572
0.013513471
0.014469571
0.013513471
0.013513468
0.014469569
0.014469569
0.014469569
0.014469569
0.013513468
0.014469569
0.013513472
0.014469572
0.013513472
0.014469573
0.014469572
0.014469573
0.013513472
0.014469572
0.013513472
0.014469572
