0.00900987
0.00900987
0.00900987
0.00900987
0.00900988
0.00900988
0.00900988
0.00900988
0.204528
0.547247
0.407104
0.407192
0.229126
0.407104
0.224271
0.229127
-0.0217394
0.0964727
0.382456
0.407105
0.182974
0.229126
0.183673
0.224271
-0.107918
-0.0217394
0.099394
0.388153
0.190025
0.407192
0.229126
0.190025
-0.101172
0.229127
-0.0217394
-0.00198586
0.132976
0.190025
0.182974
0.229126
-0.226113
-0.101172
-0.107918
-0.0217394
0.0964727
0.382456
0.183673
0.182974
-0.107918
0.407104
0.224271
0.229127
-0.0217394
-0.00338426
0.134374
0.183673
-0.228808
-0.107918
0.183673
0.224271
-0.107918
-0.0217394
-0.00198583
0.132976
-0.226113
0.182974
-0.107918
0.190025
-0.101172
0.229127
-0.0217394
-0.11525
-0.583062
-0.226113
-0.228808
-0.107918
-0.226113
-0.101172
-0.107918
-0.0217394
0.204527
0
0.099394
0
0.0964727
0
-0.00198584
0
0.204527
0.0964727
0
0
0.0964727
-0.00338426
0
0
0.204527
0
0
0
0.0964727
0
0
0
0.204528
0.0964727
0.099394
-0.00198584
0
0
0
0
0.204528
0
0.099394
0
0
0
0
0
0.204528
0.0964727
0
0
0
0
0
0
0.204528
0
0
0
0
0
0
0
0.547247
0
0.407192
0
0.407104
0
0.229126
0
0
0
0
0
0
0
0
0
0.388153
0
0.407192
0
0.190025
0
0.229126
0
0
0
0
0
0
0
0
0
0.382456
0
0.182974
0
0.407104
0
0.229127
0
0
0
0
0
0
0
0
0
0.132976
0
0.182974
0
0.190025
0
0.229127
0
0
0
0
0
0
0
0
0
0.547247
0.407105
0
0
0.407104
0.224271
0
0
0.382456
0.407105
0
0
0.183673
0.224271
0
0
0
0
0
0
0
0
0
0
0
0
0
0
0
0
0
0
0.382456
0.183673
0
0
0.407104
0.224271
0
0
0.134374
0.183673
0
0
0.183673
0.224271
0
0
0
0
0
0
0
0
0
0
0
0
0
0
0
0
0
0
0.547247
0
0
0
0.407105
0
0
0
0
0
0
0
0
0
0
0
0
0
0
0
0
0
0
0
0
0
0
0
0
0
0
0
0.382456
0
0
0
0.407104
0
0
0
0
0
0
0
0
0
0
0
0
0
0
0
0
0
0
0
0
0
0
0
0
0
0
0
0.547247
0.407104
0.407192
0.229127
0
0
0
0
0.382456
0.407104
0.182974
0.229127
0
0
0
0
0.388153
0.190025
0.407192
0.229127
0
0
0
0
0.132976
0.190025
0.182974
0.229127
0
0
0
0
0
0
0
0
0
0
0
0
0
0
0
0
0
0
0
0
0
0
0
0
0
0
0
0
0
0
0
0
0
0
0
0
0.547247
0
0.407192
0
0
0
0
0
0
0
0
0
0
0
0
0
0.388153
0
0.407192
0
0
0
0
0
0
0
0
0
0
0
0
0
0
0
0
0
0
0
0
0
0
0
0
0
0
0
0
0
0
0
0
0
0
0
0
0
0
0
0
0
0
0
0
0
0.547247
0.407104
0
0
0
0
0
0
0.382456
0.407104
0
0
0
0
0
0
0
0
0
0
0
0
0
0
0
0
0
0
0
0
0
0
0
0
0
0
0
0
0
0
0
0
0
0
0
0
0
0
0
0
0
0
0
0
0
0
0
0
0
0
0
0
0
0
0.547247
0
0
0
0
0
0
0
0
0
0
0
0
0
0
0
0
0
0
0
0
0
0
0
0
0
0
0
0
0
0
0
0
0
0
0
0
0
0
0
0
0
0
0
0
0
0
0
0
0
0
0
0
0
0
0
0
0
0
0
0
0
0
0
