0.760784
0.566614
0.568162
0.337738
0.566614
0.331803
0.337739
0.0340532
0.566614
0.487939
0.337738
0.239228
0.331803
0.239227
0.0340532
-0.104945
0.568162
0.337738
0.496557
0.247739
0.337739
0.0340532
0.247739
-0.0971195
0.337738
0.239228
0.247739
0.14
0.0340532
-0.104945
-0.0971195
-0.275721
0.566614
0.331803
0.337739
0.0340532
0.487939
0.239228
0.239228
-0.104945
0.331803
0.239227
0.0340532
-0.104945
0.239228
0.14
-0.104945
-0.279115
0.337739
0.0340532
0.247739
-0.0971195
0.239228
-0.104945
0.14
-0.275721
0.0340532
-0.104945
-0.0971195
-0.275721
-0.104945
-0.279115
-0.275721
-0.689302
0.487939
0.566614
0.239228
0.337738
0.239227
0.331803
-0.104945
0.0340531
0.566614
0.760784
0.337738
0.568162
0.331803
0.566614
0.0340531
0.337738
0.239228
0.337738
0.14
0.247739
-0.104945
0.0340531
-0.275721
-0.0971195
0.337738
0.568162
0.247739
0.496557
0.0340531
0.337738
-0.0971195
0.247739
0.239227
0.331803
-0.104945
0.0340531
0.14
0.239228
-0.279115
-0.104945
0.331803
0.566614
0.0340531
0.337738
0.239228
0.487939
-0.104945
0.239228
-0.104945
0.0340531
-0.275721
-0.0971195
-0.279115
-0.104945
-0.689302
-0.275721
0.0340531
0.337738
-0.0971195
0.247739
-0.104945
0.239228
-0.275721
0.14
0.496557
0.247739
0.568162
0.337738
0.247739
-0.0971195
0.337739
0.0340532
0.247739
0.14
0.337738
0.239228
-0.0971195
-0.275721
0.0340532
-0.104945
0.568162
0.337738
0.760784
0.566614
0.337739
0.0340532
0.566614
0.331803
0.337738
0.239228
0.566614
0.487939
0.0340532
-0.104945
0.331803
0.239227
0.247739
-0.0971195
0.337739
0.0340532
0.14
-0.275721
0.239228
-0.104945
-0.0971195
-0.275721
0.0340532
-0.104945
-0.275721
-0.689302
-0.104945
-0.279115
0.337739
0.0340532
0.566614
0.331803
0.239228
-0.104945
0.487939
0.239228
0.0340532
-0.104945
0.331803
0.239227
-0.104945
-0.279115
0.239228
0.14
0.14
0.247739
0.239228
0.337738
-0.275721
-0.0971195
-0.104945
0.0340531
0.247739
0.496557
0.337738
0.568162
-0.0971195
0.247739
0.0340531
0.337738
0.239228
0.337738
0.487939
0.566614
-0.104945
0.0340531
0.239227
0.331803
0.337738
0.568162
0.566614
0.760784
0.0340531
0.337738
0.331803
0.566614
-0.275721
-0.0971195
-0.104945
0.0340531
-0.689302
-0.275721
-0.279115
-0.104945
-0.0971195
0.247739
0.0340531
0.337738
-0.275721
0.14
-0.104945
0.239228
-0.104945
0.0340531
0.239227
0.331803
-0.279115
-0.104945
0.14
0.239228
0.0340531
0.337738
0.331803
0.566614
-0.104945
0.239228
0.239228
0.487939
0.487939
0.239228
0.239228
-0.104945
0.566614
0.331803
0.337739
0.0340532
0.239228
0.14
-0.104945
-0.279115
0.331803
0.239228
0.0340532
-0.104945
0.239228
-0.104945
0.14
-0.275721
0.337739
0.0340532
0.247739
-0.0971195
-0.104945
-0.279115
-0.275721
-0.689302
0.0340532
-0.104945
-0.0971195
-0.275721
0.566614
0.331803
0.337739
0.0340532
0.760784
0.566614
0.568162
0.337739
0.331803
0.239228
0.0340532
-0.104945
0.566614
0.487939
0.337739
0.239228
0.337739
0.0340532
0.247739
-0.0971195
0.568162
0.337739
0.496557
0.247739
0.0340532
-0.104945
-0.0971195
-0.275721
0.337739
0.239228
0.247739
0.14
0.14
0.239228
-0.279115
-0.104945
0.239228
0.331803
-0.104945
0.0340532
0.239228
0.487939
-0.104945
0.239228
0.331803
0.566614
0.0340532
0.337739
-0.279115
-0.104945
-0.689302
-0.275721
-0.104945
0.0340532
-0.275721
-0.0971195
-0.104945
0.239228
-0.275721
0.14
0.0340532
0.337739
-0.0971195
0.247739
0.239228
0.331803
-0.104945
0.0340532
0.487939
0.566614
0.239228
0.337739
0.331803
0.566614
0.0340532
0.337739
0.566614
0.760784
0.337739
0.568162
-0.104945
0.0340532
-0.275721
-0.0971195
0.239228
0.337739
0.14
0.247739
0.0340532
0.337739
-0.0971195
0.247739
0.337739
0.568162
0.247739
0.496557
0.14
-0.275721
0.239228
-0.104945
0.247739
-0.0971195
0.337739
0.0340532
-0.275721
-0.689302
-0.104945
-0.279115
-0.0971195
-0.275721
0.0340532
-0.104945
0.239228
-0.104945
0.487939
0.239228
0.337739
0.0340532
0.566614
0.331803
-0.104945
-0.279115
0.239228
0.14
0.0340532
-0.104945
0.331803
0.239228
0.247739
-0.0971195
0.337739
0.0340532
0.496557
0.247739
0.568162
0.337739
-0.0971195
-0.275721
0.0340532
-0.104945
0.247739
0.14
0.337739
0.239228
0.337739
0.0340532
0.566614
0.331803
0.568162
0.337739
0.760784
0.566614
0.0340532
-0.104945
0.331803
0.239228
0.337739
0.239228
0.566614
0.487939
-0.689302
-0.275721
-0.279115
-0.104945
-0.275721
-0.0971195
-0.104945
0.0340532
-0.275721
0.14
-0.104945
0.239228
-0.0971195
0.247739
0.0340532
0.337739
-0.279115
-0.104945
0.14
0.239228
-0.104945
0.0340532
0.239228
0.331803
-0.104945
0.239228
0.239228
0.487939
0.0340532
0.337739
0.331803
0.566614
-0.275721
-0.0971195
-0.104945
0.0340532
0.14
0.247739
0.239228
0.337739
-0.0971195
0.247739
0.0340532
0.337739
0.247739
0.496557
0.337739
0.568162
-0.104945
0.0340532
0.239228
0.331803
0.239228
0.337739
0.487939
0.566614
0.0340532
0.337739
0.331803
0.566614
0.337739
0.568162
0.566614
0.760784
